公开时间,类别,省份,城市,新增确诊病例,新增治愈出院数,新增死亡数,核减,治愈核减,死亡核减,累计确诊人数,累计治愈人数,累计死亡人数
1月10日,省级,安徽,,,,,,,,,,
1月10日,省级,澳门,,,,,,,,,,
1月10日,省级,福建,,,,,,,,,,
1月10日,省级,甘肃,,,,,,,,,,
1月10日,省级,广西,,,,,,,,,,
1月10日,省级,贵州,,,,,,,,,,
1月10日,省级,海南,,,,,,,,,,
1月10日,省级,河北,,,,,,,,,,
1月10日,省级,黑龙江,,,,,,,,,,
1月10日,地区级,湖北,武汉,41.0,2.0,1.0,,,,,,
1月10日,省级,湖北,,41.0,2.0,1.0,,,,,2.0,1.0
1月10日,省级,湖南,,,,,,,,,,
1月10日,省级,吉林,,,,,,,,,,
1月10日,省级,江苏,,,,,,,,,,
1月10日,省级,江西,,,,,,,,,,
1月10日,省级,辽宁,,,,,,,,,,
1月10日,省级,内蒙古,,,,,,,,,,
1月10日,省级,宁夏,,,,,,,,,,
1月10日,省级,青海,,,,,,,,,,
1月10日,省级,山东,,,,,,,,,,
1月10日,省级,山西,,,,,,,,,,
1月10日,省级,陕西,,,,,,,,,,
1月10日,省级,上海,,,,,,,,,,
1月10日,省级,四川,,,,,,,,,,
1月10日,省级,台湾,,,,,,,,,,
1月10日,省级,天津,,,,,,,,,,
1月10日,省级,西藏,,,,,,,,,,
1月10日,省级,香港,,,,,,,,,,
1月10日,省级,新疆,,,,,,,,,,
1月10日,省级,云南,,,,,,,,,,
1月10日,省级,浙江,,,,,,,,,,
1月10日,省级,重庆,,,,,,,,,,
1月10日,国家级,,,41.0,2.0,1.0,,,,,,
1月10日,省级,北京,,,,,,,,,,
1月10日,省级,河南,,,,,,,,,,
1月10日,省级,广东,,,,,,,,,,
1月11日,省级,安徽,,,,,,,,,,
1月11日,省级,澳门,,,,,,,,,,
1月11日,省级,福建,,,,,,,,,,
1月11日,省级,甘肃,,,,,,,,,,
1月11日,省级,广西,,,,,,,,,,
1月11日,省级,贵州,,,,,,,,,,
1月11日,省级,海南,,,,,,,,,,
1月11日,省级,河北,,,,,,,,,,
1月11日,省级,黑龙江,,,,,,,,,,
1月11日,地区级,湖北,武汉,,4.0,,,,,,,
1月11日,省级,湖北,,,4.0,,,,,,6.0,1.0
1月11日,省级,湖南,,,,,,,,,,
1月11日,省级,吉林,,,,,,,,,,
1月11日,省级,江苏,,,,,,,,,,
1月11日,省级,江西,,,,,,,,,,
1月11日,省级,辽宁,,,,,,,,,,
1月11日,省级,内蒙古,,,,,,,,,,
1月11日,省级,宁夏,,,,,,,,,,
1月11日,省级,青海,,,,,,,,,,
1月11日,省级,山东,,,,,,,,,,
1月11日,省级,山西,,,,,,,,,,
1月11日,省级,陕西,,,,,,,,,,
1月11日,省级,上海,,,,,,,,,,
1月11日,省级,四川,,,,,,,,,,
1月11日,省级,台湾,,,,,,,,,,
1月11日,省级,天津,,,,,,,,,,
1月11日,省级,西藏,,,,,,,,,,
1月11日,省级,香港,,,,,,,,,,
1月11日,省级,新疆,,,,,,,,,,
1月11日,省级,云南,,,,,,,,,,
1月11日,省级,浙江,,,,,,,,,,
1月11日,省级,重庆,,,,,,,,,,
1月11日,国家级,,,,4.0,,,,,,,
1月11日,省级,北京,,,,,,,,,,
1月11日,省级,河南,,,,,,,,,,
1月11日,省级,广东,,,,,,,,,,
1月12日,省级,安徽,,,,,,,,,,
1月12日,省级,澳门,,,,,,,,,,
1月12日,省级,福建,,,,,,,,,,
1月12日,省级,甘肃,,,,,,,,,,
1月12日,省级,广西,,,,,,,,,,
1月12日,省级,贵州,,,,,,,,,,
1月12日,省级,海南,,,,,,,,,,
1月12日,省级,河北,,,,,,,,,,
1月12日,省级,黑龙江,,,,,,,,,,
1月12日,地区级,湖北,武汉,,1.0,,,,,,,
1月12日,省级,湖北,,,1.0,,,,,,7.0,1.0
1月12日,省级,湖南,,,,,,,,,,
1月12日,省级,吉林,,,,,,,,,,
1月12日,省级,江苏,,,,,,,,,,
1月12日,省级,江西,,,,,,,,,,
1月12日,省级,辽宁,,,,,,,,,,
1月12日,省级,内蒙古,,,,,,,,,,
1月12日,省级,宁夏,,,,,,,,,,
1月12日,省级,青海,,,,,,,,,,
1月12日,省级,山东,,,,,,,,,,
1月12日,省级,山西,,,,,,,,,,
1月12日,省级,陕西,,,,,,,,,,
1月12日,省级,上海,,,,,,,,,,
1月12日,省级,四川,,,,,,,,,,
1月12日,省级,台湾,,,,,,,,,,
1月12日,省级,天津,,,,,,,,,,
1月12日,省级,西藏,,,,,,,,,,
1月12日,省级,香港,,,,,,,,,,
1月12日,省级,新疆,,,,,,,,,,
1月12日,省级,云南,,,,,,,,,,
1月12日,省级,浙江,,,,,,,,,,
1月12日,省级,重庆,,,,,,,,,,
1月12日,国家级,,,,1.0,,,,,,,
1月12日,省级,北京,,,,,,,,,,
1月12日,省级,河南,,,,,,,,,,
1月12日,省级,广东,,,,,,,,,,
1月13日,省级,安徽,,,,,,,,,,
1月13日,省级,澳门,,,,,,,,,,
1月13日,省级,福建,,,,,,,,,,
1月13日,省级,甘肃,,,,,,,,,,
1月13日,省级,广西,,,,,,,,,,
1月13日,省级,贵州,,,,,,,,,,
1月13日,省级,海南,,,,,,,,,,
1月13日,省级,河北,,,,,,,,,,
1月13日,省级,黑龙江,,,,,,,,,,
1月13日,地区级,湖北,武汉,,,,,,,,,
1月13日,省级,湖北,,,,,,,,,,
1月13日,省级,湖南,,,,,,,,,,
1月13日,省级,吉林,,,,,,,,,,
1月13日,省级,江苏,,,,,,,,,,
1月13日,省级,江西,,,,,,,,,,
1月13日,省级,辽宁,,,,,,,,,,
1月13日,省级,内蒙古,,,,,,,,,,
1月13日,省级,宁夏,,,,,,,,,,
1月13日,省级,青海,,,,,,,,,,
1月13日,省级,山东,,,,,,,,,,
1月13日,省级,山西,,,,,,,,,,
1月13日,省级,陕西,,,,,,,,,,
1月13日,省级,上海,,,,,,,,,,
1月13日,省级,四川,,,,,,,,,,
1月13日,省级,台湾,,,,,,,,,,
1月13日,省级,天津,,,,,,,,,,
1月13日,省级,西藏,,,,,,,,,,
1月13日,省级,香港,,,,,,,,,,
1月13日,省级,新疆,,,,,,,,,,
1月13日,省级,云南,,,,,,,,,,
1月13日,省级,浙江,,,,,,,,,,
1月13日,省级,重庆,,,,,,,,,,
1月13日,国家级,,,,,,,,,,,
1月13日,省级,北京,,,,,,,,,,
1月13日,省级,河南,,,,,,,,,,
1月13日,省级,广东,,,,,,,,,,
1月14日,省级,安徽,,,,,,,,,,
1月14日,省级,澳门,,,,,,,,,,
1月14日,省级,福建,,,,,,,,,,
1月14日,省级,甘肃,,,,,,,,,,
1月14日,省级,广西,,,,,,,,,,
1月14日,省级,贵州,,,,,,,,,,
1月14日,省级,海南,,,,,,,,,,
1月14日,省级,河北,,,,,,,,,,
1月14日,省级,黑龙江,,,,,,,,,,
1月14日,地区级,湖北,武汉,,,,,,,,,
1月14日,省级,湖北,,,,,,,,,,
1月14日,省级,湖南,,,,,,,,,,
1月14日,省级,吉林,,,,,,,,,,
1月14日,省级,江苏,,,,,,,,,,
1月14日,省级,江西,,,,,,,,,,
1月14日,省级,辽宁,,,,,,,,,,
1月14日,省级,内蒙古,,,,,,,,,,
1月14日,省级,宁夏,,,,,,,,,,
1月14日,省级,青海,,,,,,,,,,
1月14日,省级,山东,,,,,,,,,,
1月14日,省级,山西,,,,,,,,,,
1月14日,省级,陕西,,,,,,,,,,
1月14日,省级,上海,,,,,,,,,,
1月14日,省级,四川,,,,,,,,,,
1月14日,省级,台湾,,,,,,,,,,
1月14日,省级,天津,,,,,,,,,,
1月14日,省级,西藏,,,,,,,,,,
1月14日,省级,香港,,,,,,,,,,
1月14日,省级,新疆,,,,,,,,,,
1月14日,省级,云南,,,,,,,,,,
1月14日,省级,浙江,,,,,,,,,,
1月14日,省级,重庆,,,,,,,,,,
1月14日,国家级,,,,,,,,,,,
1月14日,省级,北京,,,,,,,,,,
1月14日,省级,河南,,,,,,,,,,
1月14日,省级,广东,,,,,,,,,,
1月15日,省级,安徽,,,,,,,,,,
1月15日,省级,澳门,,,,,,,,,,
1月15日,省级,福建,,,,,,,,,,
1月15日,省级,甘肃,,,,,,,,,,
1月15日,省级,广西,,,,,,,,,,
1月15日,省级,贵州,,,,,,,,,,
1月15日,省级,海南,,,,,,,,,,
1月15日,省级,河北,,,,,,,,,,
1月15日,省级,黑龙江,,,,,,,,,,
1月15日,地区级,湖北,武汉,,5.0,1.0,,,,,,
1月15日,省级,湖北,,,5.0,1.0,,,,,12.0,2.0
1月15日,省级,湖南,,,,,,,,,,
1月15日,省级,吉林,,,,,,,,,,
1月15日,省级,江苏,,,,,,,,,,
1月15日,省级,江西,,,,,,,,,,
1月15日,省级,辽宁,,,,,,,,,,
1月15日,省级,内蒙古,,,,,,,,,,
1月15日,省级,宁夏,,,,,,,,,,
1月15日,省级,青海,,,,,,,,,,
1月15日,省级,山东,,,,,,,,,,
1月15日,省级,山西,,,,,,,,,,
1月15日,省级,陕西,,,,,,,,,,
1月15日,省级,上海,,,,,,,,,,
1月15日,省级,四川,,,,,,,,,,
1月15日,省级,台湾,,,,,,,,,,
1月15日,省级,天津,,,,,,,,,,
1月15日,省级,西藏,,,,,,,,,,
1月15日,省级,香港,,,,,,,,,,
1月15日,省级,新疆,,,,,,,,,,
1月15日,省级,云南,,,,,,,,,,
1月15日,省级,浙江,,,,,,,,,,
1月15日,省级,重庆,,,,,,,,,,
1月15日,国家级,,,,5.0,1.0,,,,,,
1月15日,省级,北京,,,,,,,,,,
1月15日,省级,河南,,,,,,,,,,
1月15日,省级,广东,,,,,,,,,,
1月16日,省级,安徽,,,,,,,,,,
1月16日,省级,澳门,,,,,,,,,,
1月16日,省级,福建,,,,,,,,,,
1月16日,省级,甘肃,,,,,,,,,,
1月16日,省级,广西,,,,,,,,,,
1月16日,省级,贵州,,,,,,,,,,
1月16日,省级,海南,,,,,,,,,,
1月16日,省级,河北,,,,,,,,,,
1月16日,省级,黑龙江,,,,,,,,,,
1月16日,地区级,湖北,武汉,4.0,3.0,,,,,,,
1月16日,省级,湖北,,4.0,3.0,,,,,,15.0,2.0
1月16日,省级,湖南,,,,,,,,,,
1月16日,省级,吉林,,,,,,,,,,
1月16日,省级,江苏,,,,,,,,,,
1月16日,省级,江西,,,,,,,,,,
1月16日,省级,辽宁,,,,,,,,,,
1月16日,省级,内蒙古,,,,,,,,,,
1月16日,省级,宁夏,,,,,,,,,,
1月16日,省级,青海,,,,,,,,,,
1月16日,省级,山东,,,,,,,,,,
1月16日,省级,山西,,,,,,,,,,
1月16日,省级,陕西,,,,,,,,,,
1月16日,省级,上海,,,,,,,,,,
1月16日,省级,四川,,,,,,,,,,
1月16日,省级,台湾,,,,,,,,,,
1月16日,省级,天津,,,,,,,,,,
1月16日,省级,西藏,,,,,,,,,,
1月16日,省级,香港,,,,,,,,,,
1月16日,省级,新疆,,,,,,,,,,
1月16日,省级,云南,,,,,,,,,,
1月16日,省级,浙江,,,,,,,,,,
1月16日,省级,重庆,,,,,,,,,,
1月16日,国家级,,,4.0,3.0,,,,,,,
1月16日,省级,北京,,,,,,,,,,
1月16日,省级,河南,,,,,,,,,,
1月16日,省级,广东,,,,,,,,,,
1月17日,省级,安徽,,,,,,,,,,
1月17日,省级,澳门,,,,,,,,,,
1月17日,省级,福建,,,,,,,,,,
1月17日,省级,甘肃,,,,,,,,,,
1月17日,省级,广西,,,,,,,,,,
1月17日,省级,贵州,,,,,,,,,,
1月17日,省级,海南,,,,,,,,,,
1月17日,省级,河北,,,,,,,,,,
1月17日,省级,黑龙江,,,,,,,,,,
1月17日,地区级,湖北,武汉,17.0,4.0,,,,,,,
1月17日,省级,湖北,,17.0,4.0,,,,,,19.0,2.0
1月17日,省级,湖南,,,,,,,,,,
1月17日,省级,吉林,,,,,,,,,,
1月17日,省级,江苏,,,,,,,,,,
1月17日,省级,江西,,,,,,,,,,
1月17日,省级,辽宁,,,,,,,,,,
1月17日,省级,内蒙古,,,,,,,,,,
1月17日,省级,宁夏,,,,,,,,,,
1月17日,省级,青海,,,,,,,,,,
1月17日,省级,山东,,,,,,,,,,
1月17日,省级,山西,,,,,,,,,,
1月17日,省级,陕西,,,,,,,,,,
1月17日,省级,上海,,,,,,,,,,
1月17日,省级,四川,,,,,,,,,,
1月17日,省级,台湾,,,,,,,,,,
1月17日,省级,天津,,,,,,,,,,
1月17日,省级,西藏,,,,,,,,,,
1月17日,省级,香港,,,,,,,,,,
1月17日,省级,新疆,,,,,,,,,,
1月17日,省级,云南,,,,,,,,,,
1月17日,省级,浙江,,,,,,,,,,
1月17日,省级,重庆,,,,,,,,,,
1月17日,国家级,,,17.0,4.0,,,,,,,
1月17日,省级,北京,,,,,,,,,,
1月17日,省级,河南,,,,,,,,,,
1月17日,省级,广东,,,,,,,,,,
1月18日,省级,安徽,,,,,,,,,,
1月18日,省级,澳门,,,,,,,,,,
1月18日,省级,福建,,,,,,,,,,
1月18日,省级,甘肃,,,,,,,,,,
1月18日,省级,广西,,,,,,,,,,
1月18日,省级,贵州,,,,,,,,,,
1月18日,省级,海南,,,,,,,,,,
1月18日,省级,河北,,,,,,,,,,
1月18日,省级,黑龙江,,,,,,,,,,
1月18日,地区级,湖北,武汉,59.0,5.0,1.0,,,,,,
1月18日,省级,湖北,,59.0,5.0,1.0,,,,,24.0,3.0
1月18日,省级,湖南,,,,,,,,,,
1月18日,省级,吉林,,,,,,,,,,
1月18日,省级,江苏,,,,,,,,,,
1月18日,省级,江西,,,,,,,,,,
1月18日,省级,辽宁,,,,,,,,,,
1月18日,省级,内蒙古,,,,,,,,,,
1月18日,省级,宁夏,,,,,,,,,,
1月18日,省级,青海,,,,,,,,,,
1月18日,省级,山东,,,,,,,,,,
1月18日,省级,山西,,,,,,,,,,
1月18日,省级,陕西,,,,,,,,,,
1月18日,省级,上海,,,,,,,,,,
1月18日,省级,四川,,,,,,,,,,
1月18日,省级,台湾,,,,,,,,,,
1月18日,省级,天津,,,,,,,,,,
1月18日,省级,西藏,,,,,,,,,,
1月18日,省级,香港,,,,,,,,,,
1月18日,省级,新疆,,,,,,,,,,
1月18日,省级,云南,,,,,,,,,,
1月18日,省级,浙江,,,,,,,,,,
1月18日,省级,重庆,,,,,,,,,,
1月18日,国家级,,,59.0,5.0,1.0,,,,,,
1月18日,省级,北京,,,,,,,,,,
1月18日,省级,河南,,,,,,,,,,
1月18日,省级,广东,,,,,,,,,,
1月19日,省级,安徽,,,,,,,,,,
1月19日,省级,澳门,,,,,,,,,,
1月19日,省级,福建,,,,,,,,,,
1月19日,省级,甘肃,,,,,,,,,,
1月19日,省级,广西,,,,,,,,,,
1月19日,省级,贵州,,,,,,,,,,
1月19日,省级,海南,,,,,,,,,,
1月19日,省级,河北,,,,,,,,,,
1月19日,省级,黑龙江,,,,,,,,,,
1月19日,地区级,湖北,武汉,77.0,1.0,1.0,,,,,,
1月19日,省级,湖北,,77.0,1.0,1.0,,,,,25.0,4.0
1月19日,省级,湖南,,,,,,,,,,
1月19日,省级,吉林,,,,,,,,,,
1月19日,省级,江苏,,,,,,,,,,
1月19日,省级,江西,,,,,,,,,,
1月19日,省级,辽宁,,,,,,,,,,
1月19日,省级,内蒙古,,,,,,,,,,
1月19日,省级,宁夏,,,,,,,,,,
1月19日,省级,青海,,,,,,,,,,
1月19日,省级,山东,,,,,,,,,,
1月19日,省级,山西,,,,,,,,,,
1月19日,省级,陕西,,,,,,,,,,
1月19日,地区级,上海,地区待确认,,,,,,,,,
1月19日,省级,上海,,,,,,,,,,
1月19日,地区级,四川,成都,,,,,,,,,
1月19日,省级,四川,,,,,,,,,,
1月19日,省级,台湾,,,,,,,,,,
1月19日,省级,天津,,,,,,,,,,
1月19日,省级,西藏,,,,,,,,,,
1月19日,省级,香港,,,,,,,,,,
1月19日,省级,新疆,,,,,,,,,,
1月19日,省级,云南,,,,,,,,,,
1月19日,省级,浙江,,,,,,,,,,
1月19日,省级,重庆,,,,,,,,,,
1月19日,国家级,,,77.0,1.0,,,,,,,
1月19日,地区级,北京,大兴,2.0,,,,,,,,
1月19日,省级,北京,,2.0,,,,,,,,
1月19日,省级,河南,,,,,,,,,,
1月19日,地区级,广东,深圳,1.0,,,,,,,,
1月19日,省级,广东,,1.0,,,,,,,,
1月20日,省级,安徽,,,,,,,,,,
1月20日,省级,澳门,,,,,,,,,,
1月20日,省级,福建,,,,,,,,,,
1月20日,省级,甘肃,,,,,,,,,,
1月20日,省级,广西,,,,,,,,,,
1月20日,省级,贵州,,,,,,,,,,
1月20日,省级,海南,,,,,,,,,,
1月20日,省级,河北,,,,,,,,,,
1月20日,地区级,黑龙江,牡丹江,,,,,,,,,
1月20日,省级,黑龙江,,,,,,,,,,
1月20日,地区级,湖北,黄冈,12.0,,,,,,,,
1月20日,地区级,湖北,武汉,60.0,,2.0,,,,,,
1月20日,省级,湖北,,72.0,,2.0,,,,,25.0,6.0
1月20日,省级,湖南,,,,,,,,,,
1月20日,省级,吉林,,,,,,,,,,
1月20日,省级,江苏,,,,,,,,,,
1月20日,省级,江西,,,,,,,,,,
1月20日,省级,辽宁,,,,,,,,,,
1月20日,省级,内蒙古,,,,,,,,,,
1月20日,省级,宁夏,,,,,,,,,,
1月20日,省级,青海,,,,,,,,,,
1月20日,省级,山东,,,,,,,,,,
1月20日,省级,山西,,,,,,,,,,
1月20日,省级,陕西,,,,,,,,,,
1月20日,地区级,上海,地区待确认,1.0,,,,,,,,
1月20日,地区级,上海,外地来沪,1.0,,,,,,,,
1月20日,省级,上海,,2.0,,,,,,,,
1月20日,地区级,四川,成都,,,,,,,,,
1月20日,省级,四川,,,,,,,,,,
1月20日,省级,台湾,,,,,,,,,,
1月20日,省级,天津,,,,,,,,,,
1月20日,省级,西藏,,,,,,,,,,
1月20日,地区级,香港,香港,,,,,,,,,
1月20日,省级,香港,,,,,,,,,,
1月20日,省级,新疆,,,,,,,,,,
1月20日,省级,云南,,,,,,,,,,
1月20日,地区级,浙江,杭州,1.0,,,,,,,,
1月20日,地区级,浙江,台州,1.0,,,,,,,,
1月20日,地区级,浙江,温州,2.0,,,,,,,,
1月20日,地区级,浙江,舟山,1.0,,,,,,,,
1月20日,省级,浙江,,5.0,,,,,,,,
1月20日,省级,重庆,,,,,,,,,,
1月20日,国家级,,,93.0,,,,,,,,
1月20日,地区级,北京,昌平,2.0,,,,,,,,
1月20日,地区级,北京,外地来京,1.0,,,,,,,,
1月20日,省级,北京,,3.0,,,,,,,,
1月20日,省级,河南,,,,,,,,,,
1月20日,地区级,广东,惠州,1.0,,,,,,,,
1月20日,地区级,广东,深圳,8.0,,,,,,,,
1月20日,地区级,广东,湛江,1.0,,,,,,,,
1月20日,地区级,广东,珠海,3.0,,,,,,,,
1月20日,省级,广东,,13.0,,,,,,,,
1月21日,地区级,安徽,合肥,1.0,,,,,,,,
1月21日,省级,安徽,,1.0,,,,,,,,
1月21日,地区级,澳门,澳门,,,,,,,,,
1月21日,省级,澳门,,,,,,,,,,
1月21日,省级,福建,,,,,,,,,,
1月21日,省级,甘肃,,,,,,,,,,
1月21日,省级,广西,,,,,,,,,,
1月21日,省级,贵州,,,,,,,,,,
1月21日,省级,海南,,,,,,,,,,
1月21日,省级,河北,,,,,,,,,,
1月21日,省级,黑龙江,,,,,,,,,,
1月21日,地区级,湖北,武汉,105.0,3.0,3.0,,,,,,
1月21日,省级,湖北,,105.0,3.0,3.0,,,,,28.0,9.0
1月21日,地区级,湖南,长沙,1.0,,,,,,,,
1月21日,省级,湖南,,1.0,,,,,,,,
1月21日,省级,吉林,,,,,,,,,,
1月21日,地区级,江苏,扬州,,,,,,,,,
1月21日,省级,江苏,,,,,,,,,,
1月21日,地区级,江西,抚州,1.0,,,,,,,,
1月21日,地区级,江西,萍乡,1.0,,,,,,,,
1月21日,省级,江西,,2.0,,,,,,,,
1月21日,地区级,辽宁,沈阳,,,,,,,,,
1月21日,省级,辽宁,,,,,,,,,,
1月21日,省级,内蒙古,,,,,,,,,,
1月21日,地区级,宁夏,银川,1.0,,,,,,,,
1月21日,省级,宁夏,,1.0,,,,,,,,
1月21日,省级,青海,,,,,,,,,,
1月21日,地区级,山东,青岛,1.0,,,,,,,,
1月21日,地区级,山东,威海,1.0,,,,,,,,
1月21日,省级,山东,,2.0,,,,,,,,
1月21日,省级,山西,,,,,,,,,,
1月21日,省级,陕西,,,,,,,,,,
1月21日,地区级,上海,地区待确认,7.0,,,,,,,,
1月21日,省级,上海,,7.0,,,,,,,,
1月21日,地区级,四川,成都,1.0,,,,,,,,
1月21日,地区级,四川,广安,1.0,,,,,,,,
1月21日,省级,四川,,2.0,,,,,,,,
1月21日,地区级,台湾,台湾,1.0,,,,,,,,
1月21日,省级,台湾,,1.0,,,,,,,,
1月21日,地区级,天津,西青区,1.0,,,,,,,,
1月21日,地区级,天津,河东区,1.0,,,,,,,,
1月21日,省级,天津,,2.0,,,,,,,,
1月21日,省级,西藏,,,,,,,,,,
1月21日,地区级,香港,香港,,,,,,,,,
1月21日,省级,香港,,,,,,,,,,
1月21日,省级,新疆,,,,,,,,,,
1月21日,地区级,云南,昆明,1.0,,,,,,,,
1月21日,省级,云南,,1.0,,,,,,,,
1月21日,地区级,浙江,宁波,3.0,,,,,,,,
1月21日,地区级,浙江,温州,2.0,,,,,,,,
1月21日,省级,浙江,,5.0,,,,,,,,
1月21日,地区级,重庆,垫江县,1.0,,,,,,,,
1月21日,地区级,重庆,万州区,2.0,,,,,,,,
1月21日,地区级,重庆,巫山县,2.0,,,,,,,,
1月21日,地区级,重庆,长寿区,1.0,,,,,,,,
1月21日,省级,重庆,,6.0,,,,,,,,
1月21日,国家级,,,149.0,,,,,,,,
1月21日,地区级,北京,丰台,1.0,,,,,,,,
1月21日,地区级,北京,海淀,2.0,,,,,,,,
1月21日,地区级,北京,通州,1.0,,,,,,,,
1月21日,地区级,北京,西城,1.0,,,,,,,,
1月21日,省级,北京,,5.0,,,,,,,,
1月21日,地区级,河南,郑州,1.0,,,,,,,,
1月21日,省级,河南,,1.0,,,,,,,,
1月21日,地区级,广东,佛山,1.0,,,,,,,,
1月21日,地区级,广东,广州,2.0,,,,,,,,
1月21日,地区级,广东,韶关,2.0,,,,,,,,
1月21日,地区级,广东,深圳,5.0,,,,,,,,
1月21日,地区级,广东,湛江,1.0,,,,,,,,
1月21日,地区级,广东,珠海,1.0,,,,,,,,
1月21日,省级,广东,,12.0,,,,,,,,
1月22日,地区级,安徽,亳州,1.0,,,,,,,,
1月22日,地区级,安徽,滁州,1.0,,,,,,,,
1月22日,地区级,安徽,阜阳,1.0,,,,,,,,
1月22日,地区级,安徽,合肥,4.0,,,,,,,,
1月22日,地区级,安徽,六安,1.0,,,,,,,,
1月22日,省级,安徽,,8.0,,,,,,,,
1月22日,地区级,澳门,澳门,1.0,,,,,,,,
1月22日,省级,澳门,,1.0,,,,,,,,
1月22日,地区级,福建,福州,1.0,,,,,,,,
1月22日,省级,福建,,1.0,,,,,,,,
1月22日,地区级,甘肃,白银,1.0,,,,,,,,
1月22日,地区级,甘肃,兰州,1.0,,,,,,,,
1月22日,省级,甘肃,,2.0,,,,,,,,
1月22日,地区级,广西,北海,3.0,,,,,,,,
1月22日,地区级,广西,柳州,1.0,,,,,,,,
1月22日,地区级,广西,梧州,1.0,,,,,,,,
1月22日,省级,广西,,5.0,,,,,,,,
1月22日,地区级,贵州,贵阳,1.0,,,,,,,,
1月22日,地区级,贵州,黔南州,1.0,,,,,,,,
1月22日,地区级,贵州,铜仁,1.0,,,,,,,,
1月22日,省级,贵州,,3.0,,,,,,,,
1月22日,地区级,海南,海口,1.0,,,,,,,,
1月22日,地区级,海南,临高县,1.0,,,,,,,,
1月22日,地区级,海南,三亚,1.0,,,,,,,,
1月22日,地区级,海南,万宁,1.0,,,,,,,,
1月22日,省级,海南,,4.0,,,,,,,,
1月22日,地区级,河北,石家庄,1.0,,,,,,,,
1月22日,省级,河北,,1.0,,,,,,,,
1月22日,地区级,黑龙江,哈尔滨,1.0,,,,,,,,
1月22日,地区级,黑龙江,牡丹江,1.0,,,,,,,,
1月22日,省级,黑龙江,,2.0,,,,,,,,
1月22日,地区级,湖北,荆门,1.0,,,,,,,,
1月22日,地区级,湖北,荆州,6.0,,,,,,,,
1月22日,地区级,湖北,武汉,62.0,,8.0,,,,,,
1月22日,省级,湖北,,69.0,,8.0,,,,,28.0,17.0
1月22日,地区级,湖南,郴州,1.0,,,,,,,,
1月22日,地区级,湖南,怀化,3.0,,,,,,,,
1月22日,地区级,湖南,永州,1.0,,,,,,,,
1月22日,地区级,湖南,长沙,3.0,,,,,,,,
1月22日,省级,湖南,,8.0,,,,,,,,
1月22日,地区级,吉林,长春,1.0,,,,,,,,
1月22日,省级,吉林,,1.0,,,,,,,,
1月22日,地区级,江苏,苏州,1.0,,,,,,,,
1月22日,省级,江苏,,1.0,,,,,,,,
1月22日,地区级,江西,南昌,1.0,,,,,,,,
1月22日,省级,江西,,1.0,,,,,,,,
1月22日,地区级,辽宁,大连,1.0,,,,,,,,
1月22日,地区级,辽宁,沈阳,1.0,,,,,,,,
1月22日,省级,辽宁,,2.0,,,,,,,,
1月22日,地区级,内蒙古,呼伦贝尔,,,,,,,,,
1月22日,省级,内蒙古,,,,,,,,,,
1月22日,省级,宁夏,,,,,,,,,,
1月22日,省级,青海,,,,,,,,,,
1月22日,地区级,山东,临沂,2.0,,,,,,,,
1月22日,地区级,山东,青岛,2.0,,,,,,,,
1月22日,省级,山东,,4.0,,,,,,,,
1月22日,地区级,山西,太原,1.0,,,,,,,,
1月22日,省级,山西,,1.0,,,,,,,,
1月22日,地区级,陕西,西安,2.0,,,,,,,,
1月22日,地区级,陕西,咸阳,1.0,,,,,,,,
1月22日,省级,陕西,,3.0,,,,,,,,
1月22日,地区级,上海,地区待确认,7.0,,,,,,,,
1月22日,省级,上海,,7.0,,,,,,,,
1月22日,地区级,四川,成都,3.0,,,,,,,,
1月22日,地区级,四川,达州,1.0,,,,,,,,
1月22日,地区级,四川,绵阳,2.0,,,,,,,,
1月22日,省级,四川,,6.0,,,,,,,,
1月22日,地区级,台湾,台湾,,,,,,,,,
1月22日,省级,台湾,,,,,,,,,,
1月22日,地区级,天津,和平区,1.0,,,,,,,,
1月22日,地区级,天津,南开区,1.0,,,,,,,,
1月22日,省级,天津,,2.0,,,,,,,,
1月22日,省级,西藏,,,,,,,,,,
1月22日,地区级,香港,香港,1.0,,,,,,,,
1月22日,省级,香港,,1.0,,,,,,,,
1月22日,地区级,新疆,乌鲁木齐,,,,,,,,,
1月22日,省级,新疆,,,,,,,,,,
1月22日,省级,云南,,,,,,,,,,
1月22日,地区级,浙江,杭州,5.0,,,,,,,,
1月22日,地区级,浙江,金华,1.0,,,,,,,,
1月22日,地区级,浙江,宁波,2.0,,,,,,,,
1月22日,地区级,浙江,衢州,1.0,,,,,,,,
1月22日,地区级,浙江,绍兴,1.0,,,,,,,,
1月22日,地区级,浙江,台州,5.0,,,,,,,,
1月22日,地区级,浙江,温州,,1.0,,,,,,,
1月22日,地区级,浙江,温州,2.0,,,,,,,,
1月22日,省级,浙江,,17.0,1.0,,,,,,1.0,
1月22日,地区级,重庆,涪陵区,1.0,,,,,,,,
1月22日,地区级,重庆,永川区,2.0,,,,,,,,
1月22日,省级,重庆,,3.0,,,,,,,,
1月22日,国家级,,,131.0,,8.0,,,,,,
1月22日,地区级,北京,朝阳,1.0,,,,,,,,
1月22日,地区级,北京,石景山,1.0,,,,,,,,
1月22日,地区级,北京,外地来京,1.0,,,,,,,,
1月22日,地区级,北京,西城,1.0,,,,,,,,
1月22日,省级,北京,,4.0,,,,,,,,
1月22日,地区级,河南,郑州,1.0,,,,,,,,
1月22日,地区级,河南,洛阳,1.0,,,,,,,,
1月22日,地区级,河南,三门峡,1.0,,,,,,,,
1月22日,地区级,河南,郑州,1.0,,,,,,,,
1月22日,省级,河南,,4.0,,,,,,,,
1月22日,地区级,广东,广州,3.0,,,,,,,,
1月22日,地区级,广东,深圳,1.0,,,,,,,,
1月22日,地区级,广东,肇庆,1.0,,,,,,,,
1月22日,地区级,广东,中山,1.0,,,,,,,,
1月22日,省级,广东,,6.0,,,,,,,,
1月23日,地区级,安徽,安庆,1.0,,,,,,,,
1月23日,地区级,安徽,蚌埠,1.0,,,,,,,,
1月23日,地区级,安徽,池州,1.0,,,,,,,,
1月23日,地区级,安徽,阜阳,1.0,,,,,,,,
1月23日,地区级,安徽,合肥,1.0,,,,,,,,
1月23日,地区级,安徽,六安,1.0,,,,,,,,
1月23日,省级,安徽,,6.0,,,,,,,,
1月23日,地区级,澳门,澳门,1.0,,,,,,,,
1月23日,省级,澳门,,1.0,,,,,,,,
1月23日,地区级,福建,福州,1.0,,,,,,,,
1月23日,地区级,福建,宁德,1.0,,,,,,,,
1月23日,地区级,福建,泉州,1.0,,,,,,,,
1月23日,地区级,福建,厦门,1.0,,,,,,,,
1月23日,省级,福建,,4.0,,,,,,,,
1月23日,省级,甘肃,,,,,,,,,,
1月23日,地区级,广西,百色,1.0,,,,,,,,
1月23日,地区级,广西,北海,3.0,,,,,,,,
1月23日,地区级,广西,桂林,2.0,,,,,,,,
1月23日,地区级,广西,河池,1.0,,,,,,,,
1月23日,地区级,广西,柳州,1.0,,,,,,,,
1月23日,省级,广西,,8.0,,,,,,,,
1月23日,省级,贵州,,,,,,,,,,
1月23日,地区级,海南,海口,2.0,,,,,,,,
1月23日,地区级,海南,三亚,1.0,,,,,,,,
1月23日,地区级,海南,万宁,1.0,,,,,,,,
1月23日,省级,海南,,4.0,,,,,,,,
1月23日,地区级,河北,沧州,1.0,,1.0,,,,,,
1月23日,省级,河北,,1.0,,1.0,,,,,,1.0
1月23日,地区级,黑龙江,大庆,1.0,,,,,,,,
1月23日,地区级,黑龙江,绥化,1.0,,1.0,,,,,,
1月23日,省级,黑龙江,,2.0,,1.0,,,,,,1.0
1月23日,地区级,湖北,荆门,7.0,,,,,,,,
1月23日,地区级,湖北,荆州,2.0,,,,,,,,
1月23日,地区级,湖北,十堰,1.0,,,,,,,,
1月23日,地区级,湖北,武汉,70.0,3.0,6.0,,,,,,
1月23日,地区级,湖北,仙桃,2.0,,,,,,,,
1月23日,地区级,湖北,孝感,22.0,,,,,,,,
1月23日,地区级,湖北,宜昌,1.0,,1.0,,,,,,
1月23日,省级,湖北,,105.0,3.0,7.0,,,,,31.0,24.0
1月23日,地区级,湖南,娄底,3.0,,,,,,,,
1月23日,地区级,湖南,湘潭,1.0,,,,,,,,
1月23日,地区级,湖南,永州,3.0,,,,,,,,
1月23日,地区级,湖南,岳阳,3.0,,,,,,,,
1月23日,地区级,湖南,长沙,4.0,,,,,,,,
1月23日,地区级,湖南,株洲,1.0,,,,,,,,
1月23日,省级,湖南,,15.0,,,,,,,,
1月23日,地区级,吉林,吉林,1.0,,,,,,,,
1月23日,地区级,吉林,松原,1.0,,,,,,,,
1月23日,省级,吉林,,2.0,,,,,,,,
1月23日,地区级,江苏,连云港,1.0,,,,,,,,
1月23日,地区级,江苏,南京,3.0,,,,,,,,
1月23日,地区级,江苏,南通,1.0,,,,,,,,
1月23日,地区级,江苏,苏州,1.0,,,,,,,,
1月23日,地区级,江苏,无锡,1.0,,,,,,,,
1月23日,地区级,江苏,扬州,1.0,,,,,,,,
1月23日,省级,江苏,,8.0,,,,,,,,
1月23日,地区级,江西,抚州,,,,,,,,,
1月23日,地区级,江西,赣州,,,,,,,,,
1月23日,地区级,江西,吉安,1.0,,,,,,,,
1月23日,地区级,江西,景德镇,,,,,,,,,
1月23日,地区级,江西,九江,,,,,,,,,
1月23日,地区级,江西,九江,1.0,,,,,,,,
1月23日,地区级,江西,南昌,,,,,,,,,
1月23日,地区级,江西,南昌,1.0,,,,,,,,
1月23日,地区级,江西,上饶,,,,,,,,,
1月23日,地区级,江西,新余,1.0,,,,,,,,
1月23日,地区级,江西,宜春,,,,,,,,,
1月23日,省级,江西,,4.0,,,,,,,,
1月23日,地区级,辽宁,朝阳市,1.0,,,,,,,,
1月23日,地区级,辽宁,沈阳,1.0,,,,,,,,
1月23日,省级,辽宁,,2.0,,,,,,,,
1月23日,地区级,内蒙古,呼伦贝尔,1.0,,,,,,,,
1月23日,省级,内蒙古,,1.0,,,,,,,,
1月23日,地区级,宁夏,中卫,1.0,,,,,,,,
1月23日,省级,宁夏,,1.0,,,,,,,,
1月23日,省级,青海,,,,,,,,,,
1月23日,地区级,山东,济南,,,,,,,,,
1月23日,地区级,山东,济宁,,,,,,,,,
1月23日,地区级,山东,青岛,,,,,,,,,
1月23日,地区级,山东,日照,1.0,,,,,,,,
1月23日,地区级,山东,威海,1.0,,,,,,,,
1月23日,地区级,山东,潍坊,1.0,,,,,,,,
1月23日,地区级,山东,烟台,,,,,,,,,
1月23日,省级,山东,,3.0,,,,,,,,
1月23日,省级,山西,,,,,,,,,,
1月23日,地区级,陕西,安康,1.0,,,,,,,,
1月23日,地区级,陕西,延安,1.0,,,,,,,,
1月23日,省级,陕西,,2.0,,,,,,,,
1月23日,地区级,上海,地区待确认,4.0,,,,,,,,
1月23日,地区级,上海,外地来沪,,,,,,,,,
1月23日,省级,上海,,4.0,,,,,,,,
1月23日,地区级,四川,成都,3.0,,,,,,,,
1月23日,地区级,四川,德阳,1.0,,,,,,,,
1月23日,地区级,四川,广安,1.0,,,,,,,,
1月23日,地区级,四川,遂宁,1.0,,,,,,,,
1月23日,地区级,四川,雅安,1.0,,,,,,,,
1月23日,省级,四川,,7.0,,,,,,,,
1月23日,地区级,台湾,台湾,,,,,,,,,
1月23日,省级,台湾,,,,,,,,,,
1月23日,地区级,天津,河北区,1.0,,,,,,,,
1月23日,省级,天津,,1.0,,,,,,,,
1月23日,省级,西藏,,,,,,,,,,
1月23日,地区级,香港,香港,1.0,,,,,,,,
1月23日,省级,香港,,1.0,,,,,,,,
1月23日,地区级,新疆,乌鲁木齐,2.0,,,,,,,,
1月23日,省级,新疆,,2.0,,,,,,,,
1月23日,地区级,云南,昆明,1.0,,,,,,,,
1月23日,省级,云南,,1.0,,,,,,,,
1月23日,地区级,浙江,嘉兴,3.0,,,,,,,,
1月23日,地区级,浙江,衢州,1.0,,,,,,,,
1月23日,地区级,浙江,台州,12.0,,,,,,,,
1月23日,省级,浙江,,16.0,,,,,,,1.0,
1月23日,地区级,重庆,大渡口区,1.0,,,,,,,,
1月23日,地区级,重庆,垫江县,1.0,,,,,,,,
1月23日,地区级,重庆,奉节县,1.0,,,,,,,,
1月23日,地区级,重庆,九龙坡区,2.0,,,,,,,,
1月23日,地区级,重庆,开州区,2.0,,,,,,,,
1月23日,地区级,重庆,两江新区,1.0,,,,,,,,
1月23日,地区级,重庆,万州区,1.0,,,,,,,,
1月23日,地区级,重庆,巫山县,1.0,,,,,,,,
1月23日,地区级,重庆,巫溪县,1.0,,,,,,,,
1月23日,地区级,重庆,秀山县,1.0,,,,,,,,
1月23日,地区级,重庆,渝北区,2.0,,,,,,,,
1月23日,地区级,重庆,云阳县,1.0,,,,,,,,
1月23日,地区级,重庆,长寿区,2.0,,,,,,,,
1月23日,地区级,重庆,忠县,1.0,,,,,,,,
1月23日,省级,重庆,,18.0,,,,,,,,
1月23日,国家级,,,259.0,6.0,8.0,,,,,,
1月23日,地区级,北京,朝阳,2.0,,,,,,,,
1月23日,地区级,北京,丰台,1.0,,,,,,,,
1月23日,地区级,北京,海淀,1.0,,,,,,,,
1月23日,地区级,北京,顺义,1.0,,,,,,,,
1月23日,地区级,北京,通州,1.0,,,,,,,,
1月23日,地区级,北京,外地来京,5.0,,,,,,,,
1月23日,地区级,北京,西城,1.0,,,,,,,,
1月23日,省级,北京,,12.0,,,,,,,,
1月23日,地区级,河南,郑州,1.0,,,,,,,,
1月23日,地区级,河南,信阳,1.0,,,,,,,,
1月23日,地区级,河南,郑州,1.0,,,,,,,,
1月23日,地区级,河南,周口,1.0,,,,,,,,
1月23日,省级,河南,,4.0,,,,,,,,
1月23日,地区级,广东,佛山,5.0,,,,,,,,
1月23日,地区级,广东,广州,2.0,,,,,,,,
1月23日,地区级,广东,惠州,4.0,,,,,,,,
1月23日,地区级,广东,清远,1.0,,,,,,,,
1月23日,地区级,广东,韶关,1.0,,,,,,,,
1月23日,地区级,广东,深圳,,2.0,,,,,,,
1月23日,地区级,广东,阳江,3.0,,,,,,,,
1月23日,地区级,广东,中山,1.0,,,,,,,,
1月23日,地区级,广东,珠海,4.0,,,,,,,,
1月23日,省级,广东,,21.0,2.0,,,,,,2.0,
1月24日,地区级,安徽,安庆,3.0,,,,,,,,
1月24日,地区级,安徽,亳州,3.0,,,,,,,,
1月24日,地区级,安徽,滁州,1.0,,,,,,,,
1月24日,地区级,安徽,阜阳,5.0,,,,,,,,
1月24日,地区级,安徽,合肥,4.0,,,,,,,,
1月24日,地区级,安徽,马鞍山,4.0,,,,,,,,
1月24日,地区级,安徽,铜陵,3.0,,,,,,,,
1月24日,地区级,安徽,芜湖,1.0,,,,,,,,
1月24日,省级,安徽,,24.0,,,,,,,,
1月24日,省级,澳门,,,,,,,,,,
1月24日,地区级,澳门,澳门,,,,,,,,,
1月24日,地区级,福建,福州,1.0,,,,,,,,
1月24日,地区级,福建,福州,2.0,,,,,,,,
1月24日,地区级,福建,厦门,2.0,,,,,,,,
1月24日,省级,福建,,5.0,,,,,,,,
1月24日,地区级,甘肃,兰州,1.0,,,,,,,,
1月24日,地区级,甘肃,临夏,1.0,,,,,,,,
1月24日,省级,甘肃,,2.0,,,,,,,,
1月24日,地区级,广西,防城港,2.0,,,,,,,,
1月24日,地区级,广西,桂林,4.0,,,,,,,,
1月24日,地区级,广西,河池,2.0,,,,,,,,
1月24日,地区级,广西,柳州,1.0,,,,,,,,
1月24日,地区级,广西,玉林,1.0,,,,,,,,
1月24日,省级,广西,,10.0,,,,,,,,
1月24日,地区级,贵州,铜仁,1.0,,,,,,,,
1月24日,省级,贵州,,1.0,,,,,,,,
1月24日,地区级,海南,儋州,3.0,,,,,,,,
1月24日,地区级,海南,陵水县,,,,,,,,,
1月24日,地区级,海南,琼海,,,,,,,,,
1月24日,地区级,海南,三亚,3.0,,,,,,,,
1月24日,地区级,海南,万宁,3.0,,,,,,,,
1月24日,省级,海南,,9.0,,,,,,,,
1月24日,地区级,河北,保定,1.0,,,,,,,,
1月24日,地区级,河北,沧州,1.0,,,,,,,,
1月24日,地区级,河北,承德,1.0,,,,,,,,
1月24日,地区级,河北,石家庄,3.0,,,,,,,,
1月24日,省级,河北,,6.0,,,,,,,,1.0
1月24日,地区级,黑龙江,哈尔滨,5.0,,,,,,,,
1月24日,省级,黑龙江,,5.0,,,,,,,,1.0
1月24日,地区级,湖北,鄂州,1.0,,,,,,,,
1月24日,地区级,湖北,恩施州,11.0,,,,,,,,
1月24日,地区级,湖北,黄冈,52.0,,,,,,,,
1月24日,地区级,湖北,荆门,13.0,,,,,,,,
1月24日,地区级,湖北,荆州,2.0,,,,,,,,
1月24日,地区级,湖北,十堰,4.0,,,,,,,,
1月24日,地区级,湖北,随州,5.0,,,,,,,,
1月24日,地区级,湖北,天门,3.0,,,,,,,,
1月24日,地区级,湖北,武汉,77.0,1.0,15.0,,,,,,
1月24日,地区级,湖北,仙桃,8.0,,,,,,,,
1月24日,地区级,湖北,孝感,4.0,,,,,,,,
1月24日,省级,湖北,,180.0,1.0,15.0,,,,,32.0,39.0
1月24日,地区级,湖南,常德,3.0,,,,,,,,
1月24日,地区级,湖南,衡阳,3.0,,,,,,,,
1月24日,地区级,湖南,怀化,2.0,,,,,,,,
1月24日,地区级,湖南,娄底,2.0,,,,,,,,
1月24日,地区级,湖南,邵阳,2.0,,,,,,,,
1月24日,地区级,湖南,湘潭,1.0,,,,,,,,
1月24日,地区级,湖南,益阳,4.0,,,,,,,,
1月24日,地区级,湖南,岳阳,2.0,,,,,,,,
1月24日,省级,湖南,,19.0,,,,,,,,
1月24日,地区级,吉林,吉林,1.0,,,,,,,,
1月24日,省级,吉林,,1.0,,,,,,,,
1月24日,地区级,江苏,常州,5.0,,,,,,,,
1月24日,地区级,江苏,南京,1.0,,,,,,,,
1月24日,地区级,江苏,苏州,1.0,1.0,,,,,,,
1月24日,地区级,江苏,宿迁,1.0,,,,,,,,
1月24日,地区级,江苏,盐城,1.0,,,,,,,,
1月24日,省级,江苏,,9.0,1.0,,,,,,1.0,
1月24日,地区级,江西,抚州,3.0,,,,,,,,
1月24日,地区级,江西,赣州,2.0,,,,,,,,
1月24日,地区级,江西,景德镇,1.0,,,,,,,,
1月24日,地区级,江西,九江,1.0,,,,,,,,
1月24日,地区级,江西,南昌,1.0,,,,,,,,
1月24日,地区级,江西,上饶,2.0,,,,,,,,
1月24日,地区级,江西,宜春,1.0,,,,,,,,
1月24日,省级,江西,,11.0,,,,,,,,
1月24日,地区级,辽宁,本溪,1.0,,,,,,,,
1月24日,地区级,辽宁,朝阳市,1.0,,,,,,,,
1月24日,地区级,辽宁,大连,1.0,,,,,,,,
1月24日,地区级,辽宁,葫芦岛,2.0,,,,,,,,
1月24日,地区级,辽宁,沈阳,1.0,,,,,,,,
1月24日,地区级,辽宁,铁岭,2.0,,,,,,,,
1月24日,省级,辽宁,,8.0,,,,,,,,
1月24日,地区级,内蒙古,锡林郭勒,1.0,,,,,,,,
1月24日,省级,内蒙古,,1.0,,,,,,,,
1月24日,地区级,宁夏,固原,1.0,,,,,,,,
1月24日,省级,宁夏,,1.0,,,,,,,,
1月24日,地区级,青海,西宁,,,,,,,,,
1月24日,省级,青海,,,,,,,,,,
1月24日,地区级,山东,滨州,,,,,,,,,
1月24日,地区级,山东,德州,1.0,,,,,,,,
1月24日,地区级,山东,菏泽,,,,,,,,,
1月24日,地区级,山东,济南,2.0,,,,,,,,
1月24日,地区级,山东,济宁,2.0,,,,,,,,
1月24日,地区级,山东,聊城,1.0,,,,,,,,
1月24日,地区级,山东,临沂,1.0,,,,,,,,
1月24日,地区级,山东,青岛,1.0,,,,,,,,
1月24日,地区级,山东,日照,1.0,,,,,,,,
1月24日,地区级,山东,威海,1.0,,,,,,,,
1月24日,地区级,山东,烟台,2.0,,,,,,,,
1月24日,省级,山东,,12.0,,,,,,,,
1月24日,地区级,山西,大同,1.0,,,,,,,,
1月24日,地区级,山西,太原,1.0,,,,,,,,
1月24日,地区级,山西,运城,2.0,,,,,,,,
1月24日,地区级,山西,长治,1.0,,,,,,,,
1月24日,省级,山西,,5.0,,,,,,,,
1月24日,地区级,陕西,安康,2.0,,,,,,,,
1月24日,地区级,陕西,商洛,1.0,,,,,,,,
1月24日,地区级,陕西,铜川,3.0,,,,,,,,
1月24日,地区级,陕西,西安,2.0,,,,,,,,
1月24日,地区级,陕西,咸阳,2.0,,,,,,,,
1月24日,省级,陕西,,10.0,,,,,,,,
1月24日,地区级,上海,地区待确认,13.0,,,,,,,,
1月24日,地区级,上海,外地来沪,,1.0,,,,,,,
1月24日,省级,上海,,13.0,1.0,,,,,,1.0,
1月24日,地区级,四川,成都,9.0,,,,,,,,
1月24日,地区级,四川,泸州,1.0,,,,,,,,
1月24日,地区级,四川,内江,1.0,,,,,,,,
1月24日,地区级,四川,遂宁,1.0,,,,,,,,
1月24日,地区级,四川,自贡,1.0,,,,,,,,
1月24日,省级,四川,,13.0,,,,,,,,
1月24日,地区级,台湾,台湾,2.0,,,,,,,,
1月24日,省级,台湾,,2.0,,,,,,,,
1月24日,地区级,天津,滨海新区,1.0,,,,,,,,
1月24日,地区级,天津,河北区,1.0,,,,,,,,
1月24日,地区级,天津,河东区,1.0,,,,,,,,
1月24日,省级,天津,,3.0,,,,,,,,
1月24日,省级,西藏,,,,,,,,,,
1月24日,地区级,香港,香港,3.0,,,,,,,,
1月24日,省级,香港,,3.0,,,,,,,,
1月24日,地区级,新疆,乌鲁木齐,1.0,,,,,,,,
1月24日,省级,新疆,,1.0,,,,,,,,
1月24日,地区级,云南,昆明,1.0,,,,,,,,
1月24日,地区级,云南,丽江,1.0,,,,,,,,
1月24日,地区级,云南,西双版纳州,1.0,,,,,,,,
1月24日,省级,云南,,3.0,,,,,,,,
1月24日,地区级,浙江,杭州,6.0,,,,,,,,
1月24日,地区级,浙江,嘉兴,1.0,,,,,,,,
1月24日,地区级,浙江,金华,1.0,,,,,,,,
1月24日,地区级,浙江,宁波,1.0,,,,,,,,
1月24日,地区级,浙江,绍兴,3.0,,,,,,,,
1月24日,地区级,浙江,台州,2.0,,,,,,,,
1月24日,地区级,浙江,温州,4.0,,,,,,,,
1月24日,地区级,浙江,舟山,1.0,,,,,,,,
1月24日,省级,浙江,,19.0,,,,,,,1.0,
1月24日,地区级,重庆,璧山区,2.0,,,,,,,,
1月24日,地区级,重庆,城口县,1.0,,,,,,,,
1月24日,地区级,重庆,大渡口区,1.0,,,,,,,,
1月24日,地区级,重庆,丰都县,1.0,,,,,,,,
1月24日,地区级,重庆,合川区,2.0,,,,,,,,
1月24日,地区级,重庆,九龙坡区,1.0,,,,,,,,
1月24日,地区级,重庆,开州区,2.0,,,,,,,,
1月24日,地区级,重庆,梁平区,1.0,,,,,,,,
1月24日,地区级,重庆,两江新区,2.0,,,,,,,,
1月24日,地区级,重庆,石柱县,3.0,,,,,,,,
1月24日,地区级,重庆,万州区,7.0,,,,,,,,
1月24日,地区级,重庆,巫溪县,1.0,,,,,,,,
1月24日,地区级,重庆,永川区,1.0,,,,,,,,
1月24日,地区级,重庆,云阳县,1.0,,,,,,,,
1月24日,地区级,重庆,长寿区,2.0,,,,,,,,
1月24日,地区级,重庆,忠县,2.0,,,,,,,,
1月24日,省级,重庆,,30.0,,,,,,,,
1月24日,国家级,,,457.0,3.0,16.0,,,,,,
1月24日,地区级,北京,昌平,1.0,,,,,,,,
1月24日,地区级,北京,朝阳,3.0,,,,,,,,
1月24日,地区级,北京,大兴,,1.0,,,,,,,
1月24日,地区级,北京,海淀,5.0,,,,,,,,
1月24日,地区级,北京,通州,1.0,,,,,,,,
1月24日,地区级,北京,外地来京,4.0,,,,,,,,
1月24日,地区级,北京,西城,1.0,,,,,,,,
1月24日,省级,北京,,15.0,1.0,,,,,,1.0,
1月24日,地区级,河南,南阳,8.0,,,,,,,,
1月24日,地区级,河南,平顶山,1.0,,,,,,,,
1月24日,地区级,河南,新乡,1.0,,,,,,,,
1月24日,地区级,河南,信阳,1.0,,,,,,,,
1月24日,地区级,河南,信阳,4.0,,,,,,,,
1月24日,地区级,河南,郑州,3.0,,,,,,,,
1月24日,地区级,河南,周口,3.0,,,,,,,,
1月24日,地区级,河南,驻马店,2.0,,,,,,,,
1月24日,省级,河南,,23.0,,,,,,,,
1月24日,地区级,广东,东莞,1.0,,,,,,,,
1月24日,地区级,广东,佛山,3.0,,,,,,,,
1月24日,地区级,广东,广州,7.0,,,,,,,,
1月24日,地区级,广东,惠州,2.0,,,,,,,,
1月24日,地区级,广东,清远,1.0,,,,,,,,
1月24日,地区级,广东,汕头,1.0,,,,,,,,
1月24日,地区级,广东,深圳,5.0,,,,,,,,
1月24日,地区级,广东,阳江,2.0,,,,,,,,
1月24日,地区级,广东,肇庆,1.0,,,,,,,,
1月24日,地区级,广东,珠海,2.0,,,,,,,,
1月24日,省级,广东,,25.0,,,,,,,,
1月25日,地区级,安徽,安庆,1.0,,,,,,,,
1月25日,地区级,安徽,亳州,2.0,,,,,,,,
1月25日,地区级,安徽,阜阳,3.0,,,,,,,,
1月25日,地区级,安徽,合肥,3.0,,,,,,,,
1月25日,地区级,安徽,淮北,1.0,,,,,,,,
1月25日,地区级,安徽,淮南,1.0,,,,,,,,
1月25日,地区级,安徽,黄山,1.0,,,,,,,,
1月25日,地区级,安徽,六安,1.0,,,,,,,,
1月25日,地区级,安徽,马鞍山,3.0,,,,,,,,
1月25日,地区级,安徽,芜湖,2.0,,,,,,,,
1月25日,地区级,安徽,宿州,2.0,,,,,,,,
1月25日,地区级,安徽,宣城,1.0,,,,,,,,
1月25日,省级,安徽,,21.0,,,,,,,,
1月25日,地区级,澳门,澳门,,,,,,,,,
1月25日,省级,澳门,,,,,,,,,,
1月25日,地区级,福建,福州,1.0,,,,,,,,
1月25日,地区级,福建,宁德,1.0,,,,,,,,
1月25日,地区级,福建,泉州,2.0,,,,,,,,
1月25日,地区级,福建,三明,1.0,,,,,,,,
1月25日,地区级,福建,漳州,3.0,,,,,,,,
1月25日,省级,福建,,8.0,,,,,,,,
1月25日,地区级,甘肃,定西,1.0,,,,,,,,
1月25日,地区级,甘肃,兰州,2.0,,,,,,,,
1月25日,省级,甘肃,,3.0,,,,,,,,
1月25日,地区级,广西,百色,1.0,,,,,,,,
1月25日,地区级,广西,北海,1.0,,,,,,,,
1月25日,地区级,广西,桂林,5.0,,,,,,,,
1月25日,地区级,广西,柳州,1.0,,,,,,,,
1月25日,地区级,广西,南宁,1.0,,,,,,,,
1月25日,地区级,广西,梧州,1.0,,,,,,,,
1月25日,省级,广西,,10.0,,,,,,,,
1月25日,地区级,贵州,黔西南州,1.0,,,,,,,,
1月25日,省级,贵州,,1.0,,,,,,,,
1月25日,地区级,海南,澄迈县,1.0,,,,,,,,
1月25日,地区级,海南,陵水县,1.0,,,,,,,,
1月25日,地区级,海南,三亚,3.0,,,,,,,,
1月25日,省级,海南,,5.0,,,,,,,,
1月25日,地区级,河北,保定,2.0,,,,,,,,
1月25日,地区级,河北,邯郸,2.0,,,,,,,,
1月25日,地区级,河北,石家庄,1.0,,,,,,,,
1月25日,省级,河北,,5.0,,,,,,,,1.0
1月25日,地区级,黑龙江,大庆,2.0,,,,,,,,
1月25日,地区级,黑龙江,哈尔滨,2.0,,,,,,,,
1月25日,地区级,黑龙江,齐齐哈尔,1.0,,,,,,,,
1月25日,地区级,黑龙江,绥化,1.0,,,,,,,,
1月25日,省级,黑龙江,,6.0,,,,,,,,1.0
1月25日,地区级,湖北,恩施州,6.0,,,,,,,,
1月25日,地区级,湖北,黄冈,58.0,2.0,2.0,,,,,,
1月25日,地区级,湖北,黄石,31.0,,1.0,,,,,,
1月25日,地区级,湖北,荆门,17.0,,1.0,,,,,,
1月25日,地区级,湖北,荆州,23.0,,2.0,,,,,,
1月25日,地区级,湖北,十堰,15.0,,,,,,,,
1月25日,地区级,湖北,随州,31.0,,,,,,,,
1月25日,地区级,湖北,天门,2.0,,,,,,,,
1月25日,地区级,湖北,武汉,46.0,8.0,7.0,,,,,,
1月25日,地区级,湖北,仙桃,1.0,,,,,,,,
1月25日,地区级,湖北,咸宁,43.0,,,,,,,,
1月25日,地区级,湖北,襄阳,2.0,,,,,,,,
1月25日,地区级,湖北,孝感,29.0,,,,,,,,
1月25日,地区级,湖北,宜昌,19.0,,,,,,,,
1月25日,省级,湖北,,323.0,10.0,13.0,,,,,42.0,52.0
1月25日,地区级,湖南,常德,4.0,,,,,,,,
1月25日,地区级,湖南,郴州,2.0,,,,,,,,
1月25日,地区级,湖南,怀化,3.0,,,,,,,,
1月25日,地区级,湖南,湘潭,1.0,,,,,,,,
1月25日,地区级,湖南,湘西自治州,3.0,,,,,,,,
1月25日,地区级,湖南,岳阳,1.0,,,,,,,,
1月25日,地区级,湖南,长沙,10.0,,,,,,,,
1月25日,地区级,湖南,株洲,2.0,,,,,,,,
1月25日,省级,湖南,,26.0,,,,,,,,
1月25日,省级,吉林,,,,,,,,,,
1月25日,地区级,江苏,淮安,1.0,,,,,,,,
1月25日,地区级,江苏,连云港,2.0,,,,,,,,
1月25日,地区级,江苏,南京,3.0,,,,,,,,
1月25日,地区级,江苏,南通,1.0,,,,,,,,
1月25日,地区级,江苏,苏州,4.0,,,,,,,,
1月25日,地区级,江苏,泰州,1.0,,,,,,,,
1月25日,地区级,江苏,无锡,1.0,,,,,,,,
1月25日,省级,江苏,,13.0,,,,,,,1.0,
1月25日,地区级,江西,抚州,2.0,,,,,,,,
1月25日,地区级,江西,赣州,5.0,,,,,,,,
1月25日,地区级,江西,吉安,1.0,,,,,,,,
1月25日,地区级,江西,南昌,1.0,,,,,,,,
1月25日,地区级,江西,萍乡,1.0,,,,,,,,
1月25日,地区级,江西,上饶,4.0,,,,,,,,
1月25日,地区级,江西,宜春,4.0,,,,,,,,
1月25日,省级,江西,,18.0,,,,,,,,
1月25日,地区级,辽宁,大连,2.0,,,,,,,,
1月25日,地区级,辽宁,沈阳,2.0,,,,,,,,
1月25日,地区级,辽宁,营口,1.0,,,,,,,,
1月25日,省级,辽宁,,5.0,,,,,,,,
1月25日,地区级,内蒙古,赤峰,1.0,,,,,,,,
1月25日,地区级,内蒙古,鄂尔多斯,2.0,,,,,,,,
1月25日,地区级,内蒙古,呼伦贝尔,1.0,,,,,,,,
1月25日,地区级,内蒙古,锡林郭勒,1.0,,,,,,,,
1月25日,省级,内蒙古,,5.0,,,,,,,,
1月25日,地区级,宁夏,银川,1.0,,,,,,,,
1月25日,省级,宁夏,,1.0,,,,,,,,
1月25日,地区级,青海,西宁,1.0,,,,,,,,
1月25日,省级,青海,,1.0,,,,,,,,
1月25日,地区级,山东,滨州,1.0,,,,,,,,
1月25日,地区级,山东,德州,2.0,,,,,,,,
1月25日,地区级,山东,菏泽,1.0,,,,,,,,
1月25日,地区级,山东,济南,1.0,,,,,,,,
1月25日,地区级,山东,济宁,,,,,,,,,
1月25日,地区级,山东,济宁,2.0,,,,,,,,
1月25日,地区级,山东,临沂,4.0,,,,,,,,
1月25日,地区级,山东,青岛,2.0,,,,,,,,
1月25日,地区级,山东,日照,2.0,,,,,,,,
1月25日,地区级,山东,威海,1.0,,,,,,,,
1月25日,地区级,山东,潍坊,1.0,,,,,,,,
1月25日,地区级,山东,淄博,1.0,,,,,,,,
1月25日,省级,山东,,18.0,,,,,,,,
1月25日,地区级,山西,晋中,2.0,,,,,,,,
1月25日,地区级,山西,阳泉,1.0,,,,,,,,
1月25日,省级,山西,,3.0,,,,,,,,
1月25日,地区级,陕西,汉中,1.0,,,,,,,,
1月25日,地区级,陕西,铜川,2.0,,,,,,,,
1月25日,地区级,陕西,西安,4.0,,,,,,,,
1月25日,省级,陕西,,7.0,,,,,,,,
1月25日,地区级,上海,外地来沪,,,1.0,,,,,,
1月25日,地区级,上海,地区待确认,7.0,,,,,,,,
1月25日,省级,上海,,7.0,,1.0,,,,,1.0,1.0
1月25日,地区级,四川,成都,6.0,,,,,,,,
1月25日,地区级,四川,甘孜,2.0,,,,,,,,
1月25日,地区级,四川,乐山,1.0,,,,,,,,
1月25日,地区级,四川,泸州,1.0,,,,,,,,
1月25日,地区级,四川,眉山,1.0,,,,,,,,
1月25日,地区级,四川,绵阳,3.0,,,,,,,,
1月25日,地区级,四川,南充,2.0,,,,,,,,
1月25日,省级,四川,,16.0,,,,,,,,
1月25日,地区级,台湾,台湾,,,,,,,,,
1月25日,省级,台湾,,,,,,,,,,
1月25日,地区级,天津,外地来津,1.0,,,,,,,,
1月25日,地区级,天津,河东区,1.0,,,,,,,,
1月25日,省级,天津,,2.0,,,,,,,,
1月25日,省级,西藏,,,,,,,,,,
1月25日,地区级,香港,香港,,,,,,,,,
1月25日,省级,香港,,,,,,,,,,
1月25日,地区级,新疆,伊犁州,1.0,,,,,,,,
1月25日,省级,新疆,,1.0,,,,,,,,
1月25日,地区级,云南,大理,1.0,,,,,,,,
1月25日,地区级,云南,红河,1.0,,,,,,,,
1月25日,地区级,云南,昆明,1.0,,,,,,,,
1月25日,地区级,云南,丽江,1.0,,,,,,,,
1月25日,地区级,云南,曲靖,1.0,,,,,,,,
1月25日,地区级,云南,玉溪,1.0,,,,,,,,
1月25日,省级,云南,,6.0,,,,,,,,
1月25日,地区级,浙江,杭州,15.0,,,,,,,,
1月25日,地区级,浙江,湖州,1.0,,,,,,,,
1月25日,地区级,浙江,嘉兴,4.0,,,,,,,,
1月25日,地区级,浙江,金华,1.0,,,,,,,,
1月25日,地区级,浙江,丽水,3.0,,,,,,,,
1月25日,地区级,浙江,宁波,7.0,,,,,,,,
1月25日,地区级,浙江,衢州,1.0,,,,,,,,
1月25日,地区级,浙江,绍兴,1.0,,,,,,,,
1月25日,地区级,浙江,台州,1.0,,,,,,,,
1月25日,地区级,浙江,温州,8.0,,,,,,,,
1月25日,省级,浙江,,42.0,,,,,,,1.0,
1月25日,地区级,重庆,大渡口区,2.0,,,,,,,,
1月25日,地区级,重庆,大足区,1.0,,,,,,,,
1月25日,地区级,重庆,奉节县,2.0,,,,,,,,
1月25日,地区级,重庆,江北区,2.0,,,,,,,,
1月25日,地区级,重庆,铜梁区,1.0,,,,,,,,
1月25日,地区级,重庆,万州区,3.0,,,,,,,,
1月25日,地区级,重庆,巫溪县,1.0,,,,,,,,
1月25日,地区级,重庆,渝北区,2.0,,,,,,,,
1月25日,地区级,重庆,云阳县,2.0,,,,,,,,
1月25日,地区级,重庆,忠县,2.0,,,,,,,,
1月25日,省级,重庆,,18.0,,,,,,,,
1月25日,国家级,,,688.0,11.0,15.0,,,,,,
1月25日,地区级,北京,昌平,2.0,,,,,,,,
1月25日,地区级,北京,朝阳,2.0,,,,,,,,
1月25日,地区级,北京,大兴,,1.0,,,,,,,
1月25日,地区级,北京,东城,1.0,,,,,,,,
1月25日,地区级,北京,丰台,1.0,,,,,,,,
1月25日,地区级,北京,海淀,5.0,,,,,,,,
1月25日,地区级,北京,通州,1.0,,,,,,,,
1月25日,地区级,北京,西城,1.0,,,,,,,,
1月25日,省级,北京,,13.0,1.0,,,,,,2.0,
1月25日,地区级,河南,安阳,3.0,,,,,,,,
1月25日,地区级,河南,漯河,3.0,,,,,,,,
1月25日,地区级,河南,南阳,,,1.0,,,,,,
1月25日,地区级,河南,南阳,7.0,,,,,,,,
1月25日,地区级,河南,平顶山,1.0,,,,,,,,
1月25日,地区级,河南,三门峡,1.0,,,,,,,,
1月25日,地区级,河南,新乡,2.0,,,,,,,,
1月25日,地区级,河南,信阳,16.0,,,,,,,,
1月25日,地区级,河南,郑州,12.0,,,,,,,,
1月25日,地区级,河南,周口,1.0,,,,,,,,
1月25日,地区级,河南,驻马店,5.0,,,,,,,,
1月25日,省级,河南,,51.0,,1.0,,,,,,1.0
1月25日,地区级,广东,东莞,1.0,,,,,,,,
1月25日,地区级,广东,佛山,1.0,,,,,,,,
1月25日,地区级,广东,惠州,1.0,,,,,,,,
1月25日,地区级,广东,揭阳,3.0,,,,,,,,
1月25日,地区级,广东,清远,1.0,,,,,,,,
1月25日,地区级,广东,汕头,1.0,,,,,,,,
1月25日,地区级,广东,深圳,7.0,,,,,,,,
1月25日,地区级,广东,阳江,1.0,,,,,,,,
1月25日,地区级,广东,湛江,2.0,,,,,,,,
1月25日,地区级,广东,肇庆,2.0,,,,,,,,
1月25日,省级,广东,,20.0,,,,,,,,
1月26日,地区级,安徽,安庆,3.0,,,,,,,,
1月26日,地区级,安徽,蚌埠,2.0,,,,,,,,
1月26日,地区级,安徽,淮南,1.0,,,,,,,,
1月26日,地区级,安徽,芜湖,3.0,,,,,,,,
1月26日,地区级,安徽,宿州,1.0,,,,,,,,
1月26日,省级,安徽,,10.0,,,,,,,,
1月26日,地区级,澳门,澳门,3.0,,,,,,,,
1月26日,省级,澳门,,3.0,,,,,,,,
1月26日,地区级,福建,福州,3.0,,,,,,,,
1月26日,地区级,福建,福州,4.0,,,,,,,,
1月26日,地区级,福建,南平,1.0,,,,,,,,
1月26日,地区级,福建,宁德,1.0,,,,,,,,
1月26日,地区级,福建,莆田,1.0,,,,,,,,
1月26日,地区级,福建,泉州,1.0,,,,,,,,
1月26日,地区级,福建,泉州,1.0,,,,,,,,
1月26日,地区级,福建,三明,3.0,,,,,,,,
1月26日,地区级,福建,厦门,1.0,,,,,,,,
1月26日,地区级,福建,漳州,1.0,,,,,,,,
1月26日,省级,福建,,17.0,,,,,,,,
1月26日,地区级,甘肃,兰州,4.0,,,,,,,,
1月26日,地区级,甘肃,临夏,1.0,,,,,,,,
1月26日,地区级,甘肃,陇南,1.0,,,,,,,,
1月26日,地区级,甘肃,张掖,1.0,,,,,,,,
1月26日,省级,甘肃,,7.0,,,,,,,,
1月26日,地区级,广西,北海,2.0,,,,,,,,
1月26日,地区级,广西,防城港,1.0,,,,,,,,
1月26日,地区级,广西,桂林,3.0,,,,,,,,
1月26日,地区级,广西,柳州,2.0,,,,,,,,
1月26日,地区级,广西,南宁,4.0,,,,,,,,
1月26日,地区级,广西,玉林,1.0,,,,,,,,
1月26日,省级,广西,,13.0,,,,,,,,
1月26日,地区级,贵州,六盘水,1.0,,,,,,,,
1月26日,地区级,贵州,黔南州,1.0,,,,,,,,
1月26日,省级,贵州,,2.0,,,,,,,,
1月26日,地区级,海南,澄迈县,1.0,,,,,,,,
1月26日,地区级,海南,儋州,1.0,,,,,,,,
1月26日,地区级,海南,海口,3.0,,,,,,,,
1月26日,地区级,海南,三亚,2.0,,,,,,,,
1月26日,地区级,海南,万宁,2.0,,,,,,,,
1月26日,省级,海南,,9.0,,,,,,,,
1月26日,地区级,河北,廊坊,2.0,,,,,,,,
1月26日,地区级,河北,石家庄,2.0,,,,,,,,
1月26日,地区级,河北,邢台,1.0,,,,,,,,
1月26日,省级,河北,,5.0,,,,,,,,1.0
1月26日,地区级,黑龙江,大庆,2.0,,,,,,,,
1月26日,地区级,黑龙江,佳木斯,1.0,,,,,,,,
1月26日,地区级,黑龙江,七台河,1.0,,,,,,,,
1月26日,地区级,黑龙江,双鸭山,1.0,,,,,,,,
1月26日,地区级,黑龙江,绥化,1.0,,,,,,,,
1月26日,省级,黑龙江,,6.0,,,,,,,,1.0
1月26日,地区级,湖北,鄂州,19.0,,,,,,,,
1月26日,地区级,湖北,恩施州,8.0,,,,,,,,
1月26日,地区级,湖北,黄冈,32.0,,2.0,,,,,,
1月26日,地区级,湖北,黄石,5.0,,,,,,,,
1月26日,地区级,湖北,荆门,52.0,,2.0,,,,,,
1月26日,地区级,湖北,荆州,14.0,,,,,,,,
1月26日,地区级,湖北,潜江,5.0,,1.0,,,,,,
1月26日,地区级,湖北,十堰,20.0,,,,,,,,
1月26日,地区级,湖北,随州,16.0,,,,,,,,
1月26日,地区级,湖北,天门,8.0,,,,,,,,
1月26日,地区级,湖北,武汉,80.0,2.0,18.0,,,,,,
1月26日,地区级,湖北,仙桃,1.0,,,,,,,,
1月26日,地区级,湖北,咸宁,21.0,,,,,,,,
1月26日,地区级,湖北,襄阳,34.0,,,,,,,,
1月26日,地区级,湖北,孝感,45.0,,1.0,,,,,,
1月26日,地区级,湖北,宜昌,11.0,,,,,,,,
1月26日,省级,湖北,,371.0,2.0,24.0,,,,,44.0,76.0
1月26日,地区级,湖南,常德,5.0,,,,,,,,
1月26日,地区级,湖南,郴州,3.0,,,,,,,,
1月26日,地区级,湖南,衡阳,1.0,,,,,,,,
1月26日,地区级,湖南,怀化,3.0,,,,,,,,
1月26日,地区级,湖南,娄底,2.0,,,,,,,,
1月26日,地区级,湖南,邵阳,6.0,,,,,,,,
1月26日,地区级,湖南,湘潭,1.0,,,,,,,,
1月26日,地区级,湖南,益阳,3.0,,,,,,,,
1月26日,地区级,湖南,岳阳,1.0,,,,,,,,
1月26日,地区级,湖南,长沙,4.0,,,,,,,,
1月26日,地区级,湖南,株洲,2.0,,,,,,,,
1月26日,省级,湖南,,31.0,,,,,,,,
1月26日,地区级,吉林,四平,1.0,,,,,,,,
1月26日,地区级,吉林,松原,1.0,,,,,,,,
1月26日,省级,吉林,,2.0,,,,,,,,
1月26日,地区级,江苏,常州,1.0,,,,,,,,
1月26日,地区级,江苏,淮安,1.0,,,,,,,,
1月26日,地区级,江苏,南通,2.0,,,,,,,,
1月26日,地区级,江苏,苏州,1.0,,,,,,,,
1月26日,地区级,江苏,泰州,1.0,,,,,,,,
1月26日,地区级,江苏,无锡,2.0,,,,,,,,
1月26日,地区级,江苏,徐州,3.0,,,,,,,,
1月26日,地区级,江苏,扬州,3.0,,,,,,,,
1月26日,地区级,江苏,镇江,2.0,,,,,,,,
1月26日,省级,江苏,,16.0,,,,,,,1.0,
1月26日,地区级,江西,抚州,1.0,,,,,,,,
1月26日,地区级,江西,吉安,1.0,,,,,,,,
1月26日,地区级,江西,景德镇,1.0,,,,,,,,
1月26日,地区级,江西,九江,2.0,,,,,,,,
1月26日,地区级,江西,南昌,4.0,,,,,,,,
1月26日,地区级,江西,新余,2.0,,,,,,,,
1月26日,地区级,江西,宜春,1.0,,,,,,,,
1月26日,省级,江西,,12.0,,,,,,,,
1月26日,地区级,辽宁,本溪,1.0,,,,,,,,
1月26日,地区级,辽宁,丹东,1.0,,,,,,,,
1月26日,地区级,辽宁,盘锦,2.0,,,,,,,,
1月26日,地区级,辽宁,沈阳,1.0,,,,,,,,
1月26日,省级,辽宁,,5.0,,,,,,,,
1月26日,地区级,内蒙古,包头,2.0,,,,,,,,
1月26日,地区级,内蒙古,通辽,1.0,,,,,,,,
1月26日,地区级,内蒙古,兴安盟,1.0,,,,,,,,
1月26日,省级,内蒙古,,4.0,,,,,,,,
1月26日,地区级,宁夏,银川,3.0,,,,,,,,
1月26日,省级,宁夏,,3.0,,,,,,,,
1月26日,地区级,青海,西宁,3.0,,,,,,,,
1月26日,省级,青海,,3.0,,,,,,,,
1月26日,地区级,山东,滨州,2.0,,,,,,,,
1月26日,地区级,山东,德州,3.0,,,,,,,,
1月26日,地区级,山东,菏泽,,,,,,,,,
1月26日,地区级,山东,菏泽,2.0,,,,,,,,
1月26日,地区级,山东,济南,4.0,,,,,,,,
1月26日,地区级,山东,济宁,1.0,,,,,,,,
1月26日,地区级,山东,青岛,2.0,,,,,,,,
1月26日,地区级,山东,青岛,2.0,,,,,,,,
1月26日,地区级,山东,日照,1.0,,,,,,,,
1月26日,地区级,山东,威海,,,,,,,,,
1月26日,地区级,山东,威海,3.0,,,,,,,,
1月26日,地区级,山东,潍坊,1.0,,,,,,,,
1月26日,地区级,山东,烟台,,,,,,,,,
1月26日,地区级,山东,烟台,2.0,,,,,,,,
1月26日,地区级,山东,枣庄,,,,,,,,,
1月26日,地区级,山东,淄博,1.0,,,,,,,,
1月26日,省级,山东,,24.0,,,,,,,,
1月26日,地区级,山西,临汾,1.0,,,,,,,,
1月26日,地区级,山西,吕梁,1.0,,,,,,,,
1月26日,地区级,山西,朔州,2.0,,,,,,,,
1月26日,省级,山西,,4.0,,,,,,,,
1月26日,地区级,陕西,安康,4.0,,,,,,,,
1月26日,地区级,陕西,汉中,2.0,,,,,,,,
1月26日,地区级,陕西,渭南,1.0,,,,,,,,
1月26日,地区级,陕西,西安,4.0,,,,,,,,
1月26日,地区级,陕西,咸阳,1.0,,,,,,,,
1月26日,地区级,陕西,延安,1.0,,,,,,,,
1月26日,省级,陕西,,13.0,,,,,,,,
1月26日,地区级,上海,地区待确认,13.0,,,,,,,,
1月26日,省级,上海,,13.0,,,,,,,1.0,1.0
1月26日,地区级,四川,成都,11.0,,,,,,,,
1月26日,地区级,四川,达州,2.0,,,,,,,,
1月26日,地区级,四川,广安,4.0,,,,,,,,
1月26日,地区级,四川,凉山,1.0,,,,,,,,
1月26日,地区级,四川,泸州,1.0,,,,,,,,
1月26日,地区级,四川,绵阳,2.0,,,,,,,,
1月26日,地区级,四川,宜宾,1.0,,,,,,,,
1月26日,地区级,四川,资阳,2.0,,,,,,,,
1月26日,地区级,四川,自贡,1.0,,,,,,,,
1月26日,省级,四川,,25.0,,,,,,,,
1月26日,地区级,台湾,台湾,1.0,,,,,,,,
1月26日,省级,台湾,,1.0,,,,,,,,
1月26日,地区级,天津,河北区,3.0,,,,,,,,
1月26日,地区级,天津,南开区,,,,1.0,,,,,
1月26日,地区级,天津,河东区,,,,-1.0,,,,,
1月26日,地区级,天津,外地来津,1.0,,,,,,,,
1月26日,省级,天津,,4.0,,,,,,,,
1月26日,省级,西藏,,,,,,,,,,
1月26日,地区级,香港,香港,3.0,,,,,,,,
1月26日,省级,香港,,3.0,,,,,,,,
1月26日,地区级,新疆,乌鲁木齐,1.0,,,,,,,,
1月26日,省级,新疆,,1.0,,,,,,,,
1月26日,地区级,云南,保山,,,,,,,,,
1月26日,地区级,云南,保山,2.0,,,,,,,,
1月26日,地区级,云南,大理,,,,,,,,,
1月26日,地区级,云南,德宏州,2.0,,,,,,,,
1月26日,地区级,云南,昆明,3.0,,,,,,,,
1月26日,地区级,云南,丽江,,,,,,,,,
1月26日,地区级,云南,昭通,1.0,,,,,,,,
1月26日,省级,云南,,8.0,,,,,,,,
1月26日,地区级,浙江,湖州,2.0,,,,,,,,
1月26日,地区级,浙江,金华,2.0,,,,,,,,
1月26日,地区级,浙江,衢州,2.0,,,,,,,,
1月26日,地区级,浙江,绍兴,1.0,,,,,,,,
1月26日,地区级,浙江,台州,1.0,,,,,,,,
1月26日,地区级,浙江,温州,14.0,,,,,,,,
1月26日,地区级,浙江,舟山,2.0,,,,,,,,
1月26日,省级,浙江,,24.0,,,,,,,1.0,
1月26日,地区级,重庆,巴南区,1.0,,,,,,,,
1月26日,地区级,重庆,璧山区,1.0,,,,,,,,
1月26日,地区级,重庆,大渡口区,2.0,,,,,,,,
1月26日,地区级,重庆,垫江县,2.0,,,,,,,,
1月26日,地区级,重庆,丰都县,2.0,,,,,,,,
1月26日,地区级,重庆,合川区,1.0,,,,,,,,
1月26日,地区级,重庆,江北区,1.0,,,,,,,,
1月26日,地区级,重庆,江津区,2.0,,,,,,,,
1月26日,地区级,重庆,九龙坡区,1.0,,,,,,,,
1月26日,地区级,重庆,开州区,3.0,,,,,,,,
1月26日,地区级,重庆,两江新区,4.0,,,,,,,,
1月26日,地区级,重庆,綦江区,1.0,,,,,,,,
1月26日,地区级,重庆,潼南区,2.0,,,,,,,,
1月26日,地区级,重庆,万州区,1.0,,,,,,,,
1月26日,地区级,重庆,巫山县,2.0,,,,,,,,
1月26日,地区级,重庆,巫溪县,2.0,,,,,,,,
1月26日,地区级,重庆,渝北区,1.0,,,,,,,,
1月26日,地区级,重庆,云阳县,4.0,,,,,,,,
1月26日,地区级,重庆,长寿区,1.0,,,,,,,,
1月26日,地区级,重庆,忠县,1.0,,,,,,,,
1月26日,省级,重庆,,35.0,,,,,,,,
1月26日,国家级,,,769.0,2.0,24.0,,,,,,
1月26日,地区级,北京,昌平,2.0,,,,,,,,
1月26日,地区级,北京,朝阳,3.0,,,,,,,,
1月26日,地区级,北京,大兴,3.0,,,,,,,,
1月26日,地区级,北京,丰台,1.0,,,,,,,,
1月26日,地区级,北京,海淀,4.0,,,,,,,,
1月26日,地区级,北京,石景山,1.0,,,,,,,,
1月26日,地区级,北京,通州,2.0,,,,,,,,
1月26日,地区级,北京,西城,2.0,,,,,,,,
1月26日,省级,北京,,18.0,,,,,,,2.0,
1月26日,地区级,河南,安阳,4.0,,,,,,,,
1月26日,地区级,河南,鹤壁,2.0,,,,,,,,
1月26日,地区级,河南,开封,1.0,,,,,,,,
1月26日,地区级,河南,洛阳,1.0,,,,,,,,
1月26日,地区级,河南,漯河,3.0,,,,,,,,
1月26日,地区级,河南,南阳,4.0,,,,,,,,
1月26日,地区级,河南,平顶山,3.0,,,,,,,,
1月26日,地区级,河南,三门峡,1.0,,,,,,,,
1月26日,地区级,河南,商丘,6.0,,,,,,,,
1月26日,地区级,河南,新乡,1.0,,,,,,,,
1月26日,地区级,河南,信阳,1.0,,,,,,,,
1月26日,地区级,河南,许昌,1.0,,,,,,,,
1月26日,地区级,河南,郑州,9.0,,,,,,,,
1月26日,地区级,河南,周口,6.0,,,,,,,,
1月26日,地区级,河南,驻马店,2.0,,,,,,,,
1月26日,省级,河南,,45.0,,,,,,,,1.0
1月26日,地区级,广东,佛山,4.0,,,,,,,,
1月26日,地区级,广东,广州,25.0,,,,,,,,
1月26日,地区级,广东,梅州,1.0,,,,,,,,
1月26日,地区级,广东,汕尾,1.0,,,,,,,,
1月26日,地区级,广东,韶关,1.0,,,,,,,,
1月26日,地区级,广东,深圳,9.0,,,,,,,,
1月26日,地区级,广东,阳江,2.0,,,,,,,,
1月26日,地区级,广东,湛江,1.0,,,,,,,,
1月26日,地区级,广东,中山,2.0,,,,,,,,
1月26日,地区级,广东,珠海,2.0,,,,,,,,
1月26日,省级,广东,,48.0,,,,,,,,
1月27日,地区级,安徽,亳州,2.0,,,,,,,,
1月27日,地区级,安徽,滁州,2.0,,,,,,,,
1月27日,地区级,安徽,阜阳,11.0,,,,,,,,
1月27日,地区级,安徽,合肥,3.0,,,,,,,,
1月27日,地区级,安徽,淮北,1.0,,,,,,,,
1月27日,地区级,安徽,黄山,3.0,,,,,,,,
1月27日,地区级,安徽,六安,1.0,,,,,,,,
1月27日,地区级,安徽,马鞍山,3.0,,,,,,,,
1月27日,地区级,安徽,铜陵,6.0,,,,,,,,
1月27日,地区级,安徽,芜湖,3.0,,,,,,,,
1月27日,地区级,安徽,宣城,1.0,,,,,,,,
1月27日,省级,安徽,,36.0,,,,,,,,
1月27日,地区级,澳门,澳门,2.0,,,,,,,,
1月27日,省级,澳门,,2.0,,,,,,,,
1月27日,地区级,福建,福州,1.0,,,,,,,,
1月27日,地区级,福建,福州,4.0,,,,,,,,
1月27日,地区级,福建,南平,1.0,,,,,,,,
1月27日,地区级,福建,宁德,3.0,,,,,,,,
1月27日,地区级,福建,莆田,1.0,,,,,,,,
1月27日,地区级,福建,莆田,8.0,,,,,,,,
1月27日,地区级,福建,泉州,5.0,,,,,,,,
1月27日,地区级,福建,漳州,1.0,,,,,,,,
1月27日,省级,福建,,24.0,,,,,,,,
1月27日,地区级,甘肃,金昌,1.0,,,,,,,,
1月27日,地区级,甘肃,兰州,3.0,,,,,,,,
1月27日,地区级,甘肃,天水,1.0,,,,,,,,
1月27日,省级,甘肃,,5.0,,,,,,,,
1月27日,地区级,广西,北海,2.0,,,,,,,,
1月27日,地区级,广西,桂林,1.0,,,,,,,,
1月27日,地区级,广西,梧州,2.0,,,,,,,,
1月27日,省级,广西,,5.0,,,,,,,,
1月27日,地区级,贵州,黔南州,2.0,,,,,,,,
1月27日,省级,贵州,,2.0,,,,,,,,
1月27日,地区级,海南,澄迈县,,,1.0,,,,,,
1月27日,地区级,海南,儋州,1.0,,,,,,,,
1月27日,地区级,海南,海口,1.0,,,,,,,,
1月27日,地区级,海南,琼海,1.0,,,,,,,,
1月27日,地区级,海南,三亚,4.0,,,,,,,,
1月27日,省级,海南,,7.0,,1.0,,,,,,1.0
1月27日,地区级,河北,沧州,3.0,,,,,,,,
1月27日,地区级,河北,邯郸,2.0,,,,,,,,
1月27日,地区级,河北,衡水,2.0,,,,,,,,
1月27日,地区级,河北,廊坊,4.0,,,,,,,,
1月27日,地区级,河北,石家庄,2.0,,,,,,,,
1月27日,地区级,河北,唐山,1.0,,,,,,,,
1月27日,地区级,河北,邢台,1.0,,,,,,,,
1月27日,省级,河北,,15.0,,,,,,,,1.0
1月27日,地区级,黑龙江,哈尔滨,2.0,,,,,,,,
1月27日,地区级,黑龙江,七台河,1.0,,,,,,,,
1月27日,地区级,黑龙江,齐齐哈尔,1.0,,,,,,,,
1月27日,地区级,黑龙江,绥化,5.0,,,,,,,,
1月27日,省级,黑龙江,,9.0,,,,,,,,1.0
1月27日,地区级,湖北,鄂州,37.0,,,,,,,,
1月27日,地区级,湖北,恩施州,13.0,,,,,,,,
1月27日,地区级,湖北,黄冈,59.0,2.0,,,,,,,
1月27日,地区级,湖北,黄石,17.0,,,,,,,,
1月27日,地区级,湖北,荆门,24.0,,,,,,,,
1月27日,地区级,湖北,荆州,24.0,1.0,,,,,,,
1月27日,地区级,湖北,潜江,2.0,,,,,,,,
1月27日,地区级,湖北,神农架,1.0,,,,,,,,
1月27日,地区级,湖北,十堰,25.0,,,,,,,,
1月27日,地区级,湖北,随州,18.0,,,,,,,,
1月27日,地区级,湖北,天门,10.0,,2.0,,,,,,
1月27日,地区级,湖北,武汉,892.0,,22.0,,,,,,
1月27日,地区级,湖北,仙桃,15.0,,,,,,,,
1月27日,地区级,湖北,咸宁,27.0,,,,,,,,
1月27日,地区级,湖北,襄阳,34.0,,,,,,,,
1月27日,地区级,湖北,孝感,73.0,,,,,,,,
1月27日,地区级,湖北,宜昌,20.0,,,,,,,,
1月27日,省级,湖北,,1291.0,3.0,24.0,,,,,47.0,100.0
1月27日,地区级,湖南,常德,7.0,,,,,,,,
1月27日,地区级,湖南,郴州,1.0,,,,,,,,
1月27日,地区级,湖南,衡阳,3.0,,,,,,,,
1月27日,地区级,湖南,怀化,5.0,,,,,,,,
1月27日,地区级,湖南,娄底,2.0,,,,,,,,
1月27日,地区级,湖南,邵阳,3.0,,,,,,,,
1月27日,地区级,湖南,湘潭,2.0,,,,,,,,
1月27日,地区级,湖南,益阳,3.0,,,,,,,,
1月27日,地区级,湖南,永州,3.0,,,,,,,,
1月27日,地区级,湖南,岳阳,10.0,,,,,,,,
1月27日,地区级,湖南,长沙,2.0,,,,,,,,
1月27日,地区级,湖南,株洲,2.0,,,,,,,,
1月27日,省级,湖南,,43.0,,,,,,,,
1月27日,地区级,吉林,四平,1.0,,,,,,,,
1月27日,地区级,吉林,吉林,1.0,,,,,,,,
1月27日,省级,吉林,,2.0,,,,,,,,
1月27日,地区级,江苏,常州,2.0,,,,,,,,
1月27日,地区级,江苏,南京,3.0,,,,,,,,
1月27日,地区级,江苏,南通,2.0,,,,,,,,
1月27日,地区级,江苏,苏州,4.0,,,,,,,,
1月27日,地区级,江苏,泰州,2.0,,,,,,,,
1月27日,地区级,江苏,无锡,2.0,,,,,,,,
1月27日,地区级,江苏,宿迁,2.0,,,,,,,,
1月27日,地区级,江苏,徐州,5.0,,,,,,,,
1月27日,地区级,江苏,扬州,1.0,,,,,,,,
1月27日,省级,江苏,,23.0,,,,,,,1.0,
1月27日,地区级,江西,抚州,1.0,,,,,,,,
1月27日,地区级,江西,赣州,3.0,,,,,,,,
1月27日,地区级,江西,吉安,,1.0,,,,,,,
1月27日,地区级,江西,九江,5.0,,,,,,,,
1月27日,地区级,江西,南昌,9.0,,,,,,,,
1月27日,地区级,江西,萍乡,,1.0,,,,,,,
1月27日,地区级,江西,上饶,1.0,,,,,,,,
1月27日,地区级,江西,新余,,,,,,,,,
1月27日,地区级,江西,宜春,4.0,,,,,,,,
1月27日,地区级,江西,鹰潭,1.0,,,,,,,,
1月27日,省级,江西,,24.0,2.0,,,,,,2.0,
1月27日,地区级,辽宁,大连,1.0,,,,,,,,
1月27日,地区级,辽宁,丹东,4.0,,,,,,,,
1月27日,地区级,辽宁,辽阳,1.0,,,,,,,,
1月27日,地区级,辽宁,沈阳,2.0,,,,,,,,
1月27日,省级,辽宁,,8.0,,,,,,,,
1月27日,地区级,内蒙古,包头,1.0,,,,,,,,
1月27日,地区级,内蒙古,赤峰,1.0,,,,,,,,
1月27日,地区级,内蒙古,呼和浩特,,,,,,,,,
1月27日,省级,内蒙古,,2.0,,,,,,,,
1月27日,地区级,宁夏,吴忠,2.0,,,,,,,,
1月27日,地区级,宁夏,银川,2.0,,,,,,,,
1月27日,省级,宁夏,,4.0,,,,,,,,
1月27日,地区级,青海,西宁,2.0,,,,,,,,
1月27日,省级,青海,,2.0,,,,,,,,
1月27日,地区级,山东,滨州,1.0,,,,,,,,
1月27日,地区级,山东,德州,2.0,,,,,,,,
1月27日,地区级,山东,菏泽,1.0,,,,,,,,
1月27日,地区级,山东,济南,3.0,,,,,,,,
1月27日,地区级,山东,聊城,2.0,,,,,,,,
1月27日,地区级,山东,临沂,1.0,,,,,,,,
1月27日,地区级,山东,青岛,3.0,,,,,,,,
1月27日,地区级,山东,日照,1.0,,,,,,,,
1月27日,地区级,山东,泰安,1.0,,,,,,,,
1月27日,地区级,山东,威海,3.0,,,,,,,,
1月27日,地区级,山东,烟台,4.0,,,,,,,,
1月27日,地区级,山东,枣庄,2.0,,,,,,,,
1月27日,省级,山东,,24.0,,,,,,,,
1月27日,地区级,山西,晋中,3.0,,,,,,,,
1月27日,地区级,山西,吕梁,2.0,,,,,,,,
1月27日,地区级,山西,太原,1.0,,,,,,,,
1月27日,地区级,山西,运城,1.0,,,,,,,,
1月27日,省级,山西,,7.0,,,,,,,,
1月27日,地区级,陕西,安康,1.0,,,,,,,,
1月27日,地区级,陕西,宝鸡,3.0,,,,,,,,
1月27日,地区级,陕西,汉中,1.0,,,,,,,,
1月27日,地区级,陕西,商洛,1.0,,,,,,,,
1月27日,地区级,陕西,渭南,2.0,,,,,,,,
1月27日,地区级,陕西,西安,3.0,,,,,,,,
1月27日,省级,陕西,,11.0,,,,,,,,
1月27日,地区级,上海,地区待确认,,,,-52.0,,,,,
1月27日,地区级,上海,黄浦,1.0,,,,,,,,
1月27日,地区级,上海,浦东,2.0,,,,,,,,
1月27日,地区级,上海,外地来沪,,2.0,,,,,,,
1月27日,地区级,上海,外地来沪,10.0,,,,,,,,
1月27日,地区级,上海,浦东,,,,7.0,,,,,
1月27日,地区级,上海,长宁,,,,5.0,,,,,
1月27日,地区级,上海,静安,,,,5.0,,,,,
1月27日,地区级,上海,徐汇,,,,3.0,,,,,
1月27日,地区级,上海,虹口,,,,2.0,,,,,
1月27日,地区级,上海,闵行,,,,2.0,,,,,
1月27日,地区级,上海,青浦,,,,2.0,,,,,
1月27日,地区级,上海,黄浦,,,,1.0,,,,,
1月27日,地区级,上海,宝山,,,,1.0,,,,,
1月27日,地区级,上海,嘉定,,,,1.0,,,,,
1月27日,地区级,上海,奉贤,,,,1.0,,,,,
1月27日,地区级,上海,外地来沪,,,,22.0,,,,,
1月27日,省级,上海,,13.0,2.0,,,,,,3.0,1.0
1月27日,地区级,四川,成都,4.0,,,,,,,,
1月27日,地区级,四川,甘孜,1.0,,,,,,,,
1月27日,地区级,四川,广安,1.0,,,,,,,,
1月27日,地区级,四川,乐山,1.0,,,,,,,,
1月27日,地区级,四川,凉山,1.0,,,,,,,,
1月27日,地区级,四川,泸州,1.0,,,,,,,,
1月27日,地区级,四川,绵阳,1.0,,,,,,,,
1月27日,地区级,四川,南充,2.0,,,,,,,,
1月27日,地区级,四川,内江,2.0,,,,,,,,
1月27日,地区级,四川,遂宁,1.0,,,,,,,,
1月27日,地区级,四川,雅安,1.0,,,,,,,,
1月27日,地区级,四川,自贡,5.0,,,,,,,,
1月27日,省级,四川,,21.0,,,,,,,,
1月27日,地区级,台湾,台湾,1.0,,,,,,,,
1月27日,省级,台湾,,1.0,,,,,,,,
1月27日,地区级,天津,河北区,2.0,,,,,,,,
1月27日,地区级,天津,河东区,3.0,,,,,,,,
1月27日,地区级,天津,河西区,3.0,,,,,,,,
1月27日,地区级,天津,红桥区,1.0,,,,,,,,
1月27日,省级,天津,,9.0,,,,,,,,
1月27日,省级,西藏,,,,,,,,,,
1月27日,地区级,香港,香港,,,,,,,,,
1月27日,省级,香港,,,,,,,,,,
1月27日,地区级,新疆,兵团第七师,1.0,,,,,,,,
1月27日,地区级,新疆,兵团第八师,1.0,,,,,,,,
1月27日,地区级,新疆,吐鲁番,1.0,,,,,,,,
1月27日,地区级,新疆,乌鲁木齐,1.0,,,,,,,,
1月27日,地区级,新疆,伊犁州,1.0,,,,,,,,
1月27日,省级,新疆,,5.0,,,,,,,,
1月27日,地区级,云南,保山,2.0,,,,,,,,
1月27日,地区级,云南,大理,2.0,,,,,,,,
1月27日,地区级,云南,红河,1.0,,,,,,,,
1月27日,地区级,云南,昆明,5.0,,,,,,,,
1月27日,地区级,云南,丽江,4.0,,,,,,,,
1月27日,地区级,云南,曲靖,1.0,,,,,,,,
1月27日,地区级,云南,西双版纳州,5.0,,,,,,,,
1月27日,地区级,云南,玉溪,4.0,,,,,,,,
1月27日,地区级,云南,昭通,1.0,,,,,,,,
1月27日,省级,云南,,25.0,,,,,,,,
1月27日,地区级,浙江,杭州,5.0,,,,,,,,
1月27日,地区级,浙江,嘉兴,3.0,,,,,,,,
1月27日,地区级,浙江,金华,2.0,,,,,,,,
1月27日,地区级,浙江,丽水,2.0,,,,,,,,
1月27日,地区级,浙江,宁波,4.0,,,,,,,,
1月27日,地区级,浙江,绍兴,1.0,,,,,,,,
1月27日,地区级,浙江,温州,28.0,,,,,,,,
1月27日,省级,浙江,,45.0,,,,,,,1.0,
1月27日,地区级,重庆,垫江县,1.0,,,,,,,,
1月27日,地区级,重庆,合川区,1.0,,,,,,,,
1月27日,地区级,重庆,江北区,1.0,,,,,,,,
1月27日,地区级,重庆,九龙坡区,1.0,,,,,,,,
1月27日,地区级,重庆,开州区,2.0,,,,,,,,
1月27日,地区级,重庆,两江新区,1.0,,,,,,,,
1月27日,地区级,重庆,南岸区,1.0,,,,,,,,
1月27日,地区级,重庆,綦江区,1.0,,,,,,,,
1月27日,地区级,重庆,黔江区,1.0,,,,,,,,
1月27日,地区级,重庆,石柱县,3.0,,,,,,,,
1月27日,地区级,重庆,铜梁区,1.0,,,,,,,,
1月27日,地区级,重庆,万州区,1.0,,,,,,,,
1月27日,地区级,重庆,渝北区,1.0,,,,,,,,
1月27日,地区级,重庆,云阳县,2.0,,,,,,,,
1月27日,地区级,重庆,长寿区,1.0,,,,,,,,
1月27日,地区级,重庆,忠县,3.0,,,,,,,,
1月27日,省级,重庆,,22.0,,,,,,,,
1月27日,国家级,,,1771.0,9.0,26.0,,,,,,
1月27日,地区级,北京,朝阳,6.0,,,,,,,,
1月27日,地区级,北京,大兴,2.0,,,,,,,,
1月27日,地区级,北京,地区待确认,,,1.0,,,,,,
1月27日,地区级,北京,东城,1.0,,,,,,,,
1月27日,地区级,北京,丰台,3.0,,,,,,,,
1月27日,地区级,北京,海淀,4.0,,,,,,,,
1月27日,地区级,北京,顺义,1.0,,,,,,,,
1月27日,地区级,北京,通州,1.0,,,,,,,,
1月27日,地区级,北京,西城,1.0,,,,,,,,
1月27日,省级,北京,,19.0,,1.0,,,,,2.0,1.0
1月27日,地区级,河南,安阳,4.0,,,,,,,,
1月27日,地区级,河南,焦作,2.0,,,,,,,,
1月27日,地区级,河南,开封,1.0,,,,,,,,
1月27日,地区级,河南,漯河,3.0,,,,,,,,
1月27日,地区级,河南,南阳,7.0,,,,,,,,
1月27日,地区级,河南,商丘,1.0,,,,,,,,
1月27日,地区级,河南,新乡,2.0,,,,,,,,
1月27日,地区级,河南,信阳,6.0,,,,,,,,
1月27日,地区级,河南,许昌,1.0,,,,,,,,
1月27日,地区级,河南,郑州,8.0,,,,,,,,
1月27日,地区级,河南,周口,4.0,,,,,,,,
1月27日,地区级,河南,驻马店,1.0,,,,,,,,
1月27日,省级,河南,,40.0,,,,,,,,1.0
1月27日,地区级,广东,地区待确认,,,,,,,,,
1月27日,地区级,广东,佛山,4.0,,,,,,,,
1月27日,地区级,广东,广州,12.0,,,,,,,,
1月27日,地区级,广东,惠州,3.0,,,,,,,,
1月27日,地区级,广东,揭阳,1.0,,,,,,,,
1月27日,地区级,广东,梅州,2.0,,,,,,,,
1月27日,地区级,广东,清远,2.0,,,,,,,,
1月27日,地区级,广东,汕头,3.0,,,,,,,,
1月27日,地区级,广东,深圳,13.0,2.0,,,,,,,
1月27日,地区级,广东,中山,2.0,,,,,,,,
1月27日,省级,广东,,42.0,2.0,,,,,,4.0,
1月28日,地区级,安徽,安庆,10.0,,,,,,,,
1月28日,地区级,安徽,亳州,7.0,,,,,,,,
1月28日,地区级,安徽,阜阳,2.0,,,,,,,,
1月28日,地区级,安徽,合肥,13.0,,,,,,,,
1月28日,地区级,安徽,黄山,3.0,,,,,,,,
1月28日,地区级,安徽,六安,2.0,,,,,,,,
1月28日,地区级,安徽,马鞍山,1.0,,,,,,,,
1月28日,地区级,安徽,芜湖,2.0,,,,,,,,
1月28日,地区级,安徽,宿松,,,,,,,,,
1月28日,地区级,安徽,宿州,6.0,,,,,,,,
1月28日,省级,安徽,,46.0,,,,,,,,
1月28日,地区级,澳门,澳门,,,,,,,,,
1月28日,省级,澳门,,,,,,,,,,
1月28日,地区级,福建,福州,6.0,,,,,,,,
1月28日,地区级,福建,龙岩,1.0,,,,,,,,
1月28日,地区级,福建,南平,1.0,,,,,,,,
1月28日,地区级,福建,宁德,1.0,,,,,,,,
1月28日,地区级,福建,莆田,4.0,,,,,,,,
1月28日,地区级,福建,泉州,3.0,,,,,,,,
1月28日,地区级,福建,三明,4.0,,,,,,,,
1月28日,地区级,福建,厦门,1.0,,,,,,,,
1月28日,地区级,福建,厦门,1.0,,,,,,,,
1月28日,地区级,福建,漳州,1.0,,,,,,,,
1月28日,省级,福建,,23.0,,,,,,,,
1月28日,地区级,甘肃,兰州,3.0,,,,,,,,
1月28日,地区级,甘肃,平凉,1.0,,,,,,,,
1月28日,地区级,甘肃,张掖,1.0,,,,,,,,
1月28日,省级,甘肃,,5.0,,,,,,,,
1月28日,地区级,广西,北海,2.0,,,,,,,,
1月28日,地区级,广西,防城港,2.0,1.0,,,,,,,
1月28日,地区级,广西,桂林,1.0,,,,,,,,
1月28日,地区级,广西,南宁,2.0,,,,,,,,
1月28日,地区级,广西,梧州,,1.0,,,,,,,
1月28日,省级,广西,,7.0,2.0,,,,,,2.0,0.0
1月28日,地区级,贵州,贵阳,,1.0,,,,,,,
1月28日,省级,贵州,,,1.0,,,,,,1.0,
1月28日,地区级,海南,东方,1.0,,,,,,,,
1月28日,地区级,海南,海口,2.0,,,,,,,,
1月28日,地区级,海南,琼中县,1.0,,,,,,,,
1月28日,地区级,海南,万宁,1.0,,,,,,,,
1月28日,省级,海南,,5.0,,,,,,,,1.0
1月28日,地区级,河北,保定,3.0,,,,,,,,
1月28日,地区级,河北,沧州,3.0,,,,,,,,
1月28日,地区级,河北,衡水,1.0,,,,,,,,
1月28日,地区级,河北,廊坊,3.0,,,,,,,,
1月28日,地区级,河北,石家庄,1.0,,,,,,,,
1月28日,地区级,河北,唐山,2.0,,,,,,,,
1月28日,地区级,河北,邢台,1.0,,,,,,,,
1月28日,地区级,河北,张家口,1.0,,,,,,,,
1月28日,省级,河北,,15.0,,,,,,,,1.0
1月28日,地区级,黑龙江,大兴安岭,,,,,,,,,
1月28日,地区级,黑龙江,哈尔滨,1.0,,,,,,,,
1月28日,地区级,黑龙江,鸡西,1.0,,,,,,,,
1月28日,地区级,黑龙江,佳木斯,4.0,,,,,,,,
1月28日,地区级,黑龙江,齐齐哈尔,1.0,,,,,,,,
1月28日,省级,黑龙江,,7.0,,,,,,,,1.0
1月28日,地区级,湖北,地区待确认,,33.0,,,,,,,
1月28日,地区级,湖北,鄂州,27.0,,1.0,,,,,,
1月28日,地区级,湖北,恩施州,13.0,,,,,,,,
1月28日,地区级,湖北,黄冈,111.0,,1.0,,,,,,
1月28日,地区级,湖北,黄石,33.0,,,,,,,,
1月28日,地区级,湖北,荆门,28.0,,1.0,,,,,,
1月28日,地区级,湖北,荆州,30.0,,,,,,,,
1月28日,地区级,湖北,潜江,1.0,,,,,,,,
1月28日,地区级,湖北,神农架,2.0,,,,,,,,
1月28日,地区级,湖北,十堰,23.0,,,,,,,,
1月28日,地区级,湖北,随州,46.0,,,,,,,,
1月28日,地区级,湖北,天门,11.0,,1.0,,,,,,
1月28日,地区级,湖北,武汉,315.0,,19.0,,,,,,
1月28日,地区级,湖北,仙桃,5.0,,,,,,,,
1月28日,地区级,湖北,咸宁,21.0,,,,,,,,
1月28日,地区级,湖北,襄阳,61.0,,,,,,,,
1月28日,地区级,湖北,孝感,101.0,,2.0,,,,,,
1月28日,地区级,湖北,宜昌,12.0,,,,,,,,
1月28日,省级,湖北,,840.0,33.0,25.0,,,,,80.0,125.0
1月28日,地区级,湖南,常德,7.0,,,,,,,,
1月28日,地区级,湖南,衡阳,10.0,,,,,,,,
1月28日,地区级,湖南,怀化,2.0,,,,,,,,
1月28日,地区级,湖南,娄底,4.0,,,,,,,,
1月28日,地区级,湖南,邵阳,8.0,,,,,,,,
1月28日,地区级,湖南,湘潭,2.0,,,,,,,,
1月28日,地区级,湖南,益阳,4.0,,,,,,,,
1月28日,地区级,湖南,永州,4.0,,,,,,,,
1月28日,地区级,湖南,岳阳,9.0,,,,,,,,
1月28日,地区级,湖南,长沙,22.0,,,,,,,,
1月28日,地区级,湖南,株洲,6.0,,,,,,,,
1月28日,省级,湖南,,78.0,,,,,,,,
1月28日,地区级,吉林,通化,1.0,,,,,,,,
1月28日,省级,吉林,,1.0,,,,,,,,
1月28日,地区级,江苏,淮安,1.0,,,,,,,,
1月28日,地区级,江苏,南京,4.0,,,,,,,,
1月28日,地区级,江苏,苏州,8.0,,,,,,,,
1月28日,地区级,江苏,泰州,4.0,,,,,,,,
1月28日,地区级,江苏,无锡,3.0,,,,,,,,
1月28日,地区级,江苏,宿迁,1.0,,,,,,,,
1月28日,地区级,江苏,盐城,5.0,,,,,,,,
1月28日,地区级,江苏,扬州,3.0,,,,,,,,
1月28日,省级,江苏,,29.0,,,,,,,1.0,
1月28日,地区级,江西,抚州,1.0,,,,,,,,
1月28日,地区级,江西,赣州,6.0,,,,,,,,
1月28日,地区级,江西,吉安,1.0,,,,,,,,
1月28日,地区级,江西,九江,7.0,,,,,,,,
1月28日,地区级,江西,南昌,8.0,,,,,,,,
1月28日,地区级,江西,上饶,2.0,,,,,,,,
1月28日,地区级,江西,新余,8.0,1.0,,,,,,,
1月28日,地区级,江西,宜春,4.0,,,,,,,,
1月28日,省级,江西,,37.0,1.0,,,,,,3.0,
1月28日,地区级,辽宁,朝阳市,1.0,,,,,,,,
1月28日,地区级,辽宁,葫芦岛,1.0,,,,,,,,
1月28日,地区级,辽宁,锦州,4.0,,,,,,,,
1月28日,省级,辽宁,,6.0,,,,,,,,
1月28日,地区级,内蒙古,巴彦淖尔,1.0,,,,,,,,
1月28日,地区级,内蒙古,呼和浩特,2.0,,,,,,,,
1月28日,省级,内蒙古,,3.0,,,,,,,,
1月28日,地区级,宁夏,吴忠,1.0,,,,,,,,
1月28日,省级,宁夏,,1.0,,,,,,,,
1月28日,省级,青海,,,,,,,,,,
1月28日,地区级,山东,滨州,,,,,,,,,
1月28日,地区级,山东,滨州,2.0,,,,,,,,
1月28日,地区级,山东,德州,3.0,,,,,,,,
1月28日,地区级,山东,菏泽,3.0,,,,,,,,
1月28日,地区级,山东,济南,1.0,,,,,,,,
1月28日,地区级,山东,聊城,,,,,,,,,
1月28日,地区级,山东,临沂,,,,,,,,,
1月28日,地区级,山东,临沂,7.0,,,,,,,,
1月28日,地区级,山东,青岛,2.0,,,,,,,,
1月28日,地区级,山东,日照,,,,,,,,,
1月28日,地区级,山东,日照,1.0,,,,,,,,
1月28日,地区级,山东,泰安,2.0,,,,,,,,
1月28日,地区级,山东,威海,,,,,,,,,
1月28日,地区级,山东,威海,1.0,,,,,,,,
1月28日,地区级,山东,潍坊,2.0,,,,,,,,
1月28日,地区级,山东,烟台,2.0,,,,,,,,
1月28日,地区级,山东,枣庄,6.0,,,,,,,,
1月28日,地区级,山东,淄博,2.0,,,,,,,,
1月28日,省级,山东,,34.0,,,,,,,,
1月28日,地区级,山西,大同,2.0,,,,,,,,
1月28日,地区级,山西,晋中,4.0,,,,,,,,
1月28日,地区级,山西,太原,,,,,,,,,
1月28日,地区级,山西,运城,1.0,,,,,,,,
1月28日,省级,山西,,7.0,,,,,,,,
1月28日,地区级,陕西,安康,2.0,,,,,,,,
1月28日,地区级,陕西,宝鸡,1.0,,,,,,,,
1月28日,地区级,陕西,汉中,2.0,,,,,,,,
1月28日,地区级,陕西,西安,3.0,,,,,,,,
1月28日,地区级,陕西,咸阳,1.0,,,,,,,,
1月28日,地区级,陕西,延安,1.0,,,,,,,,
1月28日,省级,陕西,,10.0,,,,,,,,
1月28日,地区级,上海,宝山,1.0,,,,,,,,
1月28日,地区级,上海,奉贤,,,,,,,,,
1月28日,地区级,上海,黄浦,1.0,,,,,,,,
1月28日,地区级,上海,嘉定,,,,,,,,,
1月28日,地区级,上海,金山,,,,,,,,,
1月28日,地区级,上海,静安,2.0,,,,,,,,
1月28日,地区级,上海,浦东,3.0,,,,,,,,
1月28日,地区级,上海,松江,,,,,,,,,
1月28日,地区级,上海,外地来沪,7.0,1.0,,,,,,,
1月28日,地区级,上海,徐汇,,,,,,,,,
1月28日,省级,上海,,14.0,1.0,,,,,,4.0,1.0
1月28日,地区级,四川,巴中,2.0,,,,,,,,
1月28日,地区级,四川,成都,9.0,,,,,,,,
1月28日,地区级,四川,达州,1.0,,,,,,,,
1月28日,地区级,四川,德阳,1.0,,,,,,,,
1月28日,地区级,四川,广元,1.0,,,,,,,,
1月28日,地区级,四川,泸州,1.0,,,,,,,,
1月28日,地区级,四川,南充,1.0,,,,,,,,
1月28日,地区级,四川,内江,1.0,,,,,,,,
1月28日,地区级,四川,宜宾,1.0,,,,,,,,
1月28日,省级,四川,,18.0,,,,,,,,
1月28日,地区级,台湾,台湾,3.0,,,,,,,,
1月28日,省级,台湾,,3.0,,,,,,,,
1月28日,地区级,天津,西青区,1.0,,,,,,,,
1月28日,省级,天津,,1.0,,,,,,,,
1月28日,省级,西藏,,,,,,,,,,
1月28日,地区级,香港,香港,2.0,,,,,,,,
1月28日,省级,香港,,2.0,,,,,,,,
1月28日,地区级,新疆,乌鲁木齐,1.0,,,,,,,,
1月28日,地区级,新疆,伊犁州,2.0,,,,,,,,
1月28日,省级,新疆,,3.0,,,,,,,,
1月28日,地区级,云南,昆明,3.0,,,,,,,,
1月28日,地区级,云南,普洱,1.0,,,,,,,,
1月28日,地区级,云南,曲靖,3.0,,,,,,,,
1月28日,省级,云南,,7.0,,,,,,,,
1月28日,地区级,浙江,杭州,19.0,,,,,,,,
1月28日,地区级,浙江,湖州,2.0,,,,,,,,
1月28日,地区级,浙江,嘉兴,3.0,,,,,,,,
1月28日,地区级,浙江,金华,6.0,,,,,,,,
1月28日,地区级,浙江,丽水,1.0,,,,,,,,
1月28日,地区级,浙江,宁波,3.0,,,,,,,,
1月28日,地区级,浙江,衢州,3.0,,,,,,,,
1月28日,地区级,浙江,绍兴,12.0,,,,,,,,
1月28日,地区级,浙江,台州,18.0,,,,,,,,
1月28日,地区级,浙江,温州,54.0,2.0,,,,,,,
1月28日,地区级,浙江,舟山,2.0,,,,,,,,
1月28日,省级,浙江,,123.0,2.0,,,,,,3.0,
1月28日,地区级,重庆,璧山区,1.0,,,,,,,,
1月28日,地区级,重庆,奉节县,1.0,,,,,,,,
1月28日,地区级,重庆,合川区,1.0,,,,,,,,
1月28日,地区级,重庆,江北区,1.0,,,,,,,,
1月28日,地区级,重庆,开州区,2.0,,,,,,,,
1月28日,地区级,重庆,綦江区,2.0,,,,,,,,
1月28日,地区级,重庆,石柱县,1.0,,,,,,,,
1月28日,地区级,重庆,万州区,2.0,,,,,,,,
1月28日,地区级,重庆,渝中区,1.0,,,,,,,,
1月28日,地区级,重庆,云阳县,1.0,,,,,,,,
1月28日,地区级,重庆,忠县,2.0,,,,,,,,
1月28日,省级,重庆,,15.0,,,,,,,,
1月28日,国家级,,,1459.0,43.0,26.0,,,,,,
1月28日,地区级,北京,昌平,1.0,,,,,,,,
1月28日,地区级,北京,朝阳,2.0,,,,,,,,
1月28日,地区级,北京,大兴,3.0,,,,,,,,
1月28日,地区级,北京,地区待确认,,2.0,,,,,,,
1月28日,地区级,北京,丰台,1.0,,,,,,,,
1月28日,地区级,北京,海淀,2.0,,,,,,,,
1月28日,地区级,北京,门头沟,1.0,,,,,,,,
1月28日,地区级,北京,西城,1.0,,,,,,,,
1月28日,省级,北京,,11.0,2.0,,,,,,4.0,1.0
1月28日,地区级,河南,安阳,3.0,,,,,,,,
1月28日,地区级,河南,鹤壁,3.0,,,,,,,,
1月28日,地区级,河南,开封,1.0,,,,,,,,
1月28日,地区级,河南,南阳,5.0,,1.0,,,,,,
1月28日,地区级,河南,濮阳,1.0,,,,,,,,
1月28日,地区级,河南,三门峡,1.0,,,,,,,,
1月28日,地区级,河南,商丘,7.0,,,,,,,,
1月28日,地区级,河南,新乡,1.0,,,,,,,,
1月28日,地区级,河南,信阳,3.0,,,,,,,,
1月28日,地区级,河南,郑州,3.0,1.0,,,,,,,
1月28日,地区级,河南,周口,4.0,,,,,,,,
1月28日,地区级,河南,驻马店,6.0,,,,,,,,
1月28日,省级,河南,,38.0,1.0,1.0,,,,,1.0,2.0
1月28日,地区级,广东,地区待确认,,0.0,,,,,,,
1月28日,地区级,广东,东莞,5.0,,,,,,,,
1月28日,地区级,广东,广州,12.0,,,,,,,,
1月28日,地区级,广东,河源,1.0,,,,,,,,
1月28日,地区级,广东,惠州,1.0,1.0,,,,,,,
1月28日,地区级,广东,揭阳,2.0,,,,,,,,
1月28日,地区级,广东,茂名,2.0,,,,,,,,
1月28日,地区级,广东,梅州,1.0,,,,,,,,
1月28日,地区级,广东,清远,1.0,,,,,,,,
1月28日,地区级,广东,汕头,1.0,,,,,,,,
1月28日,地区级,广东,深圳,14.0,,,,,,,,
1月28日,地区级,广东,阳江,2.0,,,,,,,,
1月28日,地区级,广东,湛江,2.0,,,,,,,,
1月28日,地区级,广东,肇庆,1.0,,,,,,,,
1月28日,地区级,广东,中山,6.0,,,,,,,,
1月28日,地区级,广东,珠海,2.0,,,,,,,,
1月28日,省级,广东,,53.0,1.0,,,,,,5.0,
1月29日,地区级,安徽,安庆,6.0,,,,,,,,
1月29日,地区级,安徽,蚌埠,5.0,,,,,,,,
1月29日,地区级,安徽,亳州,5.0,1.0,,,,,,,
1月29日,地区级,安徽,池州,1.0,,,,,,,,
1月29日,地区级,安徽,阜阳,5.0,,,,,,,,
1月29日,地区级,安徽,合肥,10.0,1.0,,,,,,,
1月29日,地区级,安徽,淮南,4.0,,,,,,,,
1月29日,地区级,安徽,六安,2.0,,,,,,,,
1月29日,地区级,安徽,马鞍山,3.0,,,,,,,,
1月29日,地区级,安徽,铜陵,1.0,,,,,,,,
1月29日,地区级,安徽,芜湖,3.0,,,,,,,,
1月29日,地区级,安徽,宿松,,,,,,,,,
1月29日,地区级,安徽,宿州,1.0,,,,,,,,
1月29日,地区级,安徽,宣城,2.0,,,,,,,,
1月29日,省级,安徽,,48.0,2.0,,,,,,2.0,
1月29日,地区级,澳门,澳门,,,,,,,,,
1月29日,省级,澳门,,,,,,,,,,
1月29日,地区级,福建,福州,6.0,,,,,,,,
1月29日,地区级,福建,宁德,1.0,,,,,,,,
1月29日,地区级,福建,莆田,3.0,,,,,,,,
1月29日,地区级,福建,泉州,5.0,,,,,,,,
1月29日,地区级,福建,三明,2.0,,,,,,,,
1月29日,地区级,福建,厦门,1.0,,,,,,,,
1月29日,地区级,福建,漳州,1.0,,,,,,,,
1月29日,省级,福建,,19.0,,,,,,,,
1月29日,地区级,甘肃,定西,1.0,,,,,,,,
1月29日,地区级,甘肃,天水,1.0,,,,,,,,
1月29日,省级,甘肃,,2.0,,,,,,,,
1月29日,地区级,广西,北海,2.0,,,,,,,,
1月29日,地区级,广西,桂林,2.0,,,,,,,,
1月29日,地区级,广西,河池,2.0,,,,,,,,
1月29日,地区级,广西,贺州,1.0,,,,,,,,
1月29日,地区级,广西,柳州,4.0,,,,,,,,
1月29日,地区级,广西,南宁,8.0,,,,,,,,
1月29日,地区级,广西,钦州,1.0,,,,,,,,
1月29日,省级,广西,,20.0,,,,,,,2.0,0.0
1月29日,地区级,贵州,毕节,1.0,,,,,,,,
1月29日,地区级,贵州,黔东南州,1.0,,,,,,,,
1月29日,地区级,贵州,遵义,1.0,,,,,,,,
1月29日,省级,贵州,,3.0,,,,,,,1.0,
1月29日,地区级,海南,陵水县,1.0,,,,,,,,
1月29日,地区级,海南,琼海,2.0,,,,,,,,
1月29日,地区级,海南,三亚,,1.0,,,,,,,
1月29日,省级,海南,,3.0,1.0,,,,,,1.0,1.0
1月29日,地区级,河北,保定,1.0,,,,,,,,
1月29日,地区级,河北,沧州,4.0,,,,,,,,
1月29日,地区级,河北,承德,1.0,,,,,,,,
1月29日,地区级,河北,邯郸,2.0,,,,,,,,
1月29日,地区级,河北,衡水,1.0,,,,,,,,
1月29日,地区级,河北,石家庄,1.0,,,,,,,,
1月29日,地区级,河北,邢台,2.0,,,,,,,,
1月29日,地区级,河北,张家口,5.0,,,,,,,,
1月29日,省级,河北,,17.0,,,,,,,,1.0
1月29日,地区级,黑龙江,大兴安岭,1.0,,,,,,,,
1月29日,地区级,黑龙江,哈尔滨,2.0,,,,,,,,
1月29日,地区级,黑龙江,鹤岗,1.0,,,,,,,,
1月29日,地区级,黑龙江,绥化,2.0,,,,,,,,
1月29日,省级,黑龙江,,6.0,,,,,,,,1.0
1月29日,地区级,湖北,鄂州,39.0,,1.0,,,,,,
1月29日,地区级,湖北,恩施州,15.0,,,,,,,,
1月29日,地区级,湖北,黄冈,172.0,3.0,7.0,,,,,,
1月29日,地区级,湖北,黄石,27.0,,,,,,,,
1月29日,地区级,湖北,荆门,49.0,,,,,,,,
1月29日,地区级,湖北,荆州,50.0,,1.0,,,,,,
1月29日,地区级,湖北,潜江,2.0,,,,,,,,
1月29日,地区级,湖北,神农架,2.0,,,,,,,,
1月29日,地区级,湖北,十堰,31.0,,,,,,,,
1月29日,地区级,湖北,随州,27.0,,,,,,,,
1月29日,地区级,湖北,天门,10.0,,,,,,,,
1月29日,地区级,湖北,武汉,356.0,7.0,25.0,,,,,,
1月29日,地区级,湖北,仙桃,23.0,,,,,,,,
1月29日,地区级,湖北,咸宁,18.0,,,,,,,,
1月29日,地区级,湖北,襄阳,32.0,,,,,,,,
1月29日,地区级,湖北,孝感,125.0,,3.0,,,,,,
1月29日,地区级,湖北,宜昌,54.0,,,,,,,,
1月29日,省级,湖北,,1032.0,10.0,37.0,,,,,90.0,162.0
1月29日,地区级,湖南,常德,4.0,,,,,,,,
1月29日,地区级,湖南,郴州,,,,,,,,,
1月29日,地区级,湖南,郴州,3.0,,,,,,,,
1月29日,地区级,湖南,衡阳,3.0,,,,,,,,
1月29日,地区级,湖南,怀化,5.0,,,,,,,,
1月29日,地区级,湖南,娄底,3.0,,,,,,,,
1月29日,地区级,湖南,邵阳,10.0,,,,,,,,
1月29日,地区级,湖南,湘潭,1.0,,,,,,,,
1月29日,地区级,湖南,湘西自治州,1.0,,,,,,,,
1月29日,地区级,湖南,益阳,3.0,,,,,,,,
1月29日,地区级,湖南,永州,3.0,,,,,,,,
1月29日,地区级,湖南,岳阳,3.0,,,,,,,,
1月29日,地区级,湖南,张家界,1.0,,,,,,,,
1月29日,地区级,湖南,长沙,,,,,,,,,
1月29日,地区级,湖南,长沙,11.0,,,,,,,,
1月29日,地区级,湖南,株洲,5.0,,,,,,,,
1月29日,省级,湖南,,56.0,,,,,,,,
1月29日,地区级,吉林,延边,2.0,,,,,,,,
1月29日,地区级,吉林,长春,3.0,,,,,,,,
1月29日,省级,吉林,,5.0,,,,,,,,
1月29日,地区级,江苏,常州,2.0,,,,,,,,
1月29日,地区级,江苏,淮安,4.0,,,,,,,,
1月29日,地区级,江苏,连云港,3.0,,,,,,,,
1月29日,地区级,江苏,南京,5.0,,,,,,,,
1月29日,地区级,江苏,南通,3.0,,,,,,,,
1月29日,地区级,江苏,苏州,4.0,,,,,,,,
1月29日,地区级,江苏,泰州,1.0,,,,,,,,
1月29日,地区级,江苏,无锡,1.0,,,,,,,,
1月29日,地区级,江苏,徐州,7.0,,,,,,,,
1月29日,省级,江苏,,30.0,,,,,,,1.0,
1月29日,地区级,江西,抚州,4.0,,,,,,,,
1月29日,地区级,江西,赣州,5.0,,,,,,,,
1月29日,地区级,江西,吉安,1.0,,,,,,,,
1月29日,地区级,江西,九江,15.0,,,,,,,,
1月29日,地区级,江西,南昌,21.0,,,,,,,,
1月29日,地区级,江西,萍乡,3.0,,,,,,,,
1月29日,地区级,江西,上饶,2.0,,,,,,,,
1月29日,地区级,江西,新余,,,,,,,,,
1月29日,地区级,江西,鹰潭,2.0,,,,,,,,
1月29日,省级,江西,,53.0,,,,,,,3.0,
1月29日,地区级,辽宁,本溪,1.0,,,,,,,,
1月29日,地区级,辽宁,朝阳市,1.0,,,,,,,,
1月29日,地区级,辽宁,大连,,1.0,,,,,,,
1月29日,地区级,辽宁,葫芦岛,1.0,,,,,,,,
1月29日,地区级,辽宁,盘锦,1.0,,,,,,,,
1月29日,地区级,辽宁,沈阳,1.0,,,,,,,,
1月29日,省级,辽宁,,5.0,1.0,,,,,,1.0,
1月29日,地区级,内蒙古,巴彦淖尔,1.0,,,,,,,,
1月29日,地区级,内蒙古,鄂尔多斯,1.0,,,,,,,,
1月29日,省级,内蒙古,,2.0,,,,,,,,
1月29日,地区级,宁夏,宁东,1.0,,,,,,,,
1月29日,地区级,宁夏,吴忠,2.0,,,,,,,,
1月29日,地区级,宁夏,银川,2.0,,,,,,,,
1月29日,省级,宁夏,,5.0,,,,,,,,
1月29日,地区级,青海,西宁,,,,,,,,,
1月29日,省级,青海,,,,,,,,,,
1月29日,地区级,山东,滨州,1.0,,,,,,,,
1月29日,地区级,山东,德州,,,,,,,,,
1月29日,地区级,山东,济南,3.0,,,,,,,,
1月29日,地区级,山东,济宁,3.0,,,,,,,,
1月29日,地区级,山东,聊城,2.0,,,,,,,,
1月29日,地区级,山东,临沂,1.0,,,,,,,,
1月29日,地区级,山东,青岛,3.0,1.0,,,,,,,
1月29日,地区级,山东,青岛,,,,,,,,,
1月29日,地区级,山东,日照,1.0,,,,,,,,
1月29日,地区级,山东,威海,3.0,,,,,,,,
1月29日,地区级,山东,潍坊,2.0,,,,,,,,
1月29日,地区级,山东,烟台,3.0,,,,,,,,
1月29日,地区级,山东,枣庄,,,,,,,,,
1月29日,地区级,山东,淄博,2.0,,,,,,,,
1月29日,省级,山东,,24.0,1.0,,,,,,1.0,
1月29日,地区级,山西,大同,1.0,,,,,,,,
1月29日,地区级,山西,吕梁,1.0,,,,,,,,
1月29日,地区级,山西,朔州,1.0,,,,,,,,
1月29日,地区级,山西,太原,,1.0,,,,,,,
1月29日,地区级,山西,运城,3.0,,,,,,,,
1月29日,地区级,山西,长治,2.0,,,,,,,,
1月29日,省级,山西,,8.0,1.0,,,,,,1.0,0.0
1月29日,地区级,陕西,渭南,1.0,,,,,,,,
1月29日,地区级,陕西,渭南,1.0,,,,,,,,
1月29日,地区级,陕西,西安,4.0,,,,,,,,
1月29日,地区级,陕西,榆林,1.0,,,,,,,,
1月29日,省级,陕西,,7.0,,,,,,,,
1月29日,地区级,上海,奉贤,4.0,,,,,,,,
1月29日,地区级,上海,黄浦,1.0,,,,,,,,
1月29日,地区级,上海,嘉定,1.0,,,,,,,,
1月29日,地区级,上海,金山,1.0,,,,,,,,
1月29日,地区级,上海,静安,1.0,,,,,,,,
1月29日,地区级,上海,闵行,1.0,,,,,,,,
1月29日,地区级,上海,浦东,1.0,,,,,,,,
1月29日,地区级,上海,松江,1.0,,,,,,,,
1月29日,地区级,上海,外地来沪,8.0,1.0,,,,,,,
1月29日,地区级,上海,徐汇,2.0,,,,,,,,
1月29日,省级,上海,,21.0,1.0,,,,,,5.0,1.0
1月29日,地区级,四川,巴中,2.0,,,,,,,,
1月29日,地区级,四川,成都,13.0,1.0,1.0,,,,,,
1月29日,地区级,四川,达州,2.0,,,,,,,,
1月29日,地区级,四川,德阳,1.0,,,,,,,,
1月29日,地区级,四川,甘孜,2.0,,,,,,,,
1月29日,地区级,四川,广安,2.0,,,,,,,,
1月29日,地区级,四川,广元,2.0,,,,,,,,
1月29日,地区级,四川,眉山,1.0,,,,,,,,
1月29日,地区级,四川,绵阳,1.0,,,,,,,,
1月29日,地区级,四川,南充,4.0,,,,,,,,
1月29日,地区级,四川,遂宁,1.0,,,,,,,,
1月29日,地区级,四川,宜宾,3.0,,,,,,,,
1月29日,省级,四川,,34.0,1.0,1.0,,,,,1.0,1.0
1月29日,地区级,台湾,台湾,,,,,,,,,
1月29日,省级,台湾,,,,,,,,,,
1月29日,地区级,天津,和平区,1.0,,,,,,,,
1月29日,地区级,天津,外地来津,1.0,,,,,,,,
1月29日,地区级,天津,外地来津,1.0,,,,,,,,
1月29日,省级,天津,,3.0,,,,,,,,
1月29日,地区级,西藏,拉萨,1.0,,,,,,,,
1月29日,省级,西藏,,1.0,,,,,,,,
1月29日,地区级,香港,香港,2.0,,,,,,,,
1月29日,省级,香港,,2.0,,,,,,,,
1月29日,地区级,新疆,乌鲁木齐,1.0,,,,,,,,
1月29日,省级,新疆,,1.0,,,,,,,,
1月29日,地区级,云南,保山,1.0,,,,,,,,
1月29日,地区级,云南,大理,1.0,,,,,,,,
1月29日,地区级,云南,红河,2.0,,,,,,,,
1月29日,地区级,云南,昆明,6.0,,,,,,,,
1月29日,地区级,云南,普洱,2.0,,,,,,,,
1月29日,地区级,云南,西双版纳州,4.0,,,,,,,,
1月29日,地区级,云南,玉溪,1.0,,,,,,,,
1月29日,地区级,云南,昭通,2.0,,,,,,,,
1月29日,省级,云南,,19.0,,,,,,,,
1月29日,地区级,浙江,杭州,18.0,,,,,,,,
1月29日,地区级,浙江,嘉兴,2.0,,,,,,,,
1月29日,地区级,浙江,金华,7.0,,,,,,,,
1月29日,地区级,浙江,丽水,,1.0,,,,,,,
1月29日,地区级,浙江,宁波,21.0,,,,,,,,
1月29日,地区级,浙江,衢州,2.0,,,,,,,,
1月29日,地区级,浙江,台州,24.0,,,,,,,,
1月29日,地区级,浙江,温州,58.0,,,,,,,,
1月29日,省级,浙江,,132.0,1.0,,,,,,4.0,
1月29日,地区级,重庆,大足区,1.0,,,,,,,,
1月29日,地区级,重庆,合川区,1.0,,,,,,,,
1月29日,地区级,重庆,江津区,1.0,,,,,,,,
1月29日,地区级,重庆,江北区,1.0,,,,,,,,
1月29日,地区级,重庆,开州区,2.0,,,,,,,,
1月29日,地区级,重庆,南岸区,1.0,,,,,,,,
1月29日,地区级,重庆,万州区,7.0,,,,,,,,
1月29日,地区级,重庆,巫山县,,1.0,,,,,,,
1月29日,地区级,重庆,武隆区,1.0,,,,,,,,
1月29日,地区级,重庆,渝北区,1.0,,,,,,,,
1月29日,地区级,重庆,渝中区,1.0,,,,,,,,
1月29日,地区级,重庆,云阳县,1.0,,,,,,,,
1月29日,地区级,重庆,忠县,,,,,,,,,
1月29日,省级,重庆,,18.0,1.0,,,,,,1.0,
1月29日,国家级,,,1737.0,21.0,38.0,,,,,,
1月29日,地区级,北京,昌平,1.0,,,,,,,,
1月29日,地区级,北京,朝阳,2.0,,,,,,,,
1月29日,地区级,北京,丰台,3.0,,,,,,,,
1月29日,地区级,北京,海淀,1.0,,,,,,,,
1月29日,地区级,北京,怀柔,1.0,,,,,,,,
1月29日,地区级,北京,通州,1.0,,,,,,,,
1月29日,地区级,北京,西城,3.0,,,,,,,,
1月29日,省级,北京,,12.0,,,,,,,4.0,1.0
1月29日,地区级,河南,安阳,2.0,,,,,,,,
1月29日,地区级,河南,鹤壁,1.0,,,,,,,,
1月29日,地区级,河南,安阳,1.0,,,,,,,,
1月29日,地区级,河南,开封,1.0,,,,,,,,
1月29日,地区级,河南,漯河,2.0,,,,,,,,
1月29日,地区级,河南,南阳,20.0,,,,,,,,
1月29日,地区级,河南,平顶山,3.0,,,,,,,,
1月29日,地区级,河南,三门峡,1.0,,,,,,,,
1月29日,地区级,河南,商丘,4.0,,,,,,,,
1月29日,地区级,河南,新乡,4.0,,,,,,,,
1月29日,地区级,河南,信阳,10.0,,,,,,,,
1月29日,地区级,河南,许昌,1.0,,,,,,,,
1月29日,地区级,河南,新乡,1.0,,,,,,,,
1月29日,地区级,河南,郑州,6.0,1.0,,,,,,,
1月29日,地区级,河南,周口,6.0,,,,,,,,
1月29日,地区级,河南,驻马店,9.0,,,,,,,,
1月29日,省级,河南,,72.0,1.0,,,,,,2.0,2.0
1月29日,地区级,广东,地区待确认,,,,,,,,,
1月29日,地区级,广东,佛山,7.0,,,,,,,,
1月29日,地区级,广东,广州,16.0,,,,,,,,
1月29日,地区级,广东,惠州,5.0,,,,,,,,
1月29日,地区级,广东,江门,1.0,,,,,,,,
1月29日,地区级,广东,茂名,1.0,,,,,,,,
1月29日,地区级,广东,梅州,1.0,,,,,,,,
1月29日,地区级,广东,汕头,6.0,,,,,,,,
1月29日,地区级,广东,深圳,23.0,,,,,,,,
1月29日,地区级,广东,湛江,2.0,1.0,,,,,,,
1月29日,地区级,广东,中山,4.0,,,,,,,,
1月29日,地区级,广东,珠海,4.0,,,,,,,,
1月29日,省级,广东,,70.0,1.0,,,,,,6.0,
1月30日,地区级,安徽,蚌埠,7.0,,,,,,,,
1月30日,地区级,安徽,池州,2.0,,,,,,,,
1月30日,地区级,安徽,阜阳,10.0,,,,,,,,
1月30日,地区级,安徽,合肥,11.0,,,,,,,,
1月30日,地区级,安徽,黄山,2.0,,,,,,,,
1月30日,地区级,安徽,六安,1.0,1.0,,,,,,,
1月30日,地区级,安徽,铜陵,4.0,,,,,,,,
1月30日,省级,安徽,,37.0,1.0,,,,,,3.0,
1月30日,地区级,澳门,澳门,,,,,,,,,
1月30日,省级,澳门,,,,,,,,,,
1月30日,地区级,福建,福州,2.0,,,,,,,,
1月30日,地区级,福建,宁德,1.0,,,,,,,,
1月30日,地区级,福建,莆田,5.0,,,,,,,,
1月30日,地区级,福建,泉州,4.0,,,,,,,,
1月30日,地区级,福建,厦门,6.0,,,,,,,,
1月30日,地区级,福建,漳州,1.0,,,,,,,,
1月30日,省级,福建,,19.0,,,,,,,,
1月30日,地区级,甘肃,兰州,2.0,,,-1.0,,,,,
1月30日,地区级,甘肃,陇南,2.0,,,,,,,,
1月30日,省级,甘肃,,4.0,,,-1.0,,,,,
1月30日,地区级,广西,北海,2.0,,,,,,,,
1月30日,地区级,广西,防城港,2.0,,,,,,,,
1月30日,地区级,广西,河池,1.0,,,,,,,,
1月30日,地区级,广西,柳州,1.0,,,,,,,,
1月30日,地区级,广西,南宁,1.0,,,,,,,,
1月30日,地区级,广西,玉林,2.0,,,,,,,,
1月30日,省级,广西,,9.0,,,,,,,2.0,0.0
1月30日,地区级,贵州,毕节,,,,,,,,,
1月30日,地区级,贵州,贵阳,,,,,,,,,
1月30日,地区级,贵州,六盘水,3.0,,,,,,,,
1月30日,地区级,贵州,黔东南州,,,,,,,,,
1月30日,地区级,贵州,铜仁,,,,,,,,,
1月30日,地区级,贵州,遵义,,,,,,,,,
1月30日,省级,贵州,,3.0,,,,,,,1.0,
1月30日,地区级,海南,昌江县,1.0,,,,,,,,
1月30日,地区级,海南,定安县,1.0,,,,,,,,
1月30日,地区级,海南,琼海,1.0,,,,,,,,
1月30日,省级,海南,,3.0,,,,,,,1.0,1.0
1月30日,地区级,河北,保定,4.0,,,,,,,,
1月30日,地区级,河北,沧州,6.0,,,,,,,,
1月30日,地区级,河北,邯郸,1.0,,,,,,,,
1月30日,地区级,河北,唐山,4.0,,,,,,,,
1月30日,地区级,河北,邢台,2.0,,,,,,,,
1月30日,省级,河北,,17.0,,,,,,,0.0,1.0
1月30日,地区级,黑龙江,大庆,2.0,,,,,,,,
1月30日,地区级,黑龙江,大兴安岭,1.0,,,,,,,,
1月30日,地区级,黑龙江,哈尔滨,5.0,,,,,,,,
1月30日,地区级,黑龙江,鸡西,1.0,,,,,,,,
1月30日,地区级,黑龙江,佳木斯,3.0,,,,,,,,
1月30日,地区级,黑龙江,牡丹江,1.0,,,,,,,,
1月30日,地区级,黑龙江,七台河,1.0,,,,,,,,
1月30日,地区级,黑龙江,绥化,2.0,,1.0,,,,,,
1月30日,省级,黑龙江,,16.0,,1.0,,,,,0.0,2.0
1月30日,地区级,湖北,鄂州,66.0,,4.0,,,,,,
1月30日,地区级,湖北,恩施州,9.0,,,,,,,,
1月30日,地区级,湖北,黄冈,77.0,1.0,,,,,,,
1月30日,地区级,湖北,黄石,55.0,,,,,,,,
1月30日,地区级,湖北,荆门,36.0,,1.0,,,,,,
1月30日,地区级,湖北,荆州,70.0,,,,,,,,
1月30日,地区级,湖北,潜江,2.0,,,,,,,,
1月30日,地区级,湖北,神农架,2.0,2.0,,,,,,,
1月30日,地区级,湖北,十堰,31.0,,,,,,,,
1月30日,地区级,湖北,随州,85.0,,,,,,,,
1月30日,地区级,湖北,天门,23.0,,3.0,,,,,,
1月30日,地区级,湖北,武汉,378.0,21.0,30.0,,,,,,
1月30日,地区级,湖北,仙桃,35.0,,1.0,,,,,,
1月30日,地区级,湖北,咸宁,36.0,,,,,,,,
1月30日,地区级,湖北,襄阳,123.0,,,,,,,,
1月30日,地区级,湖北,孝感,142.0,2.0,3.0,,,,,,
1月30日,地区级,湖北,宜昌,50.0,,,,,,,,
1月30日,省级,湖北,,1220.0,26.0,42.0,,,,,116.0,204.0
1月30日,地区级,湖南,常德,7.0,,,,,,,,
1月30日,地区级,湖南,郴州,2.0,1.0,,,,,,,
1月30日,地区级,湖南,衡阳,5.0,,,,,,,,
1月30日,地区级,湖南,怀化,3.0,,,,,,,,
1月30日,地区级,湖南,娄底,4.0,,,,,,,,
1月30日,地区级,湖南,邵阳,7.0,,,,,,,,
1月30日,地区级,湖南,湘潭,1.0,,,,,,,,
1月30日,地区级,湖南,湘西自治州,1.0,,,,,,,,
1月30日,地区级,湖南,益阳,3.0,,,,,,,,
1月30日,地区级,湖南,永州,2.0,,,,,,,,
1月30日,地区级,湖南,岳阳,8.0,,,,,,,,
1月30日,地区级,湖南,长沙,11.0,1.0,,,,,,,
1月30日,地区级,湖南,株洲,1.0,,,,,,,,
1月30日,省级,湖南,,55.0,2.0,,,,,,2.0,
1月30日,地区级,吉林,长春,,1.0,,,,,,,
1月30日,省级,吉林,,,1.0,,,,,,1.0,0.0
1月30日,地区级,江苏,常州,3.0,,,,,,,,
1月30日,地区级,江苏,淮安,3.0,,,,,,,,
1月30日,地区级,江苏,连云港,3.0,,,,,,,,
1月30日,地区级,江苏,南京,6.0,,,,,,,,
1月30日,地区级,江苏,南通,1.0,,,,,,,,
1月30日,地区级,江苏,苏州,8.0,1.0,,,,,,,
1月30日,地区级,江苏,泰州,3.0,,,,,,,,
1月30日,地区级,江苏,无锡,2.0,,,,,,,,
1月30日,地区级,江苏,宿迁,3.0,,,,,,,,
1月30日,地区级,江苏,徐州,5.0,,,,,,,,
1月30日,地区级,江苏,盐城,2.0,,,,,,,,
1月30日,省级,江苏,,39.0,1.0,,,,,,2.0,
1月30日,地区级,江西,抚州,2.0,,,,,,,,
1月30日,地区级,江西,赣州,6.0,,,,,,,,
1月30日,地区级,江西,吉安,3.0,,,,,,,,
1月30日,地区级,江西,景德镇,1.0,1.0,,,,,,,
1月30日,地区级,江西,九江,11.0,,,,,,,,
1月30日,地区级,江西,南昌,21.0,1.0,,,,,,,
1月30日,地区级,江西,萍乡,3.0,,,,,,,,
1月30日,地区级,江西,上饶,1.0,1.0,,,,,,,
1月30日,地区级,江西,新余,17.0,1.0,,,,,,,
1月30日,地区级,江西,宜春,12.0,,,,,,,,
1月30日,地区级,江西,鹰潭,1.0,,,,,,,,
1月30日,省级,江西,,78.0,4.0,,,,,,7.0,
1月30日,地区级,辽宁,朝阳市,1.0,,,,,,,,
1月30日,地区级,辽宁,大连,2.0,,,,,,,,
1月30日,地区级,辽宁,沈阳,1.0,,,,,,,,
1月30日,省级,辽宁,,4.0,,,,,,,,
1月30日,地区级,内蒙古,呼伦贝尔,,,,,,,,,
1月30日,地区级,内蒙古,乌兰察布,2.0,,,,,,,,
1月30日,省级,内蒙古,,2.0,,,,,,,,
1月30日,地区级,宁夏,固原,1.0,,,,,,,,
1月30日,地区级,宁夏,银川,2.0,,,,,,,,
1月30日,地区级,宁夏,中卫,1.0,,,,,,,,
1月30日,省级,宁夏,,4.0,,,,,,,,
1月30日,地区级,青海,西宁,2.0,,,,,,,,
1月30日,省级,青海,,2.0,,,,,,,,
1月30日,地区级,山东,滨州,2.0,,,,,,,,
1月30日,地区级,山东,德州,5.0,1.0,,,,,,,
1月30日,地区级,山东,菏泽,,,,,,,,,
1月30日,地区级,山东,济南,2.0,,,,,,,,
1月30日,地区级,山东,聊城,2.0,,,,,,,,
1月30日,地区级,山东,临沂,,,,,,,,,
1月30日,地区级,山东,临沂,4.0,,,,,,,,
1月30日,地区级,山东,青岛,3.0,,,,,,,,
1月30日,地区级,山东,日照,1.0,,,,,,,,
1月30日,地区级,山东,泰安,,,,,,,,,
1月30日,地区级,山东,威海,5.0,,,,,,,,
1月30日,地区级,山东,潍坊,1.0,,,,,,,,
1月30日,地区级,山东,烟台,5.0,,,,,,,,
1月30日,地区级,山东,枣庄,1.0,,,,,,,,
1月30日,地区级,山东,淄博,2.0,,,,,,,,
1月30日,省级,山东,,33.0,1.0,,,,,,2.0,
1月30日,地区级,山西,大同,1.0,,,,,,,,
1月30日,地区级,山西,吕梁,1.0,,,,,,,,
1月30日,地区级,山西,太原,1.0,,,,,,,,
1月30日,地区级,山西,运城,1.0,,,,,,,,
1月30日,省级,山西,,4.0,,,,,,,1.0,0.0
1月30日,地区级,陕西,安康,3.0,,,,,,,,
1月30日,地区级,陕西,汉中,5.0,,,,,,,,
1月30日,地区级,陕西,渭南,1.0,,,,,,,,
1月30日,地区级,陕西,西安,10.0,,,,,,,,
1月30日,地区级,陕西,咸阳,1.0,,,,,,,,
1月30日,地区级,陕西,延安,4.0,,,,,,,,
1月30日,省级,陕西,,24.0,,,,,,,,
1月30日,地区级,上海,虹口,2.0,,,,,,,,
1月30日,地区级,上海,闵行,2.0,,,,,,,,
1月30日,地区级,上海,浦东,4.0,,,,,,,,
1月30日,地区级,上海,浦东,5.0,,,,,,,,
1月30日,地区级,上海,松江,2.0,,,,,,,,
1月30日,地区级,上海,外地来沪,3.0,,,,,,,,
1月30日,地区级,上海,外地来沪,,,,,,,,,
1月30日,地区级,上海,外地来沪,7.0,,,,,,,,
1月30日,地区级,上海,杨浦,1.0,,,,,,,,
1月30日,地区级,上海,长宁,1.0,,,,,,,,
1月30日,省级,上海,,27.0,,,,,,,5.0,1.0
1月30日,地区级,四川,阿坝,1.0,,,,,,,,
1月30日,地区级,四川,巴中,1.0,,,,,,,,
1月30日,地区级,四川,成都,10.0,,,,,,,,
1月30日,地区级,四川,达州,2.0,,,,,,,,
1月30日,地区级,四川,德阳,4.0,,,,,,,,
1月30日,地区级,四川,广安,4.0,,,,,,,,
1月30日,地区级,四川,攀枝花,1.0,,,,,,,,
1月30日,地区级,四川,广元,,,,-1.0,,,,,
1月30日,地区级,四川,凉山,1.0,,,,,,,,
1月30日,地区级,四川,绵阳,2.0,,,,,,,,
1月30日,地区级,四川,南充,2.0,,,,,,,,
1月30日,地区级,四川,内江,2.0,,,,,,,,
1月30日,地区级,四川,遂宁,1.0,,,,,,,,
1月30日,地区级,四川,雅安,1.0,,,,,,,,
1月30日,地区级,四川,宜宾,2.0,,,,,,,,
1月30日,地区级,四川,自贡,2.0,,,,,,,,
1月30日,省级,四川,,36.0,,,-1.0,,,,1.0,1.0
1月30日,地区级,台湾,台湾,1.0,,,,,,,,
1月30日,省级,台湾,,1.0,,,,,,,,
1月30日,地区级,天津,滨海新区,1.0,,,,,,,,
1月30日,地区级,天津,和平区,1.0,,,,,,,,
1月30日,地区级,天津,河北区,1.0,,,,,,,,
1月30日,地区级,天津,红桥区,1.0,,,,,,,,
1月30日,地区级,天津,宁河区,,,,,,,,,
1月30日,省级,天津,,4.0,,,,,,,,
1月30日,省级,西藏,,,,,,,,,,
1月30日,地区级,香港,香港,,,,,,,,,
1月30日,省级,香港,,,,,,,,,,
1月30日,地区级,新疆,阿克苏,1.0,,,,,,,,
1月30日,地区级,新疆,乌鲁木齐,1.0,,,,,,,,
1月30日,地区级,新疆,伊犁州,1.0,,,,,,,,
1月30日,省级,新疆,,3.0,,,,,,,,
1月30日,地区级,云南,保山,1.0,,,,,,,,
1月30日,地区级,云南,大理,2.0,,,,,,,,
1月30日,地区级,云南,德宏州,1.0,,,,,,,,
1月30日,地区级,云南,红河,,,,,,,,,
1月30日,地区级,云南,昆明,1.0,,,,,,,,
1月30日,地区级,云南,昆明,2.0,,,,,,,,
1月30日,地区级,云南,普洱,1.0,,,,,,,,
1月30日,地区级,云南,西双版纳州,2.0,,,,,,,,
1月30日,省级,云南,,10.0,,,,,,,0.0,0.0
1月30日,地区级,浙江,杭州,16.0,,,,,,,,
1月30日,地区级,浙江,湖州,1.0,,,,,,,,
1月30日,地区级,浙江,金华,7.0,,,,,,,,
1月30日,地区级,浙江,丽水,1.0,,,,,,,,
1月30日,地区级,浙江,宁波,5.0,,,,,,,,
1月30日,地区级,浙江,衢州,2.0,,,,,,,,
1月30日,地区级,浙江,绍兴,4.0,,,,,,,,
1月30日,地区级,浙江,台州,17.0,,,,,,,,
1月30日,地区级,浙江,温州,55.0,4.0,,,,,,,
1月30日,地区级,浙江,舟山,1.0,1.0,,,,,,,
1月30日,省级,浙江,,109.0,5.0,,,,,,9.0,
1月30日,地区级,重庆,璧山区,2.0,,,,,,,,
1月30日,地区级,重庆,大足区,2.0,,,,,,,,
1月30日,地区级,重庆,垫江县,3.0,,,,,,,,
1月30日,地区级,重庆,奉节县,1.0,,,,,,,,
1月30日,地区级,重庆,江北区,2.0,,,,,,,,
1月30日,地区级,重庆,九龙坡区,3.0,,,,,,,,
1月30日,地区级,重庆,开州区,3.0,,,,,,,,
1月30日,地区级,重庆,梁平区,1.0,,,,,,,,
1月30日,地区级,重庆,两江新区,1.0,,,,,,,,
1月30日,地区级,重庆,南岸区,1.0,,,,,,,,
1月30日,地区级,重庆,黔江区,1.0,,,,,,,,
1月30日,地区级,重庆,荣昌区,1.0,,,,,,,,
1月30日,地区级,重庆,万州区,4.0,,,,,,,,
1月30日,地区级,重庆,巫山县,1.0,,,,,,,,
1月30日,地区级,重庆,巫溪县,4.0,,,,,,,,
1月30日,地区级,重庆,渝北区,3.0,,,,,,,,
1月30日,地区级,重庆,渝中区,3.0,,,,,,,,
1月30日,地区级,重庆,云阳县,3.0,,,,,,,,
1月30日,地区级,重庆,长寿区,1.0,,,,,,,,
1月30日,地区级,重庆,忠县,1.0,,,,,,,,
1月30日,省级,重庆,,41.0,,,,,,,1.0,
1月30日,国家级,,,1982.0,47.0,43.0,-1.0,,,,,
1月30日,地区级,北京,昌平,3.0,,,,,,,,
1月30日,地区级,北京,朝阳,1.0,,,,,,,,
1月30日,地区级,北京,大兴,6.0,,,,,,,,
1月30日,地区级,北京,地区待确认,,1.0,,,,,,,
1月30日,地区级,北京,东城,1.0,,,,,,,,
1月30日,地区级,北京,海淀,2.0,,,,,,,,
1月30日,地区级,北京,通州,4.0,,,,,,,,
1月30日,地区级,北京,西城,1.0,,,,,,,,
1月30日,省级,北京,,18.0,1.0,,,,,,5.0,1.0
1月30日,地区级,河南,安阳,4.0,,,,,,,,
1月30日,地区级,河南,开封,2.0,,,,,,,,
1月30日,地区级,河南,洛阳,1.0,,,,,,,,
1月30日,地区级,河南,漯河,2.0,,,,,,,,
1月30日,地区级,河南,南阳,10.0,,,,,,,,
1月30日,地区级,河南,平顶山,2.0,,,,,,,,
1月30日,地区级,河南,濮阳,2.0,,,,,,,,
1月30日,地区级,河南,三门峡,1.0,,,,,,,,
1月30日,地区级,河南,商丘,9.0,,,,,,,,
1月30日,地区级,河南,新乡,4.0,,,,,,,,
1月30日,地区级,河南,信阳,7.0,,,,,,,,
1月30日,地区级,河南,许昌,5.0,,,,,,,,
1月30日,地区级,河南,商丘,4.0,,,,,,,,
1月30日,地区级,河南,新乡,1.0,,,,,,,,
1月30日,地区级,河南,郑州,4.0,1.0,,,,,,,
1月30日,地区级,河南,周口,11.0,,,,,,,,
1月30日,地区级,河南,驻马店,5.0,,,,,,,,
1月30日,省级,河南,,74.0,1.0,,,,,,3.0,2.0
1月30日,地区级,广东,地区待确认,,,,,,,,,
1月30日,地区级,广东,东莞,9.0,,,,,,,,
1月30日,地区级,广东,佛山,7.0,,,,,,,,
1月30日,地区级,广东,广州,27.0,1.0,,,,,,,
1月30日,地区级,广东,汕尾,2.0,,,,,,,,
1月30日,地区级,广东,深圳,24.0,,,,,,,,
1月30日,地区级,广东,湛江,2.0,,,,,,,,
1月30日,地区级,广东,肇庆,1.0,,,,,,,,
1月30日,地区级,广东,中山,2.0,,,,,,,,
1月30日,地区级,广东,清远,,1.0,,,,,,,
1月30日,地区级,广东,珠海,8.0,1.0,,,,,,,
1月30日,省级,广东,,82.0,3.0,,,,,,9.0,
1月31日,地区级,安徽,安庆,13.0,,,,,,,,
1月31日,地区级,安徽,蚌埠,1.0,,,,,,,,
1月31日,地区级,安徽,亳州,5.0,,,,,,,,
1月31日,地区级,安徽,滁州,2.0,,,,,,,,
1月31日,地区级,安徽,阜阳,9.0,,,,,,,,
1月31日,地区级,安徽,合肥,9.0,,,,,,,,
1月31日,地区级,安徽,淮北,4.0,,,,,,,,
1月31日,地区级,安徽,六安,4.0,,,,,,,,
1月31日,地区级,安徽,马鞍山,8.0,,,,,,,,
1月31日,地区级,安徽,铜陵,2.0,,,,,,,,
1月31日,地区级,安徽,芜湖,1.0,,,,,,,,
1月31日,地区级,安徽,宿州,2.0,,,,,,,,
1月31日,省级,安徽,,60.0,,,,,,,3.0,
1月31日,地区级,澳门,澳门,,,,,,,,,
1月31日,省级,澳门,,,,,,,,,,
1月31日,地区级,福建,福州,7.0,,,,,,,,
1月31日,地区级,福建,南平,5.0,,,,,,,,
1月31日,地区级,福建,莆田,3.0,,,,,,,,
1月31日,地区级,福建,泉州,2.0,,,,,,,,
1月31日,地区级,福建,厦门,4.0,,,,,,,,
1月31日,地区级,福建,漳州,3.0,,,,,,,,
1月31日,省级,福建,,24.0,,,,,,,,
1月31日,地区级,甘肃,兰州,5.0,,,,,,,,
1月31日,地区级,甘肃,天水,1.0,,,,,,,,
1月31日,省级,甘肃,,6.0,,,,,,,,
1月31日,地区级,广西,北海,6.0,,,,,,,,
1月31日,地区级,广西,防城港,1.0,,,,,,,,
1月31日,地区级,广西,桂林,3.0,,,,,,,,
1月31日,地区级,广西,柳州,1.0,,,,,,,,
1月31日,地区级,广西,梧州,1.0,,,,,,,,
1月31日,地区级,广西,玉林,1.0,,,,,,,,
1月31日,省级,广西,,13.0,,,,,,,2.0,0.0
1月31日,地区级,贵州,毕节,2.0,,,,,,,,
1月31日,地区级,贵州,贵阳,3.0,,,,,,,,
1月31日,地区级,贵州,六盘水,4.0,,,,,,,,
1月31日,地区级,贵州,黔东南州,1.0,,,,,,,,
1月31日,地区级,贵州,铜仁,1.0,1.0,,,,,,,
1月31日,地区级,贵州,遵义,3.0,,,,,,,,
1月31日,省级,贵州,,14.0,1.0,,,,,,2.0,
1月31日,地区级,海南,儋州,1.0,,,,,,,,
1月31日,地区级,海南,海口,2.0,,,,,,,,
1月31日,地区级,海南,乐东,1.0,,,,,,,,
1月31日,地区级,海南,临高县,2.0,,,,,,,,
1月31日,地区级,海南,陵水县,1.0,,,,,,,,
1月31日,地区级,海南,三亚,1.0,,,,,,,,
1月31日,省级,海南,,8.0,,,,,,,1.0,1.0
1月31日,地区级,河北,沧州,1.0,,,,,,,,
1月31日,地区级,河北,邯郸,3.0,,,,,,,,
1月31日,地区级,河北,廊坊,2.0,,,,,,,,
1月31日,地区级,河北,秦皇岛,1.0,,,,,,,,
1月31日,地区级,河北,石家庄,1.0,,,,,,,,
1月31日,地区级,河北,唐山,1.0,,,,,,,,
1月31日,地区级,河北,邢台,3.0,,,,,,,,
1月31日,地区级,河北,张家口,2.0,,,,,,,,
1月31日,省级,河北,,14.0,,,,,,,0.0,1.0
1月31日,地区级,黑龙江,大庆,1.0,,,,,,,,
1月31日,地区级,黑龙江,哈尔滨,7.0,,,,,,,,
1月31日,地区级,黑龙江,鸡西,2.0,,,,,,,,
1月31日,地区级,黑龙江,佳木斯,3.0,,,,,,,,
1月31日,地区级,黑龙江,牡丹江,4.0,,,,,,,,
1月31日,地区级,黑龙江,七台河,2.0,,,,,,,,
1月31日,地区级,黑龙江,双鸭山,1.0,,,,,,,,
1月31日,地区级,黑龙江,绥化,1.0,,,,,,,,
1月31日,省级,黑龙江,,21.0,,,,,,,0.0,2.0
1月31日,地区级,湖北,鄂州,38.0,,3.0,,,,,,
1月31日,地区级,湖北,恩施州,12.0,,,,,,,,
1月31日,地区级,湖北,黄冈,153.0,11.0,2.0,,,,,,
1月31日,地区级,湖北,黄石,41.0,,1.0,,,,,,
1月31日,地区级,湖北,荆门,24.0,1.0,,,,,,,
1月31日,地区级,湖北,荆州,66.0,1.0,1.0,,,,,,
1月31日,地区级,湖北,潜江,15.0,,,,,,,,
1月31日,地区级,湖北,十堰,27.0,,,,,,,,
1月31日,地区级,湖北,随州,76.0,,1.0,,,,,,
1月31日,地区级,湖北,天门,15.0,,1.0,,,,,,
1月31日,地区级,湖北,武汉,576.0,36.0,33.0,,,,,,
1月31日,地区级,湖北,仙桃,7.0,,,,,,,,
1月31日,地区级,湖北,咸宁,40.0,1.0,,,,,,,
1月31日,地区级,湖北,襄阳,61.0,,,,,,,,
1月31日,地区级,湖北,孝感,87.0,,3.0,,,,,,
1月31日,地区级,湖北,宜昌,109.0,,,,,,,,
1月31日,省级,湖北,,1347.0,50.0,45.0,,,,,166.0,249.0
1月31日,地区级,湖南,常德,2.0,,,,,,,,
1月31日,地区级,湖南,郴州,1.0,,,,,,,,
1月31日,地区级,湖南,衡阳,1.0,,,,,,,,
1月31日,地区级,湖南,怀化,2.0,1.0,,,,,,,
1月31日,地区级,湖南,娄底,6.0,,,,,,,,
1月31日,地区级,湖南,邵阳,,,,,,,,,
1月31日,地区级,湖南,邵阳,5.0,,,,,,,,
1月31日,地区级,湖南,湘潭,3.0,,,,,,,,
1月31日,地区级,湖南,湘西自治州,1.0,,,,,,,,
1月31日,地区级,湖南,益阳,4.0,,,,,,,,
1月31日,地区级,湖南,永州,2.0,,,,,,,,
1月31日,地区级,湖南,岳阳,8.0,,,,,,,,
1月31日,地区级,湖南,张家界,1.0,,,,,,,,
1月31日,地区级,湖南,长沙,,,,,,,,,
1月31日,地区级,湖南,长沙,18.0,,,,,,,,
1月31日,地区级,湖南,株洲,3.0,,,,,,,,
1月31日,省级,湖南,,57.0,1.0,,,,,,3.0,
1月31日,地区级,吉林,长春,3.0,,,,,,,,
1月31日,省级,吉林,,3.0,,,,,,,1.0,0.0
1月31日,地区级,江苏,常州,1.0,,,,,,,,
1月31日,地区级,江苏,淮安,,,,,,,,,
1月31日,地区级,江苏,淮安,2.0,,,,,,,,
1月31日,地区级,江苏,连云港,4.0,1.0,,,,,,,
1月31日,地区级,江苏,南京,3.0,2.0,,,,,,,
1月31日,地区级,江苏,南通,2.0,,,,,,,,
1月31日,地区级,江苏,苏州,2.0,,,,,,,,
1月31日,地区级,江苏,泰州,5.0,,,,,,,,
1月31日,地区级,江苏,无锡,1.0,,,,,,,,
1月31日,地区级,江苏,宿迁,1.0,,,,,,,,
1月31日,地区级,江苏,徐州,3.0,,,,,,,,
1月31日,地区级,江苏,盐城,5.0,,,,,,,,
1月31日,地区级,江苏,扬州,5.0,,,,,,,,
1月31日,省级,江苏,,34.0,3.0,,,,,,5.0,
1月31日,地区级,江西,抚州,3.0,,,,,,,,
1月31日,地区级,江西,赣州,3.0,1.0,,,,,,,
1月31日,地区级,江西,吉安,3.0,,,,,,,,
1月31日,地区级,江西,九江,2.0,,,-1.0,,,,,
1月31日,地区级,江西,南昌,16.0,,,,,,,,
1月31日,地区级,江西,萍乡,1.0,,,,,,,,
1月31日,地区级,江西,上饶,4.0,,,,,,,,
1月31日,地区级,江西,新余,12.0,,,,,,,,
1月31日,地区级,江西,宜春,3.0,1.0,,,,,,,
1月31日,省级,江西,,47.0,2.0,,-1.0,,,,9.0,
1月31日,地区级,辽宁,鞍山,1.0,,,,,,,1.0,0.0
1月31日,地区级,辽宁,朝阳市,1.0,,,,,,,,
1月31日,地区级,辽宁,大连,1.0,,,,,,,,
1月31日,地区级,辽宁,阜新,1.0,,,,,,,,
1月31日,地区级,辽宁,葫芦岛,1.0,,,,,,,,
1月31日,地区级,辽宁,锦州,3.0,,,,,,,,
1月31日,地区级,辽宁,盘锦,4.0,,,,,,,,
1月31日,地区级,辽宁,沈阳,3.0,,,,,,,,
1月31日,省级,辽宁,,15.0,,,,,,,1.0,0.0
1月31日,地区级,内蒙古,巴彦淖尔,1.0,,,,,,,,
1月31日,地区级,内蒙古,鄂尔多斯,2.0,,,,,,,,
1月31日,地区级,内蒙古,呼伦贝尔,,1.0,,,,,,,
1月31日,省级,内蒙古,,3.0,1.0,,,,,,1.0,0.0
1月31日,地区级,宁夏,吴忠,1.0,,,,,,,,
1月31日,地区级,宁夏,银川,4.0,,,,,,,,
1月31日,省级,宁夏,,5.0,,,,,,,,
1月31日,地区级,青海,西宁,1.0,,,,,,,,
1月31日,省级,青海,,1.0,,,,,,,,
1月31日,地区级,山东,德州,1.0,,,,,,,,
1月31日,地区级,山东,菏泽,1.0,,,,,,,,
1月31日,地区级,山东,济南,2.0,,,,,,,,
1月31日,地区级,山东,济宁,,,,,,,,,
1月31日,地区级,山东,济宁,2.0,,,,,,,,
1月31日,地区级,山东,临沂,3.0,,,,,,,,
1月31日,地区级,山东,日照,1.0,,,,,,,,
1月31日,地区级,山东,泰安,2.0,,,,,,,,
1月31日,地区级,山东,威海,5.0,,,,,,,,
1月31日,地区级,山东,潍坊,1.0,,,,,,,,
1月31日,地区级,山东,烟台,2.0,,,,,,,,
1月31日,地区级,山东,枣庄,2.0,,,,,,,,
1月31日,地区级,山东,淄博,2.0,,,,,,,,
1月31日,省级,山东,,24.0,,,,,,,2.0,
1月31日,地区级,山西,大同,1.0,,,,,,,,
1月31日,地区级,山西,晋城,2.0,,,,,,,,
1月31日,地区级,山西,晋中,2.0,,,,,,,,
1月31日,地区级,山西,忻州,1.0,,,,,,,,
1月31日,地区级,山西,运城,2.0,,,,,,,,
1月31日,省级,山西,,8.0,,,,,,,1.0,0.0
1月31日,地区级,陕西,安康,1.0,,,,,,,,
1月31日,地区级,陕西,宝鸡,2.0,,,,,,,,
1月31日,地区级,陕西,汉中,2.0,,,,,,,,
1月31日,地区级,陕西,西安,8.0,,,-1.0,,,,,
1月31日,地区级,陕西,咸阳,2.0,,,,,,,,
1月31日,省级,陕西,,15.0,,,-1.0,,,,,
1月31日,地区级,上海,宝山,3.0,,,,,,,,
1月31日,地区级,上海,地区待确认,,4.0,,,,,,,
1月31日,地区级,上海,虹口,1.0,,,,,,,,
1月31日,地区级,上海,黄浦,1.0,,,,,,,,
1月31日,地区级,上海,闵行,2.0,,,,,,,,
1月31日,地区级,上海,浦东,5.0,,,,,,,,
1月31日,地区级,上海,普陀,2.0,,,,,,,,
1月31日,地区级,上海,外地来沪,4.0,,,,,,,,
1月31日,地区级,上海,外地来沪,6.0,,,,,,,,
1月31日,地区级,上海,徐汇,,,,,,,,,
1月31日,地区级,上海,杨浦,1.0,,,,,,,,
1月31日,地区级,上海,长宁,,,,,,,,,
1月31日,省级,上海,,25.0,4.0,,,,,,9.0,1.0
1月31日,地区级,四川,巴中,3.0,,,,,,,,
1月31日,地区级,四川,成都,3.0,2.0,,,,,,,
1月31日,地区级,四川,达州,1.0,,,,,,,,
1月31日,地区级,四川,广安,3.0,,,,,,,,
1月31日,地区级,四川,凉山,2.0,,,,,,,,
1月31日,地区级,四川,绵阳,1.0,,,,,,,,
1月31日,地区级,四川,南充,5.0,,,,,,,,
1月31日,地区级,四川,内江,4.0,,,,,,,,
1月31日,地区级,四川,攀枝花,6.0,,,,,,,,
1月31日,地区级,四川,雅安,2.0,,,,,,,,
1月31日,省级,四川,,30.0,2.0,,,,,,3.0,1.0
1月31日,地区级,台湾,台湾,1.0,,,,,,,,
1月31日,省级,台湾,,1.0,,,,,,,,
1月31日,地区级,天津,宝坻区,,,,,,,,,
1月31日,地区级,天津,宝坻区,,,,,,,,,
1月31日,地区级,天津,东丽区,,,,,,,,,
1月31日,地区级,天津,河北区,,,,,,,,,
1月31日,地区级,天津,河东区,,,,,,,,,
1月31日,地区级,天津,宁河区,1.0,,,,,,,,
1月31日,省级,天津,,1.0,,,,,,,,
1月31日,地区级,西藏,拉萨,,,,,,,,,
1月31日,省级,西藏,,,,,,,,,,
1月31日,地区级,香港,香港,1.0,,,,,,,,
1月31日,省级,香港,,1.0,,,,,,,,
1月31日,地区级,新疆,兵团第九师,1.0,,,,,,,,
1月31日,省级,新疆,,1.0,,,,,,,,
1月31日,地区级,云南,保山,1.0,,,,,,,,
1月31日,地区级,云南,红河,,1.0,,,,,,,
1月31日,地区级,云南,红河,,,,,,,,,
1月31日,地区级,云南,昆明,6.0,,,,,,,,
1月31日,地区级,云南,临沧,1.0,,,,,,,,
1月31日,地区级,云南,玉溪,1.0,,,,,,,,
1月31日,地区级,云南,昭通,2.0,,,,,,,,
1月31日,省级,云南,,11.0,1.0,,,,,,1.0,0.0
1月31日,地区级,浙江,杭州,13.0,,,,,,,,
1月31日,地区级,浙江,嘉兴,2.0,,,,,,,,
1月31日,地区级,浙江,金华,7.0,3.0,,,,,,,
1月31日,地区级,浙江,丽水,1.0,,,,,,,,
1月31日,地区级,浙江,宁波,9.0,1.0,,,,,,,
1月31日,地区级,浙江,衢州,1.0,,,,,,,,
1月31日,地区级,浙江,绍兴,1.0,,,,,,,,
1月31日,地区级,浙江,台州,14.0,1.0,,,,,,,
1月31日,地区级,浙江,温州,14.0,1.0,,,,,,,
1月31日,省级,浙江,,62.0,6.0,,,,,,15.0,
1月31日,地区级,重庆,璧山区,2.0,,,,,,,,
1月31日,地区级,重庆,垫江县,2.0,,,,,,,,
1月31日,地区级,重庆,丰都县,1.0,,,,,,,,
1月31日,地区级,重庆,合川区,2.0,,,,,,,,
1月31日,地区级,重庆,江北区,4.0,,,,,,,,
1月31日,地区级,重庆,九龙坡区,1.0,,1.0,,,,,,
1月31日,地区级,重庆,两江新区,1.0,,,,,,,,
1月31日,地区级,重庆,荣昌区,1.0,,,,,,,,
1月31日,地区级,重庆,沙坪坝区,2.0,,,,,,,,
1月31日,地区级,重庆,石柱县,3.0,,,,,,,,
1月31日,地区级,重庆,万州区,5.0,,,,,,,,
1月31日,地区级,重庆,巫溪县,1.0,,,,,,,,
1月31日,地区级,重庆,渝北区,1.0,,,,,,,,
1月31日,地区级,重庆,渝中区,2.0,,,,,,,,
1月31日,地区级,重庆,云阳县,2.0,,,,,,,,
1月31日,地区级,重庆,长寿区,2.0,,,,,,,,
1月31日,省级,重庆,,32.0,,1.0,,,,,1.0,1.0
1月31日,国家级,,,2102.0,72.0,46.0,-3.0,,,,,
1月31日,地区级,北京,朝阳,5.0,,,,,,,,
1月31日,地区级,北京,大兴,3.0,,,,,,,,
1月31日,地区级,北京,丰台,1.0,,,,,,,,
1月31日,地区级,北京,海淀,9.0,,,,,,,,
1月31日,地区级,北京,石景山,1.0,,,,,,,,
1月31日,地区级,北京,通州,1.0,,,,,,,,
1月31日,地区级,北京,西城,4.0,,,,,,,,
1月31日,省级,北京,,24.0,,,,,,,5.0,1.0
1月31日,地区级,河南,安阳,4.0,,,,,,,,
1月31日,地区级,河南,开封,2.0,,,,,,,,
1月31日,地区级,河南,洛阳,2.0,,,,,,,,
1月31日,地区级,河南,漯河,1.0,,,,,,,,
1月31日,地区级,河南,南阳,5.0,,,,,,,,
1月31日,地区级,河南,平顶山,1.0,,,,,,,,
1月31日,地区级,河南,三门峡,1.0,,,,,,,,
1月31日,地区级,河南,商丘,2.0,,,,,,,,
1月31日,地区级,河南,新乡,6.0,,,,,,,,
1月31日,地区级,河南,信阳,21.0,,,,,,,,
1月31日,地区级,河南,许昌,4.0,,,,,,,,
1月31日,地区级,河南,商丘,3.0,,,,,,,,
1月31日,地区级,河南,郑州,6.0,,,,,,,,
1月31日,地区级,河南,周口,2.0,,,,,,,,
1月31日,地区级,河南,驻马店,10.0,,,,,,,,
1月31日,省级,河南,,70.0,,,,,,,3.0,2.0
1月31日,地区级,广东,潮州,3.0,,,,,,,,
1月31日,地区级,广东,地区待确认,,-3.0,,,,,,,
1月31日,地区级,广东,东莞,5.0,,,,,,,,
1月31日,地区级,广东,佛山,6.0,1.0,,,,,,,
1月31日,地区级,广东,广州,31.0,2.0,,,,,,,
1月31日,地区级,广东,惠州,3.0,,,,,,,,
1月31日,地区级,广东,江门,2.0,,,,,,,,
1月31日,地区级,广东,汕头,2.0,,,,,,,,
1月31日,地区级,广东,汕尾,1.0,,,,,,,,
1月31日,地区级,广东,肇庆,,1.0,,,,,,,
1月31日,地区级,广东,深圳,60.0,,,,,,,,
1月31日,地区级,广东,湛江,2.0,,,,,,,,
1月31日,地区级,广东,珠海,12.0,,,,,,,,
1月31日,省级,广东,,127.0,1.0,,,,,,10.0,
2月1日,地区级,安徽,安庆,6.0,,,,,,,,
2月1日,地区级,安徽,蚌埠,10.0,,,,,,,,
2月1日,地区级,安徽,亳州,5.0,1.0,,,,,,,
2月1日,地区级,安徽,池州,2.0,,,,,,,,
2月1日,地区级,安徽,阜阳,12.0,,,,,,,,
2月1日,地区级,安徽,合肥,,1.0,,,,,,,
2月1日,地区级,安徽,马鞍山,5.0,,,,,,,,
2月1日,地区级,安徽,芜湖,1.0,,,,,,,,
2月1日,地区级,安徽,宿州,2.0,,,,,,,,
2月1日,省级,安徽,,43.0,2.0,,,,,,5.0,
2月1日,地区级,澳门,澳门,,,,,,,,,
2月1日,省级,澳门,,,,,,,,,,
2月1日,地区级,福建,福州,5.0,,,,,,,,
2月1日,地区级,福建,莆田,2.0,,,,,,,,
2月1日,地区级,福建,泉州,5.0,,,,,,,,
2月1日,地区级,福建,三明,1.0,,,,,,,,
2月1日,地区级,福建,厦门,1.0,,,,,,,,
2月1日,地区级,福建,漳州,1.0,,,,,,,,
2月1日,省级,福建,,15.0,,,,,,,,
2月1日,地区级,甘肃,定西,1.0,,,,,,,,
2月1日,地区级,甘肃,甘南州,1.0,,,,,,,,
2月1日,地区级,甘肃,兰州,3.0,,,,,,,,
2月1日,省级,甘肃,,5.0,,,,,,,,
2月1日,地区级,广西,贵港,4.0,,,,,,,,
2月1日,地区级,广西,桂林,2.0,,,,,,,,
2月1日,地区级,广西,贺州,2.0,,,,,,,,
2月1日,地区级,广西,钦州,1.0,,,,,,,,
2月1日,地区级,广西,玉林,2.0,,,,,,,,
2月1日,省级,广西,,11.0,,,,,,,2.0,0.0
2月1日,地区级,贵州,安顺,2.0,,,,,,,,
2月1日,地区级,贵州,毕节,1.0,,,,,,,,
2月1日,地区级,贵州,贵阳,2.0,,,,,,,,
2月1日,地区级,贵州,黔东南州,2.0,,,,,,,,
2月1日,地区级,贵州,黔南州,1.0,,,,,,,,
2月1日,地区级,贵州,遵义,1.0,,,,,,,,
2月1日,省级,贵州,,9.0,,,,,,,2.0,0.0
2月1日,地区级,海南,临高县,1.0,,,,,,,,
2月1日,地区级,海南,陵水县,2.0,,,,,,,,
2月1日,地区级,海南,琼海,1.0,,,,,,,,
2月1日,地区级,海南,三亚,2.0,,,,,,,,
2月1日,省级,海南,,6.0,,,,,,,1.0,1.0
2月1日,地区级,河北,保定,2.0,2.0,,,,,,,
2月1日,地区级,河北,邯郸,1.0,,,,,,,,
2月1日,地区级,河北,廊坊,,1.0,,,,,,,
2月1日,地区级,河北,石家庄,1.0,,,,,,,,
2月1日,地区级,河北,唐山,3.0,,,,,,,,
2月1日,地区级,河北,张家口,1.0,,,,,,,,
2月1日,省级,河北,,8.0,3.0,,,,,,3.0,1.0
2月1日,地区级,黑龙江,哈尔滨,9.0,2.0,,,,,,,
2月1日,地区级,黑龙江,黑河,1.0,,,,,,,,
2月1日,地区级,黑龙江,牡丹江,1.0,,,,,,,,
2月1日,地区级,黑龙江,七台河,1.0,,,,,,,,
2月1日,地区级,黑龙江,双鸭山,2.0,,,,,,,,
2月1日,地区级,黑龙江,绥化,1.0,,,,,,,,
2月1日,省级,黑龙江,,15.0,2.0,,,,,,2.0,2.0
2月1日,地区级,湖北,鄂州,51.0,,4.0,,,,,,
2月1日,地区级,湖北,恩施州,18.0,1.0,,,,,,,
2月1日,地区级,湖北,黄冈,276.0,10.0,1.0,,,,,,
2月1日,地区级,湖北,黄石,43.0,1.0,,,,,,,
2月1日,地区级,湖北,荆门,78.0,2.0,2.0,,,,,,
2月1日,地区级,湖北,荆州,46.0,,,,,,,,
2月1日,地区级,湖北,潜江,8.0,,,,,,,,
2月1日,地区级,湖北,十堰,35.0,,,,,,,,
2月1日,地区级,湖北,随州,80.0,3.0,2.0,,,,,,
2月1日,地区级,湖北,天门,17.0,,,,,,,,
2月1日,地区级,湖北,武汉,,,,,,,,,
2月1日,地区级,湖北,武汉,894.0,32.0,32.0,,,,,,
2月1日,地区级,湖北,仙桃,43.0,,2.0,,,,,,
2月1日,地区级,湖北,咸宁,40.0,,,,,,,,
2月1日,地区级,湖北,襄阳,94.0,,,,,,,,
2月1日,地区级,湖北,孝感,121.0,,2.0,,,,,,
2月1日,地区级,湖北,宜昌,77.0,,,,,,,,
2月1日,省级,湖北,,1921.0,49.0,45.0,,,,,215.0,294.0
2月1日,地区级,湖南,常德,3.0,,,,,,,,
2月1日,地区级,湖南,郴州,5.0,,,,,,,,
2月1日,地区级,湖南,衡阳,,,,,,,,,
2月1日,地区级,湖南,衡阳,4.0,,,,,,,,
2月1日,地区级,湖南,怀化,3.0,,,,,,,,
2月1日,地区级,湖南,娄底,3.0,1.0,,,,,,,
2月1日,地区级,湖南,邵阳,8.0,1.0,,,,,,,
2月1日,地区级,湖南,湘潭,,,,,,,,,
2月1日,地区级,湖南,湘潭,3.0,,,,,,,,
2月1日,地区级,湖南,湘西自治州,,,,,,,,,
2月1日,地区级,湖南,益阳,3.0,,,,,,,,
2月1日,地区级,湖南,永州,4.0,2.0,,,,,,,
2月1日,地区级,湖南,岳阳,8.0,,,,,,,,
2月1日,地区级,湖南,张家界,1.0,,,,,,,,
2月1日,地区级,湖南,长沙,26.0,1.0,,,,,,,
2月1日,地区级,湖南,株洲,,,,,,,,,
2月1日,地区级,湖南,株洲,3.0,,,,,,,,
2月1日,省级,湖南,,74.0,5.0,,,,,,8.0,
2月1日,地区级,吉林,长春,6.0,,,,,,,,
2月1日,省级,吉林,,6.0,,,,,,,1.0,0.0
2月1日,地区级,江苏,常州,1.0,,,,,,,,
2月1日,地区级,江苏,淮安,1.0,1.0,,,,,,,
2月1日,地区级,江苏,南京,7.0,,,,,,,,
2月1日,地区级,江苏,南通,5.0,,,,,,,,
2月1日,地区级,江苏,苏州,4.0,,,,,,,,
2月1日,地区级,江苏,无锡,6.0,,,,,,,,
2月1日,地区级,江苏,徐州,7.0,,,,,,,,
2月1日,地区级,江苏,盐城,2.0,,,,,,,,
2月1日,地区级,江苏,镇江,1.0,,,,,,,,
2月1日,省级,江苏,,34.0,1.0,,,,,,6.0,
2月1日,地区级,江西,抚州,6.0,,,,,,,,
2月1日,地区级,江西,赣州,4.0,,,,,,,,
2月1日,地区级,江西,吉安,1.0,,,,,,,,
2月1日,地区级,江西,九江,12.0,,,,,,,,
2月1日,地区级,江西,南昌,6.0,,,,,,,,
2月1日,地区级,江西,萍乡,6.0,,,,,,,,
2月1日,地区级,江西,上饶,3.0,,,,,,,,
2月1日,地区级,江西,新余,3.0,1.0,,,,,,,
2月1日,地区级,江西,宜春,2.0,,,,,,,,
2月1日,地区级,江西,鹰潭,4.0,,,,,,,,
2月1日,省级,江西,,47.0,1.0,,,,,,10.0,
2月1日,地区级,辽宁,大连,2.0,,,,,,,,
2月1日,地区级,辽宁,丹东,1.0,,,,,,,,
2月1日,地区级,辽宁,阜新,1.0,,,,,,,,
2月1日,省级,辽宁,,4.0,,,,,,,1.0,0.0
2月1日,地区级,内蒙古,包头,2.0,,,,,,,,
2月1日,地区级,内蒙古,鄂尔多斯,1.0,,,,,,,,
2月1日,地区级,内蒙古,乌海,1.0,,,,,,,,
2月1日,省级,内蒙古,,4.0,,,,,,,,
2月1日,地区级,宁夏,吴忠,1.0,,,,,,,,
2月1日,地区级,宁夏,银川,1.0,,,,,,,,
2月1日,省级,宁夏,,2.0,,,,,,,,
2月1日,省级,青海,,,,,,,,,,
2月1日,地区级,山东,滨州,1.0,,,,,,,,
2月1日,地区级,山东,德州,2.0,,,,,,,,
2月1日,地区级,山东,菏泽,,,,,,,,,
2月1日,地区级,山东,济南,1.0,,,,,,,,
2月1日,地区级,山东,济宁,4.0,1.0,,,,,,,
2月1日,地区级,山东,聊城,2.0,,,,,,,,
2月1日,地区级,山东,临沂,1.0,,,,,,,,
2月1日,地区级,山东,青岛,1.0,,,,,,,,
2月1日,地区级,山东,日照,1.0,,,,,,,,
2月1日,地区级,山东,泰安,4.0,,,,,,,,
2月1日,地区级,山东,威海,,2.0,,,,,,,
2月1日,地区级,山东,潍坊,1.0,,,,,,,,
2月1日,地区级,山东,枣庄,3.0,,,,,,,,
2月1日,地区级,山东,淄博,2.0,,,,,,,,
2月1日,省级,山东,,23.0,3.0,,,,,,5.0,
2月1日,地区级,山西,大同,2.0,,,,,,,,
2月1日,地区级,山西,晋城,1.0,,,,,,,,
2月1日,地区级,山西,晋中,2.0,,,,,,,,
2月1日,地区级,山西,太原,2.0,,,,,,,,
2月1日,地区级,山西,忻州,2.0,,,,,,,,
2月1日,地区级,山西,运城,,,,,,,,,
2月1日,省级,山西,,9.0,,,,,,,1.0,0.0
2月1日,地区级,陕西,安康,2.0,,,,,,,,
2月1日,地区级,陕西,宝鸡,1.0,,,,,,,,
2月1日,地区级,陕西,汉中,2.0,,,,,,,,
2月1日,地区级,陕西,铜川,1.0,,,,,,,,
2月1日,地区级,陕西,西安,8.0,,,,,,,,
2月1日,地区级,陕西,咸阳,1.0,,,,,,,,
2月1日,省级,陕西,,15.0,,,,,,,,
2月1日,地区级,上海,宝山,3.0,,,,,,,,
2月1日,地区级,上海,崇明,1.0,,,,,,,,
2月1日,地区级,上海,地区待确认,,1.0,,,,,,,
2月1日,地区级,上海,静安,1.0,,,,,,,,
2月1日,地区级,上海,浦东,5.0,,,,,,,,
2月1日,地区级,上海,普陀,1.0,,,,,,,,
2月1日,地区级,上海,松江,4.0,,,,,,,,
2月1日,地区级,上海,外地来沪,6.0,,,,,,,,
2月1日,地区级,上海,徐汇,2.0,,,,,,,,
2月1日,地区级,上海,长宁,1.0,,,,,,,,
2月1日,省级,上海,,24.0,1.0,,,,,,10.0,1.0
2月1日,地区级,四川,成都,1.0,,,,,,,,
2月1日,地区级,四川,德阳,3.0,,,,,,,,
2月1日,地区级,四川,广安,4.0,,,,,,,,
2月1日,地区级,四川,广元,3.0,,,,,,,,
2月1日,地区级,四川,泸州,1.0,,,,,,,,
2月1日,地区级,四川,绵阳,2.0,,,,,,,,
2月1日,地区级,四川,南充,7.0,,,,,,,,
2月1日,地区级,四川,内江,1.0,,,,,,,,
2月1日,地区级,四川,攀枝花,2.0,,,,,,,,
2月1日,省级,四川,,24.0,,,,,,,3.0,1.0
2月1日,省级,台湾,,,,,,,,,,
2月1日,地区级,天津,宝坻区,3.0,,,,,,,,
2月1日,地区级,天津,东丽区,3.0,,,,,,,,
2月1日,地区级,天津,和平区,,,,,,,,,
2月1日,地区级,天津,河北区,1.0,,,,,,,,
2月1日,地区级,天津,河东区,1.0,,,,,,,,
2月1日,地区级,天津,宁河区,1.0,,,,,,,,
2月1日,省级,天津,,9.0,,,,,,,,
2月1日,地区级,西藏,拉萨,,,,,,,,,
2月1日,省级,西藏,,,,,,,,,,
2月1日,地区级,香港,香港,1.0,,,,,,,,
2月1日,省级,香港,,1.0,,,,,,,,
2月1日,地区级,新疆,兵团第九师,3.0,,,,,,,,
2月1日,省级,新疆,,3.0,,,,,,,,
2月1日,地区级,云南,保山,1.0,,,,,,,,
2月1日,地区级,云南,大理,1.0,1.0,,,,,,,
2月1日,地区级,云南,红河,1.0,,,,,,,,
2月1日,地区级,云南,昆明,1.0,,,,,,,,
2月1日,地区级,云南,曲靖,,,,,,,,,
2月1日,地区级,云南,玉溪,4.0,,,,,,,,
2月1日,省级,云南,,8.0,1.0,,,,,,2.0,0.0
2月1日,地区级,浙江,杭州,12.0,2.0,,,,,,,
2月1日,地区级,浙江,嘉兴,1.0,,,,,,,,
2月1日,地区级,浙江,丽水,6.0,,,,,,,,
2月1日,地区级,浙江,宁波,11.0,,,,,,,,
2月1日,地区级,浙江,绍兴,3.0,1.0,,,,,,,
2月1日,地区级,浙江,台州,5.0,3.0,,,,,,,
2月1日,地区级,浙江,温州,24.0,2.0,,,,,,,
2月1日,地区级,浙江,温州,,,,,,,,,
2月1日,省级,浙江,,62.0,8.0,,,,,,23.0,
2月1日,地区级,重庆,垫江县,1.0,,,,,,,,
2月1日,地区级,重庆,丰都县,1.0,1.0,,,,,,,
2月1日,地区级,重庆,奉节县,3.0,,,,,,,,
2月1日,地区级,重庆,江北区,1.0,,,,,,,,
2月1日,地区级,重庆,九龙坡区,2.0,,,,,,,,
2月1日,地区级,重庆,两江新区,2.0,,,,,,,,
2月1日,地区级,重庆,南岸区,1.0,,,,,,,,
2月1日,地区级,重庆,铜梁区,2.0,,,,,,,,
2月1日,地区级,重庆,万州区,6.0,,,,,,,,
2月1日,地区级,重庆,巫溪县,1.0,,,,,,,,
2月1日,地区级,重庆,秀山县,,1.0,,,,,,,
2月1日,地区级,重庆,渝北区,1.0,,,,,,,,
2月1日,地区级,重庆,渝中区,2.0,,,,,,,,
2月1日,地区级,重庆,云阳县,1.0,,,,,,,,
2月1日,省级,重庆,,24.0,2.0,,,,,,3.0,1.0
2月1日,国家级,,,2590.0,85.0,45.0,-1.0,,,,,
2月1日,地区级,北京,朝阳,8.0,,,,,,,,
2月1日,地区级,北京,大兴,2.0,,,,,,,,
2月1日,地区级,北京,地区待确认,,4.0,,,,,,,
2月1日,地区级,北京,房山,2.0,,,,,,,,
2月1日,地区级,北京,丰台,4.0,,,,,,,,
2月1日,地区级,北京,海淀,6.0,,,,,,,,
2月1日,地区级,北京,门头沟,,,,,,,,,
2月1日,地区级,北京,石景山,1.0,,,,,,,,
2月1日,地区级,北京,顺义,4.0,,,,,,,,
2月1日,省级,北京,,27.0,4.0,,,,,,9.0,1.0
2月1日,地区级,河南,南阳,1.0,,,,,,,,
2月1日,地区级,河南,三门峡,,1.0,,,,,,,
2月1日,地区级,河南,鹤壁,2.0,,,,,,,,
2月1日,地区级,河南,焦作,5.0,,,,,,,,
2月1日,地区级,河南,开封,3.0,,,,,,,,
2月1日,地区级,河南,洛阳,2.0,,,,,,,,
2月1日,地区级,河南,漯河,2.0,,,,,,,,
2月1日,地区级,河南,南阳,9.0,,,,,,,,
2月1日,地区级,河南,平顶山,3.0,,,,,,,,
2月1日,地区级,河南,商丘,7.0,,,,,,,,
2月1日,地区级,河南,信阳,18.0,,,,,,,,
2月1日,地区级,河南,许昌,1.0,,,,,,,,
2月1日,地区级,河南,商丘,1.0,,,,,,,,
2月1日,地区级,河南,郑州,9.0,,,,,,,,
2月1日,地区级,河南,周口,2.0,,,,,,,,
2月1日,地区级,河南,驻马店,6.0,,,,,,,,
2月1日,省级,河南,,71.0,1.0,,,,,,4.0,2.0
2月1日,地区级,广东,潮州,,,,,,,,,
2月1日,地区级,广东,地区待确认,,1.0,,,,,,,
2月1日,地区级,广东,东莞,6.0,,,,,,,,
2月1日,地区级,广东,佛山,,,,,,,,,
2月1日,地区级,广东,佛山,1.0,,,,,,,,
2月1日,地区级,广东,广州,,,,,,,,,
2月1日,地区级,广东,广州,38.0,,,,,,,,
2月1日,地区级,广东,惠州,3.0,,,,,,,,
2月1日,地区级,广东,梅州,,,,,,,,,
2月1日,地区级,广东,梅州,1.0,,,,,,,,
2月1日,地区级,广东,汕头,,,,,,,,,
2月1日,地区级,广东,韶关,1.0,,,,,,,,
2月1日,地区级,广东,深圳,,1.0,,,,,,,
2月1日,地区级,广东,深圳,26.0,,,,,,,,
2月1日,地区级,广东,湛江,1.0,,,,,,,,
2月1日,地区级,广东,肇庆,1.0,,,,,,,,
2月1日,地区级,广东,中山,3.0,,,,,,,,
2月1日,地区级,广东,珠海,,,,,,,,,
2月1日,地区级,广东,珠海,3.0,,,,,,,,
2月1日,省级,广东,,84.0,2.0,,,,,,12.0,
2月2日,地区级,安徽,安庆,4.0,,,,,,,,
2月2日,地区级,安徽,蚌埠,11.0,,,,,,,,
2月2日,地区级,安徽,亳州,9.0,,,,,,,,
2月2日,地区级,安徽,滁州,2.0,,,,,,,,
2月2日,地区级,安徽,阜阳,6.0,,,,,,,,
2月2日,地区级,安徽,合肥,16.0,,,,,,,,
2月2日,地区级,安徽,淮北,2.0,,,,,,,,
2月2日,地区级,安徽,淮南,1.0,,,,,,,,
2月2日,地区级,安徽,六安,7.0,,,,,,,,
2月2日,地区级,安徽,马鞍山,1.0,,,,,,,,
2月2日,地区级,安徽,铜陵,2.0,,,,,,,,
2月2日,地区级,安徽,芜湖,,1.0,,,,,,,
2月2日,地区级,安徽,宿州,7.0,,,,,,,,
2月2日,地区级,安徽,宣城,,1.0,,,,,,,
2月2日,省级,安徽,,68.0,2.0,,,,,,7.0,
2月2日,地区级,澳门,澳门,1.0,,,,,,,,
2月2日,省级,澳门,,1.0,,,,,,,,
2月2日,地区级,福建,福州,3.0,,,,,,,,
2月2日,地区级,福建,南平,3.0,,,,,,,,
2月2日,地区级,福建,宁德,3.0,,,,,,,,
2月2日,地区级,福建,莆田,7.0,,,,,,,,
2月2日,地区级,福建,泉州,2.0,,,,,,,,
2月2日,地区级,福建,厦门,1.0,,,,,,,,
2月2日,地区级,福建,漳州,1.0,,,,,,,,
2月2日,省级,福建,,20.0,,,,,,,,
2月2日,地区级,甘肃,定西,,1.0,,,,,,,
2月2日,地区级,甘肃,兰州,3.0,2.0,,,,,,,
2月2日,地区级,甘肃,临夏,1.0,,,,,,,,
2月2日,地区级,甘肃,陇南,1.0,,,,,,,,
2月2日,地区级,甘肃,庆阳,1.0,,,,,,,,
2月2日,地区级,甘肃,天水,5.0,,,,,,,,
2月2日,省级,甘肃,,11.0,3.0,,,,,,3.0,0.0
2月2日,地区级,广西,北海,3.0,,,,,,,,
2月2日,地区级,广西,防城港,1.0,,,,,,,,
2月2日,地区级,广西,贵港,1.0,,,,,,,,
2月2日,地区级,广西,桂林,,,,,,,,,
2月2日,地区级,广西,桂林,1.0,,,,,,,,
2月2日,地区级,广西,贺州,1.0,,,,,,,,
2月2日,地区级,广西,柳州,2.0,,,,,,,,
2月2日,地区级,广西,南宁,6.0,,,,,,,,
2月2日,地区级,广西,梧州,,,,,,,,,
2月2日,地区级,广西,玉林,1.0,,,,,,,,
2月2日,省级,广西,,16.0,,,,,,,2.0,0.0
2月2日,地区级,贵州,贵阳,1.0,,,,,,,,
2月2日,地区级,贵州,六盘水,1.0,,,,,,,,
2月2日,地区级,贵州,铜仁,3.0,,,,,,,,
2月2日,地区级,贵州,遵义,3.0,,,,,,,,
2月2日,省级,贵州,,8.0,,,,,,,2.0,0.0
2月2日,地区级,海南,昌江县,2.0,,,,,,,,
2月2日,地区级,海南,儋州,1.0,,,,,,,,
2月2日,地区级,海南,海口,2.0,,,,,,,,
2月2日,地区级,海南,琼海,1.0,,,,,,,,
2月2日,地区级,海南,三亚,,3.0,,,,,,,
2月2日,地区级,海南,文昌,1.0,,,,,,,,
2月2日,省级,海南,,7.0,3.0,,,,,,4.0,1.0
2月2日,地区级,河北,廊坊,1.0,,,,,,,,
2月2日,地区级,河北,秦皇岛,1.0,,,,,,,,
2月2日,地区级,河北,石家庄,3.0,,,,,,,,
2月2日,地区级,河北,邢台,4.0,,,,,,,,
2月2日,省级,河北,,9.0,,,,,,,3.0,1.0
2月2日,地区级,黑龙江,大庆,3.0,,,,,,,,
2月2日,地区级,黑龙江,哈尔滨,11.0,,,,,,,,
2月2日,地区级,黑龙江,鸡西,2.0,,,,,,,,
2月2日,地区级,黑龙江,牡丹江,1.0,,,,,,,,
2月2日,地区级,黑龙江,七台河,1.0,,,,,,,,
2月2日,地区级,黑龙江,双鸭山,3.0,,,,,,,,
2月2日,地区级,黑龙江,绥化,2.0,,,,,,,,
2月2日,省级,黑龙江,,23.0,,,,,,,2.0,2.0
2月2日,地区级,湖北,鄂州,28.0,2.0,2.0,,,,,,
2月2日,地区级,湖北,恩施州,6.0,4.0,,,,,,,
2月2日,地区级,湖北,黄冈,244.0,5.0,2.0,,,,,,
2月2日,地区级,湖北,黄石,82.0,8.0,,,,,,,
2月2日,地区级,湖北,荆门,16.0,3.0,4.0,,,,,,
2月2日,地区级,湖北,荆州,166.0,2.0,2.0,,,,,,
2月2日,地区级,湖北,十堰,44.0,2.0,,,,,,,
2月2日,地区级,湖北,随州,74.0,,2.0,,,,,,
2月2日,地区级,湖北,天门,16.0,,3.0,,,,,,
2月2日,地区级,湖北,武汉,1033.0,53.0,41.0,,,,,,
2月2日,地区级,湖北,仙桃,29.0,,,,,,,,
2月2日,地区级,湖北,咸宁,50.0,,,,,,,,
2月2日,地区级,湖北,襄阳,107.0,,,,,,,,
2月2日,地区级,湖北,孝感,169.0,,,,,,,,
2月2日,地区级,湖北,宜昌,39.0,1.0,,,,,,,
2月2日,省级,湖北,,2103.0,80.0,56.0,,,,,295.0,350.0
2月2日,地区级,湖南,常德,3.0,,,,,,,,
2月2日,地区级,湖南,郴州,3.0,,,,,,,,
2月2日,地区级,湖南,衡阳,2.0,3.0,,,,,,,
2月2日,地区级,湖南,怀化,1.0,,,,,,,,
2月2日,地区级,湖南,娄底,6.0,,,,,,,,
2月2日,地区级,湖南,邵阳,2.0,,,,,,,,
2月2日,地区级,湖南,湘潭,3.0,3.0,,,,,,,
2月2日,地区级,湖南,湘西自治州,,1.0,,,,,,,
2月2日,地区级,湖南,益阳,,,,,,,,,
2月2日,地区级,湖南,益阳,3.0,,,,,,,,
2月2日,地区级,湖南,永州,4.0,,,,,,,,
2月2日,地区级,湖南,岳阳,17.0,,,,,,,,
2月2日,地区级,湖南,长沙,13.0,,,,,,,,
2月2日,地区级,湖南,株洲,1.0,1.0,,,,,,,
2月2日,省级,湖南,,58.0,8.0,,,,,,16.0,
2月2日,地区级,吉林,吉林,1.0,,,,,,,,
2月2日,地区级,吉林,四平,3.0,,,,,,,,
2月2日,地区级,吉林,长春,4.0,,,,,,,,
2月2日,省级,吉林,,8.0,,,,,,,1.0,0.0
2月2日,地区级,江苏,淮安,5.0,,,,,,,,
2月2日,地区级,江苏,连云港,1.0,,,,,,,,
2月2日,地区级,江苏,南京,5.0,,,,,,,,
2月2日,地区级,江苏,南通,2.0,,,,,,,,
2月2日,地区级,江苏,苏州,6.0,1.0,,,,,,,
2月2日,地区级,江苏,泰州,4.0,,,,,,,,
2月2日,地区级,江苏,无锡,4.0,,,,,,,,
2月2日,地区级,江苏,宿迁,1.0,,,,,,,,
2月2日,地区级,江苏,徐州,6.0,,,,,,,,
2月2日,地区级,江苏,扬州,1.0,,,,,,,,
2月2日,省级,江苏,,35.0,1.0,,,,,,7.0,
2月2日,地区级,江西,抚州,5.0,,,,,,,,
2月2日,地区级,江西,赣州,2.0,,,-1.0,,,,,
2月2日,地区级,江西,吉安,1.0,,,,,,,,
2月2日,地区级,江西,九江,9.0,2.0,,,,,,,
2月2日,地区级,江西,南昌,14.0,3.0,,,,,,,
2月2日,地区级,江西,萍乡,3.0,,,,,,,,
2月2日,地区级,江西,上饶,13.0,3.0,,,,,,,
2月2日,地区级,江西,新余,7.0,,,,,,,,
2月2日,地区级,江西,宜春,5.0,,,,,,,,
2月2日,省级,江西,,59.0,8.0,,-1.0,,,,18.0,
2月2日,地区级,辽宁,大连,2.0,,,,,,,,
2月2日,地区级,辽宁,阜新,1.0,,,,,,,,
2月2日,地区级,辽宁,辽阳,1.0,,,,,,,,
2月2日,地区级,辽宁,盘锦,1.0,,,,,,,,
2月2日,地区级,辽宁,铁岭,1.0,,,,,,,,
2月2日,省级,辽宁,,6.0,,,,,,,1.0,0.0
2月2日,地区级,内蒙古,包头,1.0,,,,,,,1.0,0.0
2月2日,地区级,内蒙古,鄂尔多斯,3.0,,,,,,,,
2月2日,地区级,内蒙古,呼和浩特,2.0,,,,,,,,
2月2日,地区级,内蒙古,乌兰察布,1.0,,,,,,,,
2月2日,省级,内蒙古,,7.0,,,,,,,1.0,0.0
2月2日,地区级,宁夏,银川,3.0,,,,,,,,
2月2日,省级,宁夏,,3.0,,,,,,,,
2月2日,地区级,青海,海北州,1.0,,,,,,,,
2月2日,地区级,青海,西宁,3.0,,,,,,,,
2月2日,省级,青海,,4.0,,,,,,,,
2月2日,地区级,山东,滨州,,,,,,,,,
2月2日,地区级,山东,菏泽,1.0,,,,,,,,
2月2日,地区级,山东,济南,3.0,,,,,,,,
2月2日,地区级,山东,济宁,4.0,,,,,,,,
2月2日,地区级,山东,聊城,,,,,,,,,
2月2日,地区级,山东,临沂,,,,,,,,,
2月2日,地区级,山东,青岛,3.0,,,,,,,,
2月2日,地区级,山东,日照,1.0,,,,,,,,
2月2日,地区级,山东,泰安,2.0,1.0,,,,,,,
2月2日,地区级,山东,威海,1.0,,,,,,,,
2月2日,地区级,山东,潍坊,3.0,,,,,,,,
2月2日,地区级,山东,烟台,2.0,,,,,,,,
2月2日,地区级,山东,枣庄,1.0,,,,,,,,
2月2日,省级,山东,,21.0,1.0,,,,,,6.0,
2月2日,地区级,山西,大同,1.0,,,,,,,,
2月2日,地区级,山西,晋城,3.0,,,,,,,,
2月2日,地区级,山西,晋中,2.0,,,,,,,,
2月2日,地区级,山西,阳泉,1.0,,,,,,,,
2月2日,地区级,山西,运城,3.0,1.0,,,,,,,
2月2日,省级,山西,,10.0,1.0,,,,,,2.0,0.0
2月2日,地区级,陕西,安康,1.0,,,,,,,,
2月2日,地区级,陕西,宝鸡,1.0,,,,,,,,
2月2日,地区级,陕西,铜川,1.0,,,,,,,,
2月2日,地区级,陕西,渭南,1.0,,,,,,,,
2月2日,地区级,陕西,西安,8.0,,,,,,,,
2月2日,省级,陕西,,12.0,,,,,,,,
2月2日,地区级,上海,宝山,2.0,,,,,,,,
2月2日,地区级,上海,闵行,2.0,,,,,,,,
2月2日,地区级,上海,浦东,3.0,,,,,,,,
2月2日,地区级,上海,浦东,4.0,,,,,,,,
2月2日,地区级,上海,普陀,1.0,,,,,,,,
2月2日,地区级,上海,外地来沪,2.0,,,,,,,,
2月2日,地区级,上海,杨浦,2.0,,,,,,,,
2月2日,省级,上海,,16.0,,,,,,,10.0,1.0
2月2日,地区级,四川,巴中,4.0,,,,,,,,
2月2日,地区级,四川,成都,4.0,7.0,,,,,,,
2月2日,地区级,四川,达州,2.0,,,,,,,,
2月2日,地区级,四川,甘孜,1.0,,,,,,,,
2月2日,地区级,四川,广安,1.0,1.0,,,,,,,
2月2日,地区级,四川,凉山,1.0,,,,,,,,
2月2日,地区级,四川,泸州,1.0,,,,,,,,
2月2日,地区级,四川,眉山,1.0,,,,,,,,
2月2日,地区级,四川,绵阳,3.0,1.0,,,,,,,
2月2日,地区级,四川,南充,3.0,,,,,,,,
2月2日,地区级,四川,内江,1.0,,,,,,,,
2月2日,地区级,四川,攀枝花,1.0,,,,,,,,
2月2日,地区级,四川,遂宁,,,,,,,,,
2月2日,省级,四川,,23.0,9.0,,,,,,12.0,1.0
2月2日,省级,台湾,,,,,,,,,,
2月2日,地区级,天津,宝坻区,2.0,,,,,,,,
2月2日,地区级,天津,和平区,1.0,,,,,,,,
2月2日,地区级,天津,河东区,3.0,,,,,,,,
2月2日,地区级,天津,红桥区,,1.0,,,,,,,
2月2日,地区级,天津,南开区,,,,,,,,,
2月2日,地区级,天津,宁河区,1.0,,,,,,,,
2月2日,地区级,天津,外地来津,,,,,,,,,
2月2日,地区级,天津,西青区,,,,,,,,,
2月2日,省级,天津,,7.0,1.0,,,,,,1.0,
2月2日,地区级,西藏,拉萨,,,,,,,,,
2月2日,省级,西藏,,,,,,,,,,
2月2日,地区级,香港,香港,1.0,,,,,,,,
2月2日,省级,香港,,1.0,,,,,,,1.0,
2月2日,地区级,新疆,乌鲁木齐,2.0,,,,,,,,
2月2日,地区级,新疆,伊犁州,1.0,,,,,,,,
2月2日,省级,新疆,,3.0,,,,,,,,
2月2日,地区级,云南,楚雄州,2.0,,,,,,,,
2月2日,地区级,云南,德宏州,1.0,,,,,,,,
2月2日,地区级,云南,昆明,1.0,,,,,,,,
2月2日,地区级,云南,丽江,1.0,,,,,,,,
2月2日,地区级,云南,曲靖,1.0,1.0,,,,,,,
2月2日,地区级,云南,西双版纳州,1.0,,,,,,,,
2月2日,地区级,云南,玉溪,1.0,,,,,,,,
2月2日,地区级,云南,昭通,2.0,,,,,,,,
2月2日,省级,云南,,10.0,1.0,,,,,,3.0,0.0
2月2日,地区级,浙江,杭州,8.0,,,,,,,,
2月2日,地区级,浙江,湖州,3.0,,,,,,,,
2月2日,地区级,浙江,金华,2.0,3.0,,,,,,,
2月2日,地区级,浙江,丽水,2.0,,,,,,,,
2月2日,地区级,浙江,宁波,9.0,,,,,,,,
2月2日,地区级,浙江,衢州,1.0,,,,,,,,
2月2日,地区级,浙江,绍兴,3.0,1.0,,,,,,,
2月2日,地区级,浙江,台州,9.0,3.0,,,,,,,
2月2日,地区级,浙江,温州,26.0,5.0,,,,,,,
2月2日,地区级,浙江,舟山,,1.0,,,,,,,
2月2日,省级,浙江,,63.0,13.0,,,,,,36.0,
2月2日,地区级,重庆,巴南区,1.0,,,,,,,,
2月2日,地区级,重庆,大足区,1.0,,,,,,,,
2月2日,地区级,重庆,垫江县,1.0,,,,,,,,
2月2日,地区级,重庆,奉节县,1.0,,,,,,,,
2月2日,地区级,重庆,涪陵区,1.0,,,,,,,,
2月2日,地区级,重庆,高新区,1.0,,,,,,,,
2月2日,地区级,重庆,合川区,1.0,,,,,,,,
2月2日,地区级,重庆,江北区,3.0,,,,,,,,
2月2日,地区级,重庆,九龙坡区,2.0,,,,,,,,
2月2日,地区级,重庆,开州区,1.0,,,,,,,,
2月2日,地区级,重庆,梁平区,1.0,,,,,,,,
2月2日,地区级,重庆,南岸区,2.0,,,,,,,,
2月2日,地区级,重庆,綦江区,1.0,,,,,,,,
2月2日,地区级,重庆,荣昌区,2.0,,,,,,,,
2月2日,地区级,重庆,铜梁区,3.0,,,,,,,,
2月2日,地区级,重庆,潼南区,1.0,,,,,,,,
2月2日,地区级,重庆,万州区,10.0,,1.0,,,,,,
2月2日,地区级,重庆,巫山县,1.0,2.0,,,,,,,
2月2日,地区级,重庆,永川区,,1.0,,,,,,,
2月2日,地区级,重庆,云阳县,,1.0,,,,,,,
2月2日,地区级,重庆,长寿区,1.0,,,,,,,,
2月2日,地区级,重庆,忠县,3.0,,,,,,,,
2月2日,省级,重庆,,38.0,4.0,1.0,,,,,7.0,2.0
2月2日,国家级,,,2829.0,147.0,57.0,-4.0,,,,,
2月2日,地区级,北京,昌平,1.0,,,,,,,,
2月2日,地区级,北京,朝阳,,,,-4.0,,,,,
2月2日,地区级,北京,大兴,7.0,,,,,,,,
2月2日,地区级,北京,地区待确认,,3.0,,,,,,,
2月2日,地区级,北京,东城,,,,-1.0,,,,,
2月2日,地区级,北京,房山,2.0,,,,,,,,
2月2日,地区级,北京,丰台,1.0,,,,,,,,
2月2日,地区级,北京,海淀,1.0,,,,,,,,
2月2日,地区级,北京,怀柔,2.0,,,,,,,,
2月2日,地区级,北京,门头沟,2.0,,,,,,,,
2月2日,地区级,北京,石景山,1.0,,,,,,,,
2月2日,地区级,北京,顺义,,,,-1.0,,,,,
2月2日,地区级,北京,外地来京,8.0,,,,,,,,
2月2日,地区级,北京,西城,9.0,,,,,,,,
2月2日,地区级,北京,延庆,1.0,,,,,,,,
2月2日,省级,北京,,35.0,3.0,,-6.0,,,,12.0,1.0
2月2日,地区级,河南,安阳,4.0,,,,,,,,
2月2日,地区级,河南,地区待确认,,1.0,,,,,,,
2月2日,地区级,河南,济源示范区,2.0,,,,,,,,
2月2日,地区级,河南,焦作,1.0,,,,,,,,
2月2日,地区级,河南,漯河,4.0,,,,,,,,
2月2日,地区级,河南,南阳,8.0,1.0,,,,,,,
2月2日,地区级,河南,平顶山,5.0,,,,,,,,
2月2日,地区级,河南,商丘,6.0,,,,,,,,
2月2日,地区级,河南,新乡,4.0,,,,,,,,
2月2日,地区级,河南,信阳,11.0,4.0,,,,,,,
2月2日,地区级,河南,许昌,2.0,,,,,,,,
2月2日,地区级,河南,郑州,7.0,3.0,,,,,,,
2月2日,地区级,河南,周口,7.0,1.0,,,,,,,
2月2日,地区级,河南,驻马店,12.0,,,,,,,,
2月2日,省级,河南,,73.0,10.0,,,,,,14.0,2.0
2月2日,地区级,广东,潮州,1.0,,,,,,,,
2月2日,地区级,广东,地区待确认,,1.0,,,,,,,
2月2日,地区级,广东,东莞,4.0,,,,,,,,
2月2日,地区级,广东,佛山,4.0,,,,,,,,
2月2日,地区级,广东,广州,14.0,,,,,,,,
2月2日,地区级,广东,惠州,5.0,,,,,,,,
2月2日,地区级,广东,江门,1.0,,,,,,,,
2月2日,地区级,广东,茂名,1.0,,,,,,,,
2月2日,地区级,广东,梅州,1.0,,,,,,,,
2月2日,地区级,广东,汕头,3.0,,,,,,,,
2月2日,地区级,广东,汕尾,1.0,,,,,,,,
2月2日,地区级,广东,清远,,1.0,,,,,,,
2月2日,地区级,广东,深圳,30.0,,,,,,,,
2月2日,地区级,广东,中山,4.0,,,,,,,,
2月2日,地区级,广东,珠海,10.0,,,,,,,,
2月2日,省级,广东,,79.0,2.0,,,,,,14.0,
2月3日,地区级,安徽,安庆,8.0,,,,,,,,
2月3日,地区级,安徽,蚌埠,6.0,,,,,,,,
2月3日,地区级,安徽,亳州,9.0,,,,,,,,
2月3日,地区级,安徽,池州,4.0,1.0,,,,,,,
2月3日,地区级,安徽,滁州,3.0,2.0,,,,,,,
2月3日,地区级,安徽,阜阳,14.0,,,,,,,,
2月3日,地区级,安徽,合肥,6.0,3.0,,,,,,,
2月3日,地区级,安徽,淮北,3.0,,,,,,,,
2月3日,地区级,安徽,淮南,1.0,,,,,,,,
2月3日,地区级,安徽,黄山,,,,,,,,,
2月3日,地区级,安徽,六安,10.0,,,,,,,,
2月3日,地区级,安徽,马鞍山,,,,,,,,,
2月3日,地区级,安徽,铜陵,1.0,1.0,,,,,,,
2月3日,地区级,安徽,芜湖,5.0,,,,,,,,
2月3日,地区级,安徽,宿州,2.0,,,,,,,,
2月3日,地区级,安徽,宣城,,,,,,,,,
2月3日,省级,安徽,,72.0,7.0,,,,,,14.0,
2月3日,地区级,澳门,澳门,2.0,,,,,,,,
2月3日,省级,澳门,,2.0,,,,,,,,
2月3日,地区级,福建,福州,6.0,,,,,,,,
2月3日,地区级,福建,龙岩,1.0,,,,,,,,
2月3日,地区级,福建,南平,,,,,,,,,
2月3日,地区级,福建,宁德,,,,,,,,,
2月3日,地区级,福建,莆田,3.0,1.0,,,,,,,
2月3日,地区级,福建,泉州,4.0,,,,,,,,
2月3日,地区级,福建,三明,,,,,,,,,
2月3日,地区级,福建,厦门,1.0,,,,,,,,
2月3日,地区级,福建,漳州,,,,,,,,,
2月3日,省级,福建,,15.0,1.0,,,,,,1.0,
2月3日,地区级,甘肃,白银,,,,,,,,,
2月3日,地区级,甘肃,定西,,,,,,,,,
2月3日,地区级,甘肃,甘南州,,,,,,,,,
2月3日,地区级,甘肃,金昌,,,,,,,,,
2月3日,地区级,甘肃,兰州,2.0,,,,,,,,
2月3日,地区级,甘肃,临夏,,,,,,,,,
2月3日,地区级,甘肃,陇南,,,,,,,,,
2月3日,地区级,甘肃,平凉,,,,,,,,,
2月3日,地区级,甘肃,庆阳,,,,,,,,,
2月3日,地区级,甘肃,天水,2.0,,,,,,,,
2月3日,地区级,甘肃,张掖,,,,,,,,,
2月3日,省级,甘肃,,4.0,,,,,,,3.0,0.0
2月3日,地区级,广西,百色,,,,,,,,,
2月3日,地区级,广西,北海,1.0,,,,,,,,
2月3日,地区级,广西,防城港,2.0,,,,,,,,
2月3日,地区级,广西,贵港,,,,,,,,,
2月3日,地区级,广西,桂林,,4.0,,,,,,,
2月3日,地区级,广西,河池,2.0,,,,,,,,
2月3日,地区级,广西,贺州,,,,,,,,,
2月3日,地区级,广西,柳州,1.0,,,,,,,,
2月3日,地区级,广西,南宁,5.0,,,,,,,,
2月3日,地区级,广西,钦州,1.0,,,,,,,,
2月3日,地区级,广西,梧州,,1.0,,,,,,,
2月3日,地区级,广西,玉林,,,,,,,,,
2月3日,省级,广西,,12.0,5.0,,,,,,7.0,0.0
2月3日,地区级,贵州,安顺,,,,,,,,,
2月3日,地区级,贵州,毕节,4.0,,,,,,,,
2月3日,地区级,贵州,贵阳,3.0,,,,,,,,
2月3日,地区级,贵州,六盘水,,,,,,,,,
2月3日,地区级,贵州,黔东南州,,,,,,,,,
2月3日,地区级,贵州,黔南州,1.0,,,,,,,,
2月3日,地区级,贵州,黔西南州,1.0,,,,,,,,
2月3日,地区级,贵州,铜仁,,,,,,,,,
2月3日,地区级,贵州,遵义,1.0,,,,,,,,
2月3日,省级,贵州,,10.0,,,,,,,2.0,0.0
2月3日,地区级,海南,澄迈县,1.0,,,,,,,,
2月3日,地区级,海南,儋州,1.0,,,,,,,,
2月3日,地区级,海南,定安县,2.0,,,,,,,,
2月3日,地区级,海南,海口,1.0,,,,,,,,
2月3日,地区级,海南,三亚,1.0,,,,,,,,
2月3日,地区级,海南,万宁,3.0,,,,,,,,
2月3日,省级,海南,,9.0,,,,,,,4.0,1.0
2月3日,地区级,河北,保定,,,,,,,,,
2月3日,地区级,河北,沧州,1.0,,,,,,,,
2月3日,地区级,河北,承德,1.0,,,,,,,,
2月3日,地区级,河北,邯郸,3.0,,,,,,,,
2月3日,地区级,河北,衡水,1.0,,,,,,,,
2月3日,地区级,河北,廊坊,,,,,,,,,
2月3日,地区级,河北,秦皇岛,,,,,,,,,
2月3日,地区级,河北,石家庄,5.0,,,,,,,,
2月3日,地区级,河北,唐山,,,,,,,,,
2月3日,地区级,河北,邢台,2.0,,,,,,,,
2月3日,地区级,河北,张家口,,,,,,,,,
2月3日,省级,河北,,13.0,,,,,,,3.0,1.0
2月3日,地区级,黑龙江,哈尔滨,18.0,,,,,,,,
2月3日,地区级,黑龙江,鹤岗,1.0,,,,,,,,
2月3日,地区级,黑龙江,鸡西,3.0,,,,,,,,
2月3日,地区级,黑龙江,七台河,1.0,,,,,,,,
2月3日,地区级,黑龙江,齐齐哈尔,3.0,,,,,,,,
2月3日,地区级,黑龙江,双鸭山,5.0,,,,,,,,
2月3日,地区级,黑龙江,绥化,6.0,,,,,,,,
2月3日,省级,黑龙江,,37.0,,,,,,,2.0,2.0
2月3日,地区级,湖北,鄂州,26.0,2.0,3.0,,,,,,
2月3日,地区级,湖北,恩施州,12.0,,,,,,,,
2月3日,地区级,湖北,黄冈,176.0,9.0,2.0,,,,,,
2月3日,地区级,湖北,黄石,71.0,1.0,,,,,,,
2月3日,地区级,湖北,荆门,55.0,,3.0,,,,,,
2月3日,地区级,湖北,荆州,114.0,3.0,1.0,,,,,,
2月3日,地区级,湖北,潜江,9.0,,,,,,,,
2月3日,地区级,湖北,神农架,3.0,,,,,,,,
2月3日,地区级,湖北,十堰,35.0,4.0,,,,,,,
2月3日,地区级,湖北,随州,183.0,,1.0,,,,,,
2月3日,地区级,湖北,天门,2.0,,,,,,,,
2月3日,地区级,湖北,武汉,1242.0,79.0,48.0,,,,,,
2月3日,地区级,湖北,仙桃,19.0,,,,,,,,
2月3日,地区级,湖北,咸宁,52.0,,,,,,,,
2月3日,地区级,湖北,襄阳,84.0,,1.0,,,,,,
2月3日,地区级,湖北,孝感,202.0,2.0,3.0,,,,,,
2月3日,地区级,湖北,宜昌,60.0,1.0,2.0,,,,,,
2月3日,省级,湖北,,2345.0,101.0,64.0,,,,,396.0,414.0
2月3日,地区级,湖南,常德,5.0,,,,,,,,
2月3日,地区级,湖南,郴州,1.0,,,,,,,,
2月3日,地区级,湖南,衡阳,3.0,1.0,,,,,,,
2月3日,地区级,湖南,怀化,3.0,,,,,,,,
2月3日,地区级,湖南,娄底,5.0,1.0,,,,,,,
2月3日,地区级,湖南,邵阳,4.0,,,,,,,,
2月3日,地区级,湖南,湘潭,2.0,,,,,,,,
2月3日,地区级,湖南,湘西自治州,,,,,,,,,
2月3日,地区级,湖南,益阳,5.0,1.0,,,,,,,
2月3日,地区级,湖南,永州,,3.0,,,,,,,
2月3日,地区级,湖南,岳阳,13.0,,,,,,,,
2月3日,地区级,湖南,张家界,,,,,,,,,
2月3日,地区级,湖南,长沙,23.0,,,,,,,,
2月3日,地区级,湖南,株洲,8.0,,,,,,,,
2月3日,省级,湖南,,72.0,6.0,,,,,,22.0,
2月3日,地区级,吉林,四平,2.0,,,,,,,,
2月3日,地区级,吉林,吉林,1.0,,,,,,,,
2月3日,地区级,吉林,辽源,3.0,,,,,,,,
2月3日,地区级,吉林,四平,3.0,,,,,,,,
2月3日,地区级,吉林,延边,1.0,,,,,,,,
2月3日,地区级,吉林,长春,1.0,,,,,,,,
2月3日,省级,吉林,,11.0,,,,,,,1.0,0.0
2月3日,地区级,江苏,常州,4.0,,,,,,,,
2月3日,地区级,江苏,淮安,4.0,,,,,,,,
2月3日,地区级,江苏,连云港,3.0,,,,,,,,
2月3日,地区级,江苏,南京,4.0,,,,,,,,
2月3日,地区级,江苏,南通,3.0,,,,,,,,
2月3日,地区级,江苏,苏州,8.0,,,,,,,,
2月3日,地区级,江苏,泰州,2.0,,,,,,,,
2月3日,地区级,江苏,无锡,2.0,1.0,,,,,,,
2月3日,地区级,江苏,宿迁,1.0,,,,,,,,
2月3日,地区级,江苏,徐州,3.0,,,,,,,,
2月3日,地区级,江苏,盐城,,,,,,,,,
2月3日,地区级,江苏,扬州,1.0,,,,,,,,
2月3日,地区级,江苏,镇江,2.0,,,,,,,,
2月3日,省级,江苏,,37.0,1.0,,,,,,8.0,
2月3日,地区级,江西,抚州,5.0,,,,,,,,
2月3日,地区级,江西,赣州,7.0,,,,,,,,
2月3日,地区级,江西,吉安,2.0,,,,,,,,
2月3日,地区级,江西,景德镇,1.0,,,,,,,,
2月3日,地区级,江西,九江,14.0,,,,,,,,
2月3日,地区级,江西,南昌,18.0,,,,,,,,
2月3日,地区级,江西,萍乡,2.0,,,,,,,,
2月3日,地区级,江西,上饶,18.0,,,,,,,,
2月3日,地区级,江西,新余,9.0,,,,,,,,
2月3日,地区级,江西,宜春,9.0,1.0,,,,,,,
2月3日,地区级,江西,鹰潭,,,,,,,,,
2月3日,省级,江西,,85.0,1.0,,,,,,19.0,
2月3日,地区级,辽宁,鞍山,,,,,,,,,
2月3日,地区级,辽宁,本溪,,,,,,,,,
2月3日,地区级,辽宁,朝阳市,,,,,,,,,
2月3日,地区级,辽宁,大连,,,,,,,,,
2月3日,地区级,辽宁,丹东,,,,,,,,,
2月3日,地区级,辽宁,阜新,2.0,,,,,,,,
2月3日,地区级,辽宁,葫芦岛,,,,,,,,,
2月3日,地区级,辽宁,锦州,,,,,,,,,
2月3日,地区级,辽宁,辽阳,,,,,,,,,
2月3日,地区级,辽宁,盘锦,,,,,,,,,
2月3日,地区级,辽宁,沈阳,2.0,,,,,,,,
2月3日,地区级,辽宁,铁岭,,,,,,,,,
2月3日,地区级,辽宁,营口,,,,,,,,,
2月3日,省级,辽宁,,4.0,,,,,,,1.0,0.0
2月3日,地区级,内蒙古,巴彦淖尔,,,,,,,,,
2月3日,地区级,内蒙古,包头,,,,,,,,,
2月3日,地区级,内蒙古,赤峰,,,,,,,,,
2月3日,地区级,内蒙古,鄂尔多斯,,,,,,,,,
2月3日,地区级,内蒙古,呼和浩特,,,,,,,,,
2月3日,地区级,内蒙古,呼伦贝尔,1.0,,,,,,,,
2月3日,地区级,内蒙古,通辽,,,,,,,,,
2月3日,地区级,内蒙古,乌海,,,,,,,,,
2月3日,地区级,内蒙古,乌兰察布,,,,,,,,,
2月3日,地区级,内蒙古,锡林郭勒,,,,,,,,,
2月3日,省级,内蒙古,,1.0,,,,,,,1.0,0.0
2月3日,地区级,宁夏,固原,,,,,,,,,
2月3日,地区级,宁夏,石嘴山,1.0,,,,,,,,
2月3日,地区级,宁夏,吴忠,,,,,,,,,
2月3日,地区级,宁夏,银川,1.0,1.0,,,,,,,
2月3日,地区级,宁夏,中卫,1.0,,,,,,,,
2月3日,省级,宁夏,,3.0,1.0,,,,,,1.0,0.0
2月3日,地区级,青海,海北州,2.0,,,,,,,,
2月3日,地区级,青海,西宁,,,,,,,,,
2月3日,省级,青海,,2.0,,,,,,,,
2月3日,地区级,山东,滨州,1.0,,,,,,,,
2月3日,地区级,山东,德州,,,,,,,,,
2月3日,地区级,山东,菏泽,1.0,,,,,,,,
2月3日,地区级,山东,济南,3.0,,,,,,,,
2月3日,地区级,山东,济宁,3.0,,,,,,,,
2月3日,地区级,山东,聊城,1.0,,,,,,,,
2月3日,地区级,山东,临沂,3.0,1.0,,,,,,,
2月3日,地区级,山东,青岛,4.0,,,,,,,,
2月3日,地区级,山东,日照,2.0,,,,,,,,
2月3日,地区级,山东,泰安,1.0,,,,,,,,
2月3日,地区级,山东,威海,,,,,,,,,
2月3日,地区级,山东,潍坊,,,,,,,,,
2月3日,地区级,山东,烟台,4.0,,,,,,,,
2月3日,地区级,山东,枣庄,1.0,,,,,,,,
2月3日,省级,山东,,24.0,1.0,,,,,,7.0,
2月3日,地区级,山西,大同,,,,,,,,,
2月3日,地区级,山西,晋城,1.0,,,,,,,,
2月3日,地区级,山西,晋中,4.0,,,,,,,,
2月3日,地区级,山西,临汾,,,,,,,,,
2月3日,地区级,山西,吕梁,,,,,,,,,
2月3日,地区级,山西,朔州,,,,,,,,,
2月3日,地区级,山西,太原,,,,,,,,,
2月3日,地区级,山西,忻州,,,,,,,,,
2月3日,地区级,山西,阳泉,,,,,,,,,
2月3日,地区级,山西,运城,3.0,,,,,,,,
2月3日,地区级,山西,长治,,,,,,,,,
2月3日,省级,山西,,8.0,,,,,,,2.0,0.0
2月3日,地区级,陕西,安康,,,,,,,,,
2月3日,地区级,陕西,宝鸡,2.0,,,,,,,,
2月3日,地区级,陕西,汉中,1.0,,,,,,,,
2月3日,地区级,陕西,商洛,3.0,,,,,,,,
2月3日,地区级,陕西,铜川,,,,,,,,,
2月3日,地区级,陕西,渭南,,,,,,,,,
2月3日,地区级,陕西,西安,5.0,1.0,,,,,,,
2月3日,地区级,陕西,咸阳,2.0,,,,,,,,
2月3日,地区级,陕西,延安,,,,,,,,,
2月3日,地区级,陕西,咸阳,1.0,,,,,,,,
2月3日,地区级,陕西,榆林,,,,,,,,,
2月3日,省级,陕西,,14.0,1.0,,,,,,1.0,
2月3日,地区级,上海,宝山,1.0,,,,,,,,
2月3日,地区级,上海,崇明,,,,,,,,,
2月3日,地区级,上海,奉贤,,,,,,,,,
2月3日,地区级,上海,虹口,,,,,,,,,
2月3日,地区级,上海,黄浦,,,,,,,,,
2月3日,地区级,上海,嘉定,1.0,,,,,,,,
2月3日,地区级,上海,金山,,,,,,,,,
2月3日,地区级,上海,静安,,,,,,,,,
2月3日,地区级,上海,闵行,1.0,,,,,,,,
2月3日,地区级,上海,浦东,1.0,,,,,,,,
2月3日,地区级,上海,普陀,2.0,,,,,,,,
2月3日,地区级,上海,青浦,,,,,,,,,
2月3日,地区级,上海,松江,,,,,,,,,
2月3日,地区级,上海,外地来沪,3.0,,,,,,,,
2月3日,地区级,上海,徐汇,4.0,,,,,,,,
2月3日,地区级,上海,杨浦,1.0,,,,,,,,
2月3日,地区级,上海,长宁,1.0,,,,,,,,
2月3日,省级,上海,,15.0,,,,,,,10.0,1.0
2月3日,地区级,四川,阿坝,,,,,,,,,
2月3日,地区级,四川,巴中,,,,,,,,,
2月3日,地区级,四川,成都,10.0,,,,,,,,
2月3日,地区级,四川,达州,2.0,1.0,,,,,,,
2月3日,地区级,四川,德阳,2.0,,,,,,,,
2月3日,地区级,四川,甘孜,2.0,,,,,,,,
2月3日,地区级,四川,广安,3.0,,,,,,,,
2月3日,地区级,四川,广元,1.0,,,,,,,,
2月3日,地区级,四川,乐山,,,,,,,,,
2月3日,地区级,四川,凉山,,,,,,,,,
2月3日,地区级,四川,泸州,2.0,,,,,,,,
2月3日,地区级,四川,眉山,2.0,,,,,,,,
2月3日,地区级,四川,绵阳,,,,,,,,,
2月3日,地区级,四川,南充,1.0,,,,,,,,
2月3日,地区级,四川,内江,3.0,,,,,,,,
2月3日,地区级,四川,攀枝花,,,,,,,,,
2月3日,地区级,四川,遂宁,,1.0,,,,,,,
2月3日,地区级,四川,雅安,,,,,,,,,
2月3日,地区级,四川,宜宾,,,,,,,,,
2月3日,地区级,四川,资阳,,,,,,,,,
2月3日,地区级,四川,自贡,,,,,,,,,
2月3日,省级,四川,,28.0,2.0,,,,,,14.0,1.0
2月3日,省级,台湾,,,,,,,,,,
2月3日,地区级,天津,宝坻区,6.0,,,,,,,,
2月3日,地区级,天津,滨海新区,,,,,,,,,
2月3日,地区级,天津,东丽区,,,,,,,,,
2月3日,地区级,天津,和平区,1.0,,,,,,,,
2月3日,地区级,天津,河北区,,,,,,,,,
2月3日,地区级,天津,河东区,,,,,,,,,
2月3日,地区级,天津,河西区,,,,,,,,,
2月3日,地区级,天津,红桥区,,,,,,,,,
2月3日,地区级,天津,南开区,1.0,,,,,,,,
2月3日,地区级,天津,宁河区,1.0,,,,,,,,
2月3日,地区级,天津,外地来津,2.0,,,,,,,,
2月3日,地区级,天津,西青区,1.0,,,,,,,,
2月3日,省级,天津,,12.0,,,,,,,1.0,0.0
2月3日,地区级,西藏,拉萨,,,,,,,,,
2月3日,省级,西藏,,,,,,,,,,
2月3日,地区级,香港,香港,,,,,,,,,
2月3日,省级,香港,,,,,,,,,1.0,
2月3日,地区级,新疆,阿克苏,,,,,,,,,
2月3日,地区级,新疆,兵团第九师,,,,,,,,,
2月3日,地区级,新疆,兵团第六师,1.0,,,,,,,,
2月3日,地区级,新疆,昌吉州,1.0,,,,,,,,
2月3日,地区级,新疆,兵团第八师,,,,,,,,,
2月3日,地区级,新疆,兵团第七师,,,,,,,,,
2月3日,地区级,新疆,吐鲁番,,,,,,,,,
2月3日,地区级,新疆,乌鲁木齐,2.0,,,,,,,,
2月3日,地区级,新疆,伊犁州,1.0,,,,,,,,
2月3日,省级,新疆,,5.0,,,,,,,,
2月3日,地区级,云南,保山,,,,,,,,,
2月3日,地区级,云南,楚雄州,1.0,,,,,,,,
2月3日,地区级,云南,大理,,,,,,,,,
2月3日,地区级,云南,德宏州,1.0,,,,,,,,
2月3日,地区级,云南,红河,,,,,,,,,
2月3日,地区级,云南,昆明,2.0,,,,,,,,
2月3日,地区级,云南,丽江,,,,,,,,,
2月3日,地区级,云南,临沧,,,,,,,,,
2月3日,地区级,云南,普洱,,,,,,,,,
2月3日,地区级,云南,曲靖,2.0,,,,,,,,
2月3日,地区级,云南,文山州,1.0,,,,,,,,
2月3日,地区级,云南,西双版纳州,,1.0,,,,,,,
2月3日,地区级,云南,玉溪,,1.0,,,,,,,
2月3日,地区级,云南,昭通,1.0,,,,,,,,
2月3日,省级,云南,,8.0,2.0,,,,,,5.0,0.0
2月3日,地区级,浙江,杭州,14.0,4.0,,,,,,,
2月3日,地区级,浙江,湖州,,1.0,,,,,,,
2月3日,地区级,浙江,嘉兴,4.0,,,,,,,,
2月3日,地区级,浙江,金华,4.0,,,,,,,,
2月3日,地区级,浙江,丽水,,,,,,,,,
2月3日,地区级,浙江,宁波,27.0,,,,,,,,
2月3日,地区级,浙江,衢州,1.0,,,,,,,,
2月3日,地区级,浙江,绍兴,,1.0,,,,,,,
2月3日,地区级,浙江,台州,6.0,4.0,,,,,,,
2月3日,地区级,浙江,温州,49.0,2.0,,,,,,,
2月3日,地区级,浙江,舟山,,,,,,,,,
2月3日,省级,浙江,,105.0,12.0,,,,,,48.0,
2月3日,地区级,重庆,巴南区,1.0,,,,,,,,
2月3日,地区级,重庆,璧山区,,,,,,,,,
2月3日,地区级,重庆,城口县,1.0,,,,,,,,
2月3日,地区级,重庆,大渡口区,1.0,,,,,,,,
2月3日,地区级,重庆,大足区,2.0,,,,,,,,
2月3日,地区级,重庆,垫江县,1.0,1.0,,,,,,,
2月3日,地区级,重庆,丰都县,1.0,,,,,,,,
2月3日,地区级,重庆,奉节县,,,,,,,,,
2月3日,地区级,重庆,涪陵区,,,,,,,,,
2月3日,地区级,重庆,高新区,,,,,,,,,
2月3日,地区级,重庆,合川区,,,,,,,,,
2月3日,地区级,重庆,江北区,,,,,,,,,
2月3日,地区级,重庆,江津区,,,,,,,,,
2月3日,地区级,重庆,九龙坡区,2.0,,,,,,,,
2月3日,地区级,重庆,开州区,1.0,,,,,,,,
2月3日,地区级,重庆,梁平区,,,,,,,,,
2月3日,地区级,重庆,两江新区,1.0,,,,,,,,
2月3日,地区级,重庆,南岸区,1.0,,,,,,,,
2月3日,地区级,重庆,彭水县,2.0,,,,,,,,
2月3日,地区级,重庆,綦江区,5.0,,,,,,,,
2月3日,地区级,重庆,黔江区,,,,,,,,,
2月3日,地区级,重庆,荣昌区,3.0,,,,,,,,
2月3日,地区级,重庆,沙坪坝区,,,,,,,,,
2月3日,地区级,重庆,石柱县,2.0,,,,,,,,
2月3日,地区级,重庆,铜梁区,,,,,,,,,
2月3日,地区级,重庆,潼南区,1.0,,,,,,,,
2月3日,地区级,重庆,万州区,7.0,,,,,,,,
2月3日,地区级,重庆,巫山县,,1.0,,,,,,,
2月3日,地区级,重庆,巫溪县,,,,,,,,,
2月3日,地区级,重庆,武隆区,,,,,,,,,
2月3日,地区级,重庆,秀山县,,,,,,,,,
2月3日,地区级,重庆,永川区,,,,,,,,,
2月3日,地区级,重庆,渝北区,,,,,,,,,
2月3日,地区级,重庆,渝中区,4.0,,,,,,,,
2月3日,地区级,重庆,云阳县,,,,,,,,,
2月3日,地区级,重庆,长寿区,1.0,,,,,,,,
2月3日,地区级,重庆,忠县,,,,,,,,,
2月3日,省级,重庆,,37.0,2.0,,,,,,9.0,2.0
2月3日,国家级,,,3235.0,157.0,64.0,-2.0,,,,,
2月3日,地区级,北京,昌平,1.0,,,,,,,,
2月3日,地区级,北京,朝阳,5.0,,,,,,,,
2月3日,地区级,北京,大兴,1.0,,,,,,,,
2月3日,地区级,北京,地区待确认,,11.0,,,,,,,
2月3日,地区级,北京,东城,,,,,,,,,
2月3日,地区级,北京,房山,1.0,,,,,,,,
2月3日,地区级,北京,丰台,1.0,,,,,,,,
2月3日,地区级,北京,海淀,3.0,,,,,,,,
2月3日,地区级,北京,怀柔,,,,,,,,,
2月3日,地区级,北京,门头沟,,,,,,,,,
2月3日,地区级,北京,石景山,1.0,,,,,,,,
2月3日,地区级,北京,顺义,,,,,,,,,
2月3日,地区级,北京,通州,,,,,,,,,
2月3日,地区级,北京,外地来京,1.0,,,,,,,,
2月3日,地区级,北京,西城,2.0,,,,,,,,
2月3日,地区级,北京,延庆,,,,,,,,,
2月3日,省级,北京,,16.0,11.0,,,,,,23.0,1.0
2月3日,地区级,河南,安阳,4.0,,,,,,,,
2月3日,地区级,河南,地区待确认,,4.0,,,,,,,
2月3日,地区级,河南,鹤壁,2.0,,,,,,,,
2月3日,地区级,河南,济源示范区,,,,,,,,,
2月3日,地区级,河南,焦作,4.0,1.0,,,,,,,
2月3日,地区级,河南,开封,1.0,,,,,,,,
2月3日,地区级,河南,洛阳,5.0,1.0,,,,,,,
2月3日,地区级,河南,漯河,3.0,,,,,,,,
2月3日,地区级,河南,南阳,15.0,,,,,,,,
2月3日,地区级,河南,平顶山,9.0,,,,,,,,
2月3日,地区级,河南,濮阳,1.0,,,,,,,,
2月3日,地区级,河南,三门峡,,,,,,,,,
2月3日,地区级,河南,商丘,10.0,,,,,,,,
2月3日,地区级,河南,新乡,6.0,,,,,,,,
2月3日,地区级,河南,信阳,13.0,,,,,,,,
2月3日,地区级,河南,许昌,4.0,,,,,,,,
2月3日,地区级,河南,郑州,13.0,,,,,,,,
2月3日,地区级,河南,周口,5.0,,,,,,,,
2月3日,地区级,河南,驻马店,14.0,,,,,,,,
2月3日,省级,河南,,109.0,6.0,,,,,,20.0,2.0
2月3日,地区级,广东,潮州,,,,,,,,,
2月3日,地区级,广东,地区待确认,,1.0,,,,,,,
2月3日,地区级,广东,东莞,6.0,,,,,,,,
2月3日,地区级,广东,佛山,3.0,,,,,,,,
2月3日,地区级,广东,广州,27.0,,,,,,,,
2月3日,地区级,广东,河源,,,,,,,,,
2月3日,地区级,广东,惠州,1.0,,,,,,,,
2月3日,地区级,广东,江门,2.0,,,,,,,,
2月3日,地区级,广东,揭阳,,,,,,,,,
2月3日,地区级,广东,茂名,1.0,,,,,,,,
2月3日,地区级,广东,梅州,2.0,,,,,,,,
2月3日,地区级,广东,清远,2.0,,,,,,,,
2月3日,地区级,广东,汕头,1.0,,,,,,,,
2月3日,地区级,广东,汕尾,,,,,,,,,
2月3日,地区级,广东,韶关,1.0,,,,,,,,
2月3日,地区级,广东,深圳,43.0,5.0,,,,,,,
2月3日,地区级,广东,阳江,2.0,,,,,,,,
2月3日,地区级,广东,湛江,1.0,,,,,,,,
2月3日,地区级,广东,肇庆,3.0,,,,,,,,
2月3日,地区级,广东,中山,6.0,,,,,,,,
2月3日,地区级,广东,珠海,13.0,,,,,,,,
2月3日,省级,广东,,114.0,6.0,,,,,,20.0,
2月4日,地区级,安徽,安庆,1.0,3.0,,,,,,,
2月4日,地区级,安徽,蚌埠,5.0,,,,,,,,
2月4日,地区级,安徽,亳州,10.0,,,,,,,,
2月4日,地区级,安徽,池州,1.0,,,,,,,,
2月4日,地区级,安徽,滁州,,,,,,,,,
2月4日,地区级,安徽,阜阳,5.0,3.0,,,,,,,
2月4日,地区级,安徽,合肥,12.0,,,,,,,,
2月4日,地区级,安徽,淮北,3.0,,,,,,,,
2月4日,地区级,安徽,淮南,4.0,,,,,,,,
2月4日,地区级,安徽,黄山,,,,,,,,,
2月4日,地区级,安徽,六安,4.0,,,,,,,,
2月4日,地区级,安徽,马鞍山,2.0,,,,,,,,
2月4日,地区级,安徽,铜陵,,,,,,,,,
2月4日,地区级,安徽,芜湖,2.0,,,,,,,,
2月4日,地区级,安徽,宿州,1.0,,,,,,,,
2月4日,地区级,安徽,宣城,,,,,,,,,
2月4日,省级,安徽,,50.0,6.0,,,,,,20.0,
2月4日,地区级,澳门,澳门,,,,,,,,,
2月4日,省级,澳门,,,,,,,,,,
2月4日,地区级,福建,福州,2.0,,,,,,,,
2月4日,地区级,福建,龙岩,,2.0,,,,,,,
2月4日,地区级,福建,南平,1.0,,,,,,,,
2月4日,地区级,福建,宁德,2.0,1.0,,,,,,,
2月4日,地区级,福建,莆田,1.0,,,,,,,,
2月4日,地区级,福建,泉州,2.0,3.0,,,,,,,
2月4日,地区级,福建,三明,,,,,,,,,
2月4日,地区级,福建,厦门,1.0,,,,,,,,
2月4日,地区级,福建,漳州,2.0,,,,,,,,
2月4日,省级,福建,,11.0,6.0,,,,,,7.0,0.0
2月4日,地区级,甘肃,白银,,,,,,,,,
2月4日,地区级,甘肃,定西,,,,,,,,,
2月4日,地区级,甘肃,甘南州,,,,,,,,,
2月4日,地区级,甘肃,金昌,,,,,,,,,
2月4日,地区级,甘肃,兰州,2.0,1.0,,,,,,,
2月4日,地区级,甘肃,临夏,,,,,,,,,
2月4日,地区级,甘肃,陇南,,,,,,,,,
2月4日,地区级,甘肃,平凉,,,,,,,,,
2月4日,地区级,甘肃,庆阳,,,,,,,,,
2月4日,地区级,甘肃,天水,,,,,,,,,
2月4日,地区级,甘肃,张掖,,,,,,,,,
2月4日,省级,甘肃,,2.0,1.0,,,,,,4.0,0.0
2月4日,地区级,广西,北海,2.0,2.0,,,,,,,
2月4日,地区级,广西,防城港,2.0,,,,,,,,
2月4日,地区级,广西,桂林,2.0,,,,,,,,
2月4日,地区级,广西,河池,1.0,,,,,,,,
2月4日,地区级,广西,柳州,2.0,1.0,,,,,,,
2月4日,地区级,广西,南宁,1.0,,,,,,,,
2月4日,地区级,广西,钦州,1.0,,,,,,,,
2月4日,省级,广西,,11.0,3.0,,,,,,10.0,0.0
2月4日,地区级,贵州,安顺,1.0,,,,,,,,
2月4日,地区级,贵州,毕节,3.0,,,,,,,,
2月4日,地区级,贵州,贵阳,2.0,,,,,,,,
2月4日,地区级,贵州,六盘水,,,,,,,,,
2月4日,地区级,贵州,黔东南州,1.0,,,,,,,,
2月4日,地区级,贵州,黔南州,,3.0,,,,,,,
2月4日,地区级,贵州,黔西南州,1.0,,,,,,,,
2月4日,地区级,贵州,铜仁,,,,,,,,,
2月4日,地区级,贵州,遵义,,,,,,,,,
2月4日,省级,贵州,,8.0,3.0,,,,,,5.0,0.0
2月4日,地区级,海南,保亭,2.0,,,,,,,,
2月4日,地区级,海南,澄迈县,1.0,,,,,,,,
2月4日,地区级,海南,东方,1.0,,,,,,,,
2月4日,地区级,海南,海口,2.0,,,,,,,,
2月4日,地区级,海南,临高县,1.0,,,,,,,,
2月4日,地区级,海南,陵水县,,,,-1.0,,,,,
2月4日,地区级,海南,三亚,4.0,,,,,,,,
2月4日,省级,海南,,11.0,,,-1.0,,,,4.0,1.0
2月4日,地区级,河北,保定,4.0,,,,,,,,
2月4日,地区级,河北,沧州,,,,,,,,,
2月4日,地区级,河北,承德,1.0,,,,,,,,
2月4日,地区级,河北,邯郸,,,,,,,,,
2月4日,地区级,河北,衡水,,,,,,,,,
2月4日,地区级,河北,廊坊,1.0,,,,,,,,
2月4日,地区级,河北,秦皇岛,1.0,,,,,,,,
2月4日,地区级,河北,石家庄,,1.0,,,,,,,
2月4日,地区级,河北,唐山,1.0,,,,,,,,
2月4日,地区级,河北,邢台,,,,,,,,,
2月4日,地区级,河北,张家口,1.0,,,,,,,,
2月4日,省级,河北,,9.0,1.0,,,,,,4.0,1.0
2月4日,地区级,黑龙江,哈尔滨,10.0,2.0,,,,,,,
2月4日,地区级,黑龙江,鸡西,3.0,,,,,,,,
2月4日,地区级,黑龙江,牡丹江,1.0,,,,,,,,
2月4日,地区级,黑龙江,七台河,1.0,,,,,,,,
2月4日,地区级,黑龙江,齐齐哈尔,14.0,,,,,,,,
2月4日,地区级,黑龙江,双鸭山,4.0,,,,,,,,
2月4日,地区级,黑龙江,绥化,2.0,,,,,,,,
2月4日,省级,黑龙江,,35.0,2.0,,,,,,4.0,2.0
2月4日,地区级,湖北,地区待确认,,,,,-1.0,,,,
2月4日,地区级,湖北,鄂州,50.0,2.0,,,,,,,
2月4日,地区级,湖北,恩施州,15.0,1.0,,,,,,,
2月4日,地区级,湖北,黄冈,223.0,11.0,6.0,,,,,,
2月4日,地区级,湖北,黄石,104.0,8.0,,,,,,,
2月4日,地区级,湖北,荆门,22.0,10.0,2.0,,,,,,
2月4日,地区级,湖北,荆州,100.0,3.0,2.0,,,,,,
2月4日,地区级,湖北,潜江,10.0,,,,,,,,
2月4日,地区级,湖北,神农架,,,,,,,,,
2月4日,地区级,湖北,十堰,27.0,3.0,,,,,,,
2月4日,地区级,湖北,随州,65.0,6.0,2.0,,,,,,
2月4日,地区级,湖北,天门,11.0,,,,,,,,
2月4日,地区级,湖北,武汉,1967.0,65.0,49.0,,,,,,
2月4日,地区级,湖北,仙桃,37.0,,1.0,,,,,,
2月4日,地区级,湖北,咸宁,36.0,1.0,,,,,,,
2月4日,地区级,湖北,襄阳,103.0,6.0,1.0,,,,,,
2月4日,地区级,湖北,孝感,342.0,2.0,1.0,,,,,,
2月4日,地区级,湖北,宜昌,44.0,7.0,1.0,,,,,,
2月4日,省级,湖北,,3156.0,125.0,65.0,,-1.0,,,520.0,479.0
2月4日,地区级,湖南,常德,6.0,3.0,,,,,,,
2月4日,地区级,湖南,郴州,2.0,,,,,,,,
2月4日,地区级,湖南,衡阳,4.0,1.0,,,,,,,
2月4日,地区级,湖南,怀化,,1.0,,,,,,,
2月4日,地区级,湖南,娄底,5.0,1.0,,,,,,,
2月4日,地区级,湖南,邵阳,13.0,1.0,,,,,,,
2月4日,地区级,湖南,湘潭,2.0,1.0,,,,,,,
2月4日,地区级,湖南,湘西自治州,1.0,,,,,,,,
2月4日,地区级,湖南,益阳,5.0,,,,,,,,
2月4日,地区级,湖南,永州,4.0,,,,,,,,
2月4日,地区级,湖南,岳阳,6.0,,,,,,,,
2月4日,地区级,湖南,张家界,,,,,,,,,
2月4日,地区级,湖南,长沙,16.0,4.0,,,,,,,
2月4日,地区级,湖南,株洲,4.0,1.0,,,,,,,
2月4日,省级,湖南,,68.0,13.0,,,,,,35.0,
2月4日,地区级,吉林,四平,1.0,,,,,,,,
2月4日,地区级,吉林,四平,1.0,,,,,,,,
2月4日,地区级,吉林,长春,10.0,,,,,,,,
2月4日,省级,吉林,,12.0,,,,,,,1.0,0.0
2月4日,地区级,江苏,常州,5.0,2.0,,,,,,,
2月4日,地区级,江苏,淮安,4.0,,,,,,,,
2月4日,地区级,江苏,连云港,3.0,,,,,,,,
2月4日,地区级,江苏,南京,3.0,2.0,,,,,,,
2月4日,地区级,江苏,南通,3.0,,,,,,,,
2月4日,地区级,江苏,苏州,3.0,,,,,,,,
2月4日,地区级,江苏,泰州,3.0,1.0,,,,,,,
2月4日,地区级,江苏,无锡,1.0,,,,,,,,
2月4日,地区级,江苏,宿迁,1.0,,,,,,,,
2月4日,地区级,江苏,徐州,6.0,,,,,,,,
2月4日,地区级,江苏,盐城,,,,,,,,,
2月4日,地区级,江苏,扬州,,,,,,,,,
2月4日,地区级,江苏,镇江,1.0,,,,,,,,
2月4日,省级,江苏,,33.0,5.0,,,,,,13.0,
2月4日,地区级,江西,抚州,10.0,1.0,,,,,,,
2月4日,地区级,江西,赣州,6.0,,,,,,,,
2月4日,地区级,江西,吉安,,,,,,,,,
2月4日,地区级,江西,景德镇,,,,,,,,,
2月4日,地区级,江西,九江,8.0,,,,,,,,
2月4日,地区级,江西,南昌,13.0,3.0,,,,,,,
2月4日,地区级,江西,萍乡,2.0,,,,,,,,
2月4日,地区级,江西,上饶,19.0,1.0,,,,,,,
2月4日,地区级,江西,新余,10.0,1.0,,,,,,,
2月4日,地区级,江西,宜春,3.0,2.0,,,,,,,
2月4日,地区级,江西,鹰潭,1.0,,,,,,,,
2月4日,省级,江西,,72.0,8.0,,,,,,27.0,
2月4日,地区级,辽宁,鞍山,,,,,,,,,
2月4日,地区级,辽宁,本溪,,,,,,,,,
2月4日,地区级,辽宁,朝阳市,,,,,,,,,
2月4日,地区级,辽宁,大连,1.0,1.0,,,,,,,
2月4日,地区级,辽宁,丹东,,,,,,,,,
2月4日,地区级,辽宁,阜新,2.0,,,,,,,,
2月4日,地区级,辽宁,葫芦岛,1.0,,,,,,,,
2月4日,地区级,辽宁,锦州,,,,,,,,,
2月4日,地区级,辽宁,辽阳,,,,,,,,,
2月4日,地区级,辽宁,盘锦,,,,,,,,,
2月4日,地区级,辽宁,沈阳,3.0,,,,,,,,
2月4日,地区级,辽宁,铁岭,,,,,,,,,
2月4日,地区级,辽宁,营口,,,,,,,,,
2月4日,省级,辽宁,,7.0,1.0,,,,,,2.0,0.0
2月4日,地区级,内蒙古,巴彦淖尔,1.0,,,,,,,,
2月4日,地区级,内蒙古,包头,1.0,,,,,,,,
2月4日,地区级,内蒙古,赤峰,1.0,,,,,,,,
2月4日,地区级,内蒙古,鄂尔多斯,2.0,,,,,,,,
2月4日,地区级,内蒙古,呼和浩特,1.0,,,,,,,,
2月4日,地区级,内蒙古,呼伦贝尔,,,,,,,,,
2月4日,地区级,内蒙古,通辽,,,,,,,,,
2月4日,地区级,内蒙古,乌海,1.0,,,,,,,,
2月4日,地区级,内蒙古,乌兰察布,,,,,,,,,
2月4日,地区级,内蒙古,锡林郭勒,,,,,,,,,
2月4日,省级,内蒙古,,7.0,,,,,,,1.0,0.0
2月4日,地区级,宁夏,固原,,,,,,,,,
2月4日,地区级,宁夏,石嘴山,,,,,,,,,
2月4日,地区级,宁夏,吴忠,,,,,,,,,
2月4日,地区级,宁夏,银川,,,,,,,,,
2月4日,地区级,宁夏,中卫,,,,,,,,,
2月4日,省级,宁夏,,,,,,,,,1.0,0.0
2月4日,地区级,青海,海北州,,,,,,,,,
2月4日,地区级,青海,西宁,2.0,,,,,,,,
2月4日,省级,青海,,2.0,,,,,,,,
2月4日,地区级,山东,滨州,,2.0,,,,,,,
2月4日,地区级,山东,德州,0.0,,,,,,,,
2月4日,地区级,山东,菏泽,2.0,,,,,,,,
2月4日,地区级,山东,济南,4.0,,,,,,,,
2月4日,地区级,山东,济宁,2.0,2.0,,,,,,,
2月4日,地区级,山东,聊城,2.0,,,,,,,,
2月4日,地区级,山东,临沂,3.0,,,,,,,,
2月4日,地区级,山东,青岛,5.0,2.0,,,,,,,
2月4日,地区级,山东,日照,,,,,,,,,
2月4日,地区级,山东,泰安,2.0,,,,,,,,
2月4日,地区级,山东,威海,2.0,,,,,,,,
2月4日,地区级,山东,潍坊,3.0,,,,,,,,
2月4日,地区级,山东,烟台,,,,,,,,,
2月4日,地区级,山东,枣庄,1.0,,,,,,,,
2月4日,地区级,山东,淄博,2.0,,,,,,,,
2月4日,省级,山东,,28.0,6.0,,,,,,13.0,
2月4日,地区级,山西,大同,,,,,,,,,
2月4日,地区级,山西,晋城,,,,,,,,,
2月4日,地区级,山西,晋中,2.0,2.0,,,,,,,
2月4日,地区级,山西,临汾,,,,,,,,,
2月4日,地区级,山西,吕梁,,,,,,,,,
2月4日,地区级,山西,朔州,1.0,,,,,,,,
2月4日,地区级,山西,太原,3.0,,,,,,,,
2月4日,地区级,山西,忻州,,,,,,,,,
2月4日,地区级,山西,阳泉,,,,,,,,,
2月4日,地区级,山西,运城,1.0,,,,,,,,
2月4日,地区级,山西,长治,,,,,,,,,
2月4日,省级,山西,,7.0,2.0,,,,,,4.0,0.0
2月4日,地区级,陕西,安康,2.0,,,,,,,,
2月4日,地区级,陕西,宝鸡,,,,,,,,,
2月4日,地区级,陕西,汉中,3.0,,,,,,,,
2月4日,地区级,陕西,商洛,1.0,,,,,,,,
2月4日,地区级,陕西,铜川,,,,,,,,,
2月4日,地区级,陕西,渭南,3.0,,,,,,,,
2月4日,地区级,陕西,西安,10.0,1.0,,,,,,,
2月4日,地区级,陕西,咸阳,4.0,,,,,,,,
2月4日,地区级,陕西,延安,,,,,,,,,
2月4日,地区级,陕西,榆林,,,,,,,,,
2月4日,省级,陕西,,23.0,1.0,,,,,,2.0,
2月4日,地区级,上海,宝山,1.0,,,,,,,,
2月4日,地区级,上海,崇明,1.0,,,,,,,,
2月4日,地区级,上海,地区待确认,,2.0,,,,,,,
2月4日,地区级,上海,奉贤,1.0,,,,,,,,
2月4日,地区级,上海,虹口,,,,,,,,,
2月4日,地区级,上海,黄浦,,,,,,,,,
2月4日,地区级,上海,嘉定,,,,,,,,,
2月4日,地区级,上海,金山,1.0,,,,,,,,
2月4日,地区级,上海,静安,3.0,,,,,,,,
2月4日,地区级,上海,闵行,1.0,,,,,,,,
2月4日,地区级,上海,浦东,5.0,,,,,,,,
2月4日,地区级,上海,普陀,,,,,,,,,
2月4日,地区级,上海,青浦,2.0,,,,,,,,
2月4日,地区级,上海,松江,2.0,,,,,,,,
2月4日,地区级,上海,外地来沪,5.0,,,,,,,,
2月4日,地区级,上海,徐汇,1.0,,,,,,,,
2月4日,地区级,上海,杨浦,1.0,,,,,,,,
2月4日,地区级,上海,长宁,1.0,,,,,,,,
2月4日,省级,上海,,25.0,2.0,,,,,,12.0,1.0
2月4日,地区级,四川,阿坝,,,,,,,,,
2月4日,地区级,四川,巴中,3.0,,,,,,,,
2月4日,地区级,四川,成都,5.0,7.0,,,,,,,
2月4日,地区级,四川,达州,4.0,,,,,,,,
2月4日,地区级,四川,德阳,,,,,,,,,
2月4日,地区级,四川,甘孜,2.0,,,,,,,,
2月4日,地区级,四川,广安,,,,,,,,,
2月4日,地区级,四川,广元,,,,,,,,,
2月4日,地区级,四川,乐山,,,,,,,,,
2月4日,地区级,四川,凉山,1.0,,,,,,,,
2月4日,地区级,四川,泸州,1.0,,,,,,,,
2月4日,地区级,四川,眉山,,1.0,,,,,,,
2月4日,地区级,四川,绵阳,,1.0,,,,,,,
2月4日,地区级,四川,南充,1.0,,,,,,,,
2月4日,地区级,四川,内江,,,,,,,,,
2月4日,地区级,四川,攀枝花,1.0,,,,,,,,
2月4日,地区级,四川,遂宁,,,,,,,,,
2月4日,地区级,四川,雅安,1.0,,,,,,,,
2月4日,地区级,四川,宜宾,,,,,,,,,
2月4日,地区级,四川,资阳,,,,,,,,,
2月4日,地区级,四川,自贡,,,,,,,,,
2月4日,省级,四川,,19.0,9.0,,,,,,23.0,1.0
2月4日,地区级,台湾,台湾,1.0,,,,,,,,
2月4日,省级,台湾,,1.0,,,,,,,,
2月4日,地区级,天津,宝坻区,2.0,,,,,,,,
2月4日,地区级,天津,滨海新区,,,,,,,,,
2月4日,地区级,天津,东丽区,,,,,,,,,
2月4日,地区级,天津,和平区,1.0,1.0,,,,,,,
2月4日,地区级,天津,河北区,1.0,,,,,,,,
2月4日,地区级,天津,河东区,1.0,,,,,,,,
2月4日,地区级,天津,河西区,1.0,,,,,,,,
2月4日,地区级,天津,红桥区,,,,,,,,,
2月4日,地区级,天津,津南区,1.0,,,,,,,,
2月4日,地区级,天津,南开区,,,,,,,,,
2月4日,地区级,天津,宁河区,,,,,,,,,
2月4日,地区级,天津,外地来津,,,,,,,,,
2月4日,地区级,天津,西青区,,,,,,,,,
2月4日,省级,天津,,7.0,1.0,,,,,,2.0,0.0
2月4日,地区级,西藏,拉萨,,,,,,,,,
2月4日,省级,西藏,,,,,,,,,,
2月4日,地区级,香港,香港,3.0,,1.0,,,,,,
2月4日,省级,香港,,3.0,,1.0,,,,,1.0,1.0
2月4日,地区级,新疆,阿克苏,,,,,,,,,
2月4日,地区级,新疆,兵团第九师,,,,,,,,,
2月4日,地区级,新疆,昌吉州,1.0,,,,,,,,
2月4日,地区级,新疆,兵团第八师,,,,,,,,,
2月4日,地区级,新疆,兵团第七师,,,,,,,,,
2月4日,地区级,新疆,兵团第六师,,,,,,,,,
2月4日,地区级,新疆,吐鲁番,,,,,,,,,
2月4日,地区级,新疆,乌鲁木齐,,,,,,,,,
2月4日,地区级,新疆,伊犁州,2.0,,,,,,,,
2月4日,省级,新疆,,3.0,,,,,,,,
2月4日,地区级,云南,保山,,,,,,,,,
2月4日,地区级,云南,楚雄州,1.0,,,,,,,,
2月4日,地区级,云南,大理,,,,,,,,,
2月4日,地区级,云南,德宏州,,,,,,,,,
2月4日,地区级,云南,红河,,,,,,,,,
2月4日,地区级,云南,昆明,,,,,,,,,
2月4日,地区级,云南,丽江,,,,,,,,,
2月4日,地区级,云南,临沧,,,,,,,,,
2月4日,地区级,云南,普洱,,,,,,,,,
2月4日,地区级,云南,曲靖,2.0,,,,,,,,
2月4日,地区级,云南,文山州,,,,,,,,,
2月4日,地区级,云南,西双版纳州,1.0,,,,,,,,
2月4日,地区级,云南,玉溪,,,,,,,,,
2月4日,地区级,云南,昭通,1.0,,,,,,,,
2月4日,省级,云南,,5.0,,,,,,,5.0,0.0
2月4日,地区级,浙江,杭州,9.0,1.0,,,,,,,
2月4日,地区级,浙江,湖州,,,,,,,,,
2月4日,地区级,浙江,嘉兴,4.0,,,,,,,,
2月4日,地区级,浙江,金华,4.0,,,,,,,,
2月4日,地区级,浙江,丽水,,,,,,,,,
2月4日,地区级,浙江,宁波,18.0,3.0,,,,,,,
2月4日,地区级,浙江,衢州,,,,,,,,,
2月4日,地区级,浙江,绍兴,,,,,,,,,
2月4日,地区级,浙江,台州,7.0,,,,,,,,
2月4日,地区级,浙江,温州,24.0,11.0,,,,,,,
2月4日,地区级,浙江,舟山,,,,,,,,,
2月4日,省级,浙江,,66.0,15.0,,,,,,63.0,
2月4日,地区级,重庆,巴南区,,,,,,,,,
2月4日,地区级,重庆,璧山区,,,,,,,,,
2月4日,地区级,重庆,城口县,,,,,,,,,
2月4日,地区级,重庆,大渡口区,,,,,,,,,
2月4日,地区级,重庆,大足区,,,,,,,,,
2月4日,地区级,重庆,垫江县,2.0,,,,,,,,
2月4日,地区级,重庆,丰都县,,,,,,,,,
2月4日,地区级,重庆,奉节县,,1.0,,,,,,,
2月4日,地区级,重庆,涪陵区,1.0,,,,,,,,
2月4日,地区级,重庆,高新区,1.0,,,,,,,,
2月4日,地区级,重庆,合川区,,,,,,,,,
2月4日,地区级,重庆,江北区,,,,,,,,,
2月4日,地区级,重庆,江津区,,,,,,,,,
2月4日,地区级,重庆,九龙坡区,4.0,,,,,,,,
2月4日,地区级,重庆,开州区,,,,,,,,,
2月4日,地区级,重庆,梁平区,,,,,,,,,
2月4日,地区级,重庆,两江新区,1.0,,,,,,,,
2月4日,地区级,重庆,南岸区,1.0,,,,,,,,
2月4日,地区级,重庆,彭水县,,,,,,,,,
2月4日,地区级,重庆,綦江区,2.0,,,,,,,,
2月4日,地区级,重庆,黔江区,,,,,,,,,
2月4日,地区级,重庆,荣昌区,1.0,,,,,,,,
2月4日,地区级,重庆,沙坪坝区,,,,,,,,,
2月4日,地区级,重庆,石柱县,,,,,,,,,
2月4日,地区级,重庆,铜梁区,,,,,,,,,
2月4日,地区级,重庆,潼南区,3.0,,,,,,,,
2月4日,地区级,重庆,万州区,9.0,1.0,,,,,,,
2月4日,地区级,重庆,巫山县,1.0,,,,,,,,
2月4日,地区级,重庆,巫溪县,,1.0,,,,,,,
2月4日,地区级,重庆,武隆区,,,,,,,,,
2月4日,地区级,重庆,秀山县,,,,,,,,,
2月4日,地区级,重庆,永川区,,,,,,,,,
2月4日,地区级,重庆,渝北区,,,,,,,,,
2月4日,地区级,重庆,渝中区,3.0,,,,,,,,
2月4日,地区级,重庆,云阳县,,1.0,,,,,,,
2月4日,地区级,重庆,长寿区,,,,,,,,,
2月4日,地区级,重庆,忠县,,1.0,,,,,,,
2月4日,省级,重庆,,29.0,5.0,,,,,,14.0,2.0
2月4日,国家级,,,3887.0,262.0,65.0,-1.0,,,,,
2月4日,地区级,北京,昌平,1.0,,,,,,,,
2月4日,地区级,北京,朝阳,7.0,,,,,,,,
2月4日,地区级,北京,大兴,,,,,,,,,
2月4日,地区级,北京,地区待确认,,1.0,,,,,,,
2月4日,地区级,北京,东城,4.0,,,,,,,,
2月4日,地区级,北京,房山,6.0,,,,,,,,
2月4日,地区级,北京,丰台,2.0,,,,,,,,
2月4日,地区级,北京,海淀,,,,,,,,,
2月4日,地区级,北京,怀柔,1.0,,,,,,,,
2月4日,地区级,北京,门头沟,,,,,,,,,
2月4日,地区级,北京,石景山,1.0,,,,,,,,
2月4日,地区级,北京,顺义,1.0,,,,,,,,
2月4日,地区级,北京,通州,,,,,,,,,
2月4日,地区级,北京,外地来京,1.0,,,,,,,,
2月4日,地区级,北京,西城,1.0,,,,,,,,
2月4日,地区级,北京,延庆,,,,,,,,,
2月4日,省级,北京,,25.0,1.0,,,,,,24.0,1.0
2月4日,地区级,河南,安阳,2.0,1.0,,,,,,,
2月4日,地区级,河南,地区待确认,,12.0,,,,,,,
2月4日,地区级,河南,鹤壁,,,,,,,,,
2月4日,地区级,河南,济源示范区,,,,,,,,,
2月4日,地区级,河南,焦作,3.0,,,,,,,,
2月4日,地区级,河南,开封,5.0,,,,,,,,
2月4日,地区级,河南,洛阳,5.0,,,,,,,,
2月4日,地区级,河南,漯河,1.0,,,,,,,,
2月4日,地区级,河南,南阳,8.0,,,,,,,,
2月4日,地区级,河南,平顶山,6.0,,,,,,,,
2月4日,地区级,河南,濮阳,,,,,,,,,
2月4日,地区级,河南,三门峡,,,,,,,,,
2月4日,地区级,河南,商丘,1.0,,,,,,,,
2月4日,地区级,河南,新乡,6.0,2.0,,,,,,,
2月4日,地区级,河南,信阳,26.0,1.0,,,,,,,
2月4日,地区级,河南,许昌,5.0,,,,,,,,
2月4日,地区级,河南,郑州,7.0,5.0,,,,,,,
2月4日,地区级,河南,周口,4.0,,,,,,,,
2月4日,地区级,河南,驻马店,10.0,,,,,,,,
2月4日,省级,河南,,89.0,21.0,,,,,,41.0,2.0
2月4日,地区级,广东,潮州,,,,,,,,,
2月4日,地区级,广东,地区待确认,,2.0,,,,,,,
2月4日,地区级,广东,东莞,7.0,,,,,,,,
2月4日,地区级,广东,佛山,3.0,,,,,,,,
2月4日,地区级,广东,广州,21.0,,,,,,,,
2月4日,地区级,广东,河源,,,,,,,,,
2月4日,地区级,广东,惠州,2.0,,,,,,,,
2月4日,地区级,广东,江门,1.0,,,,,,,,
2月4日,地区级,广东,揭阳,,,,,,,,,
2月4日,地区级,广东,茂名,1.0,,,,,,,,
2月4日,地区级,广东,梅州,1.0,,,,,,,,
2月4日,地区级,广东,清远,2.0,,,,,,,,
2月4日,地区级,广东,汕头,2.0,3.0,,,,,,,
2月4日,地区级,广东,汕尾,,,,,,,,,
2月4日,地区级,广东,韶关,,1.0,,,,,,,
2月4日,地区级,广东,深圳,20.0,3.0,,,,,,,
2月4日,地区级,广东,阳江,,,,,,,,,
2月4日,地区级,广东,湛江,3.0,,,,,,,,
2月4日,地区级,广东,肇庆,1.0,,,,,,,,
2月4日,地区级,广东,中山,4.0,3.0,,,,,,,
2月4日,地区级,广东,珠海,5.0,,,,,,,,
2月4日,省级,广东,,73.0,12.0,,,,,,32.0,
2月5日,地区级,安徽,安庆,4.0,,,,,,,,
2月5日,地区级,安徽,蚌埠,16.0,,,,,,,,
2月5日,地区级,安徽,亳州,8.0,,,,,,,,
2月5日,地区级,安徽,池州,,,,,,,,,
2月5日,地区级,安徽,滁州,,,,,,,,,
2月5日,地区级,安徽,阜阳,11.0,,,,,,,,
2月5日,地区级,安徽,合肥,11.0,,,,,,,,
2月5日,地区级,安徽,淮北,3.0,,,,,,,,
2月5日,地区级,安徽,淮南,,2.0,,,,,,,
2月5日,地区级,安徽,黄山,,,,,,,,,
2月5日,地区级,安徽,六安,2.0,,,,,,,,
2月5日,地区级,安徽,马鞍山,,,,,,,,,
2月5日,地区级,安徽,铜陵,1.0,,,,,,,,
2月5日,地区级,安徽,芜湖,3.0,1.0,,,,,,,
2月5日,地区级,安徽,宿州,1.0,,,,,,,,
2月5日,地区级,安徽,宣城,1.0,,,,,,,,
2月5日,省级,安徽,,61.0,3.0,,,,,,23.0,
2月5日,地区级,澳门,澳门,,,,,,,,,
2月5日,省级,澳门,,,,,,,,,,
2月5日,地区级,福建,福州,1.0,2.0,,,,,,,
2月5日,地区级,福建,龙岩,,,,,,,,,
2月5日,地区级,福建,南平,,,,,,,,,
2月5日,地区级,福建,宁德,2.0,,,,,,,,
2月5日,地区级,福建,莆田,4.0,,,,,,,,
2月5日,地区级,福建,泉州,2.0,1.0,,,,,,,
2月5日,地区级,福建,三明,,,,,,,,,
2月5日,地区级,福建,厦门,,1.0,,,,,,,
2月5日,地区级,福建,漳州,1.0,,,,,,,,
2月5日,省级,福建,,10.0,4.0,,,,,,11.0,
2月5日,地区级,甘肃,白银,1.0,,,,,,,,
2月5日,地区级,甘肃,定西,2.0,,,,,,,,
2月5日,地区级,甘肃,甘南州,1.0,,,,,,,,
2月5日,地区级,甘肃,金昌,,,,,,,,,
2月5日,地区级,甘肃,兰州,,,,,,,,,
2月5日,地区级,甘肃,临夏,,2.0,,,,,,,
2月5日,地区级,甘肃,陇南,,,,,,,,,
2月5日,地区级,甘肃,平凉,,,,,,,,,
2月5日,地区级,甘肃,庆阳,1.0,,,,,,,,
2月5日,地区级,甘肃,天水,,,,,,,,,
2月5日,地区级,甘肃,张掖,,,,,,,,,
2月5日,省级,甘肃,,5.0,2.0,,,,,,6.0,0.0
2月5日,地区级,广西,百色,,,,,,,,,
2月5日,地区级,广西,北海,2.0,,,,,,,,
2月5日,地区级,广西,防城港,2.0,,,,,,,,
2月5日,地区级,广西,贵港,2.0,,,,,,,,
2月5日,地区级,广西,桂林,1.0,1.0,,,,,,,
2月5日,地区级,广西,河池,2.0,,,,,,,,
2月5日,地区级,广西,贺州,,,,,,,,,
2月5日,地区级,广西,来宾,1.0,,,,,,,,
2月5日,地区级,广西,柳州,3.0,2.0,,,,,,,
2月5日,地区级,广西,南宁,2.0,,,,,,,,
2月5日,地区级,广西,钦州,3.0,,,,,,,,
2月5日,地区级,广西,梧州,,,,,,,,,
2月5日,地区级,广西,玉林,,1.0,,,,,,,
2月5日,省级,广西,,18.0,4.0,,,,,,14.0,0.0
2月5日,地区级,贵州,安顺,,,,,,,,,
2月5日,地区级,贵州,毕节,2.0,,,,,,,,
2月5日,地区级,贵州,贵阳,3.0,,,,,,,,
2月5日,地区级,贵州,六盘水,,,1.0,,,,,,
2月5日,地区级,贵州,黔东南州,,,,,,,,,
2月5日,地区级,贵州,黔南州,,,,,,,,,
2月5日,地区级,贵州,黔西南州,,,,,,,,,
2月5日,地区级,贵州,铜仁,,1.0,,,,,,,
2月5日,地区级,贵州,遵义,,,,,,,,,
2月5日,省级,贵州,,5.0,1.0,1.0,,,,,6.0,1.0
2月5日,地区级,海南,儋州,2.0,,,,,,,,
2月5日,地区级,海南,东方,1.0,,,,,,,,
2月5日,地区级,海南,三亚,8.0,1.0,,,,,,,
2月5日,省级,海南,,11.0,1.0,,,,,,5.0,1.0
2月5日,地区级,河北,保定,,,,,,,,,
2月5日,地区级,河北,保定,,2.0,,,,,,,
2月5日,地区级,河北,沧州,1.0,,,,,,,,
2月5日,地区级,河北,承德,1.0,,,,,,,,
2月5日,地区级,河北,邯郸,4.0,,,,,,,,
2月5日,地区级,河北,衡水,2.0,,,,,,,,
2月5日,地区级,河北,廊坊,1.0,,,,,,,,
2月5日,地区级,河北,秦皇岛,,,,,,,,,
2月5日,地区级,河北,石家庄,3.0,,,,,,,,
2月5日,地区级,河北,石家庄,,1.0,,,,,,,
2月5日,地区级,河北,唐山,5.0,,,,,,,,
2月5日,地区级,河北,邢台,3.0,,,,,,,,
2月5日,地区级,河北,张家口,2.0,,,,,,,,
2月5日,省级,河北,,22.0,3.0,,,,,,7.0,1.0
2月5日,地区级,黑龙江,大庆,2.0,,1.0,,,,,,
2月5日,地区级,黑龙江,哈尔滨,9.0,2.0,,,,,,,
2月5日,地区级,黑龙江,鸡西,9.0,,,,,,,,
2月5日,地区级,黑龙江,佳木斯,1.0,,,,,,,,
2月5日,地区级,黑龙江,牡丹江,1.0,,,,,,,,
2月5日,地区级,黑龙江,齐齐哈尔,6.0,,,,,,,,
2月5日,地区级,黑龙江,双鸭山,4.0,1.0,,,,,,,
2月5日,地区级,黑龙江,绥化,5.0,,,,,,,,
2月5日,省级,黑龙江,,37.0,3.0,1.0,,,,,7.0,3.0
2月5日,地区级,湖北,鄂州,41.0,2.0,,,,,,,
2月5日,地区级,湖北,恩施州,6.0,4.0,,,,,,,
2月5日,地区级,湖北,黄冈,162.0,10.0,4.0,,,,,,
2月5日,地区级,湖北,黄石,57.0,7.0,,,,,,,
2月5日,地区级,湖北,荆门,86.0,5.0,1.0,,,,,,
2月5日,地区级,湖北,荆州,88.0,9.0,1.0,,,,,,
2月5日,地区级,湖北,潜江,10.0,,,,,,,,
2月5日,地区级,湖北,神农架,,,,,,,,,
2月5日,地区级,湖北,十堰,35.0,5.0,,,,,,,
2月5日,地区级,湖北,随州,128.0,,1.0,,,,,,
2月5日,地区级,湖北,天门,10.0,1.0,,,,,,,
2月5日,地区级,湖北,武汉,1766.0,63.0,52.0,,,,,,
2月5日,地区级,湖北,仙桃,40.0,,1.0,,,,,,
2月5日,地区级,湖北,咸宁,15.0,1.0,1.0,,,,,,
2月5日,地区级,湖北,襄阳,52.0,3.0,,,,,,,
2月5日,地区级,湖北,孝感,424.0,3.0,7.0,,,,,,
2月5日,地区级,湖北,宜昌,67.0,,2.0,,,,,,
2月5日,省级,湖北,,2987.0,113.0,70.0,,,,,633.0,549.0
2月5日,地区级,湖南,常德,6.0,,,,,,,,
2月5日,地区级,湖南,郴州,1.0,1.0,,,,,,,
2月5日,地区级,湖南,衡阳,4.0,,,,,,,,
2月5日,地区级,湖南,怀化,1.0,4.0,,,,,,,
2月5日,地区级,湖南,娄底,6.0,,,,,,,,
2月5日,地区级,湖南,邵阳,6.0,1.0,,,,,,,
2月5日,地区级,湖南,湘潭,1.0,1.0,,,,,,,
2月5日,地区级,湖南,湘西自治州,,,,,,,,,
2月5日,地区级,湖南,益阳,1.0,5.0,,,,,,,
2月5日,地区级,湖南,永州,2.0,3.0,,,,,,,
2月5日,地区级,湖南,岳阳,4.0,2.0,,,,,,,
2月5日,地区级,湖南,张家界,,2.0,,,,,,,
2月5日,地区级,湖南,长沙,15.0,2.0,,,,,,,
2月5日,地区级,湖南,株洲,3.0,,,,,,,,
2月5日,省级,湖南,,50.0,21.0,,,,,,56.0,
2月5日,地区级,吉林,吉林,,1.0,,,,,,,
2月5日,地区级,吉林,辽源,2.0,,,,,,,,
2月5日,地区级,吉林,四平,1.0,,,,,,,,
2月5日,地区级,吉林,延边,1.0,,,,,,,,
2月5日,地区级,吉林,长春,1.0,,,,,,,,
2月5日,省级,吉林,,5.0,1.0,,,,,,2.0,0.0
2月5日,地区级,江苏,常州,3.0,,,,,,,,
2月5日,地区级,江苏,淮安,8.0,,,,,,,,
2月5日,地区级,江苏,连云港,2.0,,,,,,,,
2月5日,地区级,江苏,南京,5.0,7.0,,,,,,,
2月5日,地区级,江苏,南通,2.0,,,,,,,,
2月5日,地区级,江苏,苏州,5.0,1.0,,,,,,,
2月5日,地区级,江苏,泰州,2.0,,,,,,,,
2月5日,地区级,江苏,无锡,2.0,,,,,,,,
2月5日,地区级,江苏,宿迁,,,,,,,,,
2月5日,地区级,江苏,徐州,,3.0,,,,,,,
2月5日,地区级,江苏,盐城,1.0,2.0,,,,,,,
2月5日,地区级,江苏,扬州,,,,,,,,,
2月5日,地区级,江苏,镇江,2.0,,,,,,,,
2月5日,省级,江苏,,32.0,13.0,,,,,,26.0,
2月5日,地区级,江西,抚州,2.0,4.0,,,,,,,
2月5日,地区级,江西,赣州,4.0,1.0,,,,,,,
2月5日,地区级,江西,吉安,,,,,,,,,
2月5日,地区级,江西,景德镇,,,,,,,,,
2月5日,地区级,江西,九江,6.0,1.0,,,,,,,
2月5日,地区级,江西,南昌,15.0,3.0,,,,,,,
2月5日,地区级,江西,萍乡,1.0,,,,,,,,
2月5日,地区级,江西,上饶,9.0,,,,,,,,
2月5日,地区级,江西,新余,9.0,1.0,,,,,,,
2月5日,地区级,江西,宜春,6.0,,,,,,,,
2月5日,地区级,江西,鹰潭,,,,,,,,,
2月5日,省级,江西,,52.0,10.0,,,,,,37.0,
2月5日,地区级,辽宁,鞍山,,,,,,,,,
2月5日,地区级,辽宁,本溪,,,,,,,,,
2月5日,地区级,辽宁,朝阳市,,,,,,,,,
2月5日,地区级,辽宁,大连,1.0,1.0,,,,,,,
2月5日,地区级,辽宁,丹东,1.0,,,,,,,,
2月5日,地区级,辽宁,阜新,,,,,,,,,
2月5日,地区级,辽宁,葫芦岛,1.0,,,,,,,,
2月5日,地区级,辽宁,锦州,,,,,,,,,
2月5日,地区级,辽宁,辽阳,,,,,,,,,
2月5日,地区级,辽宁,盘锦,,,,,,,,,
2月5日,地区级,辽宁,沈阳,5.0,1.0,,,,,,,
2月5日,地区级,辽宁,铁岭,,,,,,,,,
2月5日,地区级,辽宁,营口,,,,,,,,,
2月5日,省级,辽宁,,8.0,2.0,,,,,,4.0,0.0
2月5日,地区级,内蒙古,巴彦淖尔,,,,,,,,,
2月5日,地区级,内蒙古,包头,2.0,,,,,,,,
2月5日,地区级,内蒙古,赤峰,,,,,,,,,
2月5日,地区级,内蒙古,鄂尔多斯,,2.0,,,,,,,
2月5日,地区级,内蒙古,呼和浩特,,,,,,,,,
2月5日,地区级,内蒙古,呼伦贝尔,2.0,,,,,,,,
2月5日,地区级,内蒙古,通辽,,,,,,,,,
2月5日,地区级,内蒙古,乌海,,,,,,,,,
2月5日,地区级,内蒙古,乌兰察布,,,,,,,,,
2月5日,地区级,内蒙古,锡林郭勒,,1.0,,,,,,,
2月5日,省级,内蒙古,,4.0,3.0,,,,,,4.0,0.0
2月5日,地区级,宁夏,固原,,,,,,,,,
2月5日,地区级,宁夏,石嘴山,,,,,,,,,
2月5日,地区级,宁夏,吴忠,1.0,,,,,,,,
2月5日,地区级,宁夏,银川,5.0,,,,,,,,
2月5日,地区级,宁夏,中卫,,,,,,,,,
2月5日,省级,宁夏,,6.0,,,,,,,1.0,0.0
2月5日,地区级,青海,海北州,,,,,,,,,
2月5日,地区级,青海,西宁,1.0,3.0,,,,,,,
2月5日,省级,青海,,1.0,3.0,,,,,,3.0,0.0
2月5日,地区级,山东,滨州,,,,,,,,,
2月5日,地区级,山东,德州,7.0,,,,,,,,
2月5日,地区级,山东,菏泽,,2.0,,,,,,,
2月5日,地区级,山东,济南,4.0,,,,,,,,
2月5日,地区级,山东,济宁,9.0,,,,,,,,
2月5日,地区级,山东,聊城,3.0,,,,,,,,
2月5日,地区级,山东,临沂,2.0,,,,,,,,
2月5日,地区级,山东,青岛,7.0,,,,,,,,
2月5日,地区级,山东,日照,,,,,,,,,
2月5日,地区级,山东,泰安,4.0,,,,,,,,
2月5日,地区级,山东,威海,1.0,3.0,,,,,,,
2月5日,地区级,山东,潍坊,5.0,,,,,,,,
2月5日,地区级,山东,烟台,3.0,,,,,,,,
2月5日,地区级,山东,枣庄,,,,,,,,,
2月5日,地区级,山东,淄博,,,,,,,,,
2月5日,省级,山东,,45.0,5.0,,,,,,18.0,
2月5日,地区级,山西,大同,,,,,,,,,
2月5日,地区级,山西,晋城,,,,,,,,,
2月5日,地区级,山西,晋中,5.0,,,,,,,,
2月5日,地区级,山西,临汾,,1.0,,,,,,,
2月5日,地区级,山西,吕梁,1.0,1.0,,,,,,,
2月5日,地区级,山西,朔州,,,,,,,,,
2月5日,地区级,山西,太原,,,,,,,,,
2月5日,地区级,山西,忻州,,,,,,,,,
2月5日,地区级,山西,阳泉,1.0,,,,,,,,
2月5日,地区级,山西,运城,,,,,,,,,
2月5日,地区级,山西,长治,2.0,,,,,,,,
2月5日,省级,山西,,9.0,2.0,,,,,,6.0,0.0
2月5日,地区级,陕西,安康,2.0,1.0,,,,,,,
2月5日,地区级,陕西,宝鸡,,,,,,,,,
2月5日,地区级,陕西,汉中,1.0,,,,,,,,
2月5日,地区级,陕西,商洛,,,,,,,,,
2月5日,地区级,陕西,铜川,,,,,,,,,
2月5日,地区级,陕西,渭南,,,,,,,,,
2月5日,地区级,陕西,西安,4.0,3.0,,,,,,,
2月5日,地区级,陕西,咸阳,,,,,,,,,
2月5日,地区级,陕西,延安,,,,,,,,,
2月5日,地区级,陕西,榆林,1.0,,,,,,,,
2月5日,省级,陕西,,8.0,4.0,,,,,,6.0,
2月5日,地区级,上海,宝山,3.0,,,,,,,,
2月5日,地区级,上海,崇明,,,,,,,,,
2月5日,地区级,上海,地区待确认,,3.0,,,-10.0,,,,
2月5日,地区级,上海,奉贤,1.0,,,,,,,,
2月5日,地区级,上海,虹口,2.0,,,,,,,,
2月5日,地区级,上海,黄浦,,,,,1.0,,,,
2月5日,地区级,上海,嘉定,1.0,,,,,,,,
2月5日,地区级,上海,金山,,,,,,,,,
2月5日,地区级,上海,静安,2.0,,,,2.0,,,,
2月5日,地区级,上海,闵行,1.0,,,,1.0,,,,
2月5日,地区级,上海,浦东,2.0,,,,3.0,,,,
2月5日,地区级,上海,普陀,,,,,,,,,
2月5日,地区级,上海,青浦,1.0,,,,,,,,
2月5日,地区级,上海,松江,1.0,,,,,,,,
2月5日,地区级,上海,外地来沪,4.0,,,,3.0,,,,
2月5日,地区级,上海,徐汇,2.0,,,,,,,,
2月5日,地区级,上海,杨浦,,,,,,,,,
2月5日,地区级,上海,长宁,1.0,,,,,,,,
2月5日,省级,上海,,21.0,3.0,,,,,,15.0,1.0
2月5日,地区级,四川,阿坝,,,,,,,,,
2月5日,地区级,四川,巴中,4.0,,,,,,,,
2月5日,地区级,四川,成都,5.0,2.0,,,,,,,
2月5日,地区级,四川,达州,3.0,,,,,,,,
2月5日,地区级,四川,德阳,,,,,,,,,
2月5日,地区级,四川,甘孜,2.0,,,,,,,,
2月5日,地区级,四川,广安,,,,,,,,,
2月5日,地区级,四川,广元,,,,,,,,,
2月5日,地区级,四川,乐山,,,,,,,,,
2月5日,地区级,四川,凉山,,,,,,,,,
2月5日,地区级,四川,泸州,2.0,,,,,,,,
2月5日,地区级,四川,眉山,,,,,,,,,
2月5日,地区级,四川,绵阳,1.0,,,,,,,,
2月5日,地区级,四川,南充,1.0,2.0,,,,,,,
2月5日,地区级,四川,内江,1.0,,,,,,,,
2月5日,地区级,四川,攀枝花,,,,,,,,,
2月5日,地区级,四川,遂宁,,,,,,,,,
2月5日,地区级,四川,雅安,,,,,,,,,
2月5日,地区级,四川,宜宾,1.0,,,,,,,,
2月5日,地区级,四川,资阳,,,,,,,,,
2月5日,地区级,四川,自贡,,,,,,,,,
2月5日,省级,四川,,20.0,4.0,,,,,,27.0,1.0
2月5日,地区级,台湾,台湾,,,,,,,,,
2月5日,省级,台湾,,,,,,,,,,
2月5日,地区级,天津,宝坻区,2.0,,1.0,,,,,,
2月5日,地区级,天津,滨海新区,,,,,,,,,
2月5日,地区级,天津,东丽区,,,,,,,,,
2月5日,地区级,天津,和平区,,,,,,,,,
2月5日,地区级,天津,河北区,,,,,,,,,
2月5日,地区级,天津,河东区,,,,,,,,,
2月5日,地区级,天津,河西区,,,,,,,,,
2月5日,地区级,天津,红桥区,,,,,,,,,
2月5日,地区级,天津,津南区,,,,,,,,,
2月5日,地区级,天津,南开区,,,,,,,,,
2月5日,地区级,天津,宁河区,,,,,,,,,
2月5日,地区级,天津,外地来津,,,,,,,,,
2月5日,地区级,天津,西青区,,,,,,,,,
2月5日,省级,天津,,2.0,,1.0,,,,,2.0,1.0
2月5日,地区级,西藏,拉萨,,,,,,,,,
2月5日,省级,西藏,,,,,,,,,,
2月5日,地区级,香港,香港,3.0,,,,,,,,
2月5日,省级,香港,,3.0,,,,,,,1.0,1.0
2月5日,地区级,新疆,阿克苏,,,,,,,,,
2月5日,地区级,新疆,巴州,1.0,,,,,,,,
2月5日,地区级,新疆,兵团第九师,,,,,,,,,
2月5日,地区级,新疆,昌吉州,,,,,,,,,
2月5日,地区级,新疆,兵团第八师,,,,,,,,,
2月5日,地区级,新疆,兵团第七师,,,,,,,,,
2月5日,地区级,新疆,兵团第六师,,,,,,,,,
2月5日,地区级,新疆,吐鲁番,,,,,,,,,
2月5日,地区级,新疆,乌鲁木齐,3.0,,,,,,,,
2月5日,地区级,新疆,伊犁州,,,,,,,,,
2月5日,省级,新疆,,4.0,,,,,,,,
2月5日,地区级,云南,保山,,,,,,,,,
2月5日,地区级,云南,楚雄州,,,,,,,,,
2月5日,地区级,云南,大理,1.0,,,,,,,,
2月5日,地区级,云南,德宏州,,,,,,,,,
2月5日,地区级,云南,红河,,,,,,,,,
2月5日,地区级,云南,昆明,3.0,,,,,,,,
2月5日,地区级,云南,丽江,,,,,,,,,
2月5日,地区级,云南,临沧,,,,,,,,,
2月5日,地区级,云南,普洱,,,,,,,,,
2月5日,地区级,云南,曲靖,,,,,,,,,
2月5日,地区级,云南,文山州,,,,,,,,,
2月5日,地区级,云南,西双版纳州,1.0,,,,,,,,
2月5日,地区级,云南,玉溪,1.0,,,,,,,,
2月5日,地区级,云南,昭通,,,,,,,,,
2月5日,省级,云南,,6.0,,,,,,,5.0,0.0
2月5日,地区级,浙江,杭州,10.0,8.0,,,,,,,
2月5日,地区级,浙江,湖州,,,,,,,,,
2月5日,地区级,浙江,嘉兴,3.0,,,,,,,,
2月5日,地区级,浙江,金华,3.0,2.0,,,,,,,
2月5日,地区级,浙江,丽水,,,,,,,,,
2月5日,地区级,浙江,宁波,6.0,2.0,,,,,,,
2月5日,地区级,浙江,衢州,,2.0,,,,,,,
2月5日,地区级,浙江,绍兴,3.0,,,,,,,,
2月5日,地区级,浙江,台州,2.0,3.0,,,,,,,
2月5日,地区级,浙江,温州,32.0,,,,,,,,
2月5日,地区级,浙江,舟山,,1.0,,,,,,,
2月5日,省级,浙江,,59.0,18.0,,,,,,81.0,
2月5日,地区级,重庆,巴南区,,,,,,,,,
2月5日,地区级,重庆,璧山区,,,,,,,,,
2月5日,地区级,重庆,城口县,,,,,,,,,
2月5日,地区级,重庆,大渡口区,,,,,,,,,
2月5日,地区级,重庆,大足区,,,,,,,,,
2月5日,地区级,重庆,垫江县,1.0,,,,,,,,
2月5日,地区级,重庆,丰都县,3.0,,,,,,,,
2月5日,地区级,重庆,奉节县,2.0,,,,,,,,
2月5日,地区级,重庆,涪陵区,,,,,,,,,
2月5日,地区级,重庆,高新区,2.0,,,,,,,,
2月5日,地区级,重庆,合川区,2.0,,,,,,,,
2月5日,地区级,重庆,江北区,2.0,,,,,,,,
2月5日,地区级,重庆,江津区,1.0,,,,,,,,
2月5日,地区级,重庆,九龙坡区,,,,,,,,,
2月5日,地区级,重庆,开州区,,,,,,,,,
2月5日,地区级,重庆,梁平区,,,,,,,,,
2月5日,地区级,重庆,两江新区,,,,,,,,,
2月5日,地区级,重庆,南岸区,,,,,,,,,
2月5日,地区级,重庆,彭水县,,,,,,,,,
2月5日,地区级,重庆,綦江区,1.0,,,,,,,,
2月5日,地区级,重庆,黔江区,,,,,,,,,
2月5日,地区级,重庆,荣昌区,,,,,,,,,
2月5日,地区级,重庆,沙坪坝区,,,,,,,,,
2月5日,地区级,重庆,石柱县,,,,,,,,,
2月5日,地区级,重庆,铜梁区,,,,,,,,,
2月5日,地区级,重庆,潼南区,3.0,,,,,,,,
2月5日,地区级,重庆,万州区,3.0,1.0,,,,,,,
2月5日,地区级,重庆,巫山县,,,,,,,,,
2月5日,地区级,重庆,巫溪县,,,,,,,,,
2月5日,地区级,重庆,武隆区,,,,,,,,,
2月5日,地区级,重庆,秀山县,,,,,,,,,
2月5日,地区级,重庆,永川区,,,,,,,,,
2月5日,地区级,重庆,酉阳县,1.0,,,,,,,,
2月5日,地区级,重庆,渝北区,,,,,,,,,
2月5日,地区级,重庆,渝中区,1.0,,,,,,,,
2月5日,地区级,重庆,云阳县,1.0,,,,,,,,
2月5日,地区级,重庆,长寿区,,,,,,,,,
2月5日,地区级,重庆,忠县,,,,,,,,,
2月5日,省级,重庆,,23.0,1.0,,,,,,15.0,2.0
2月5日,国家级,,,3694.0,261.0,73.0,,,,,,
2月5日,地区级,北京,昌平,,,,,,,,,
2月5日,地区级,北京,朝阳,5.0,,,,,,,,
2月5日,地区级,北京,大兴,3.0,,,,,,,,
2月5日,地区级,北京,东城,1.0,,,,,,,,
2月5日,地区级,北京,房山,,,,,,,,,
2月5日,地区级,北京,丰台,,,,,,,,,
2月5日,地区级,北京,海淀,2.0,,,,,,,,
2月5日,地区级,北京,怀柔,1.0,,,,,,,,
2月5日,地区级,北京,门头沟,,,,,,,,,
2月5日,地区级,北京,石景山,4.0,,,,,,,,
2月5日,地区级,北京,顺义,,,,,,,,,
2月5日,地区级,北京,顺义,,7.0,,,,,,,
2月5日,地区级,北京,通州,,,,,,,,,
2月5日,地区级,北京,外地来京,,,,,,,,,
2月5日,地区级,北京,西城,5.0,,,,,,,,
2月5日,地区级,北京,延庆,,,,,,,,,
2月5日,省级,北京,,21.0,7.0,,,,,,31.0,1.0
2月5日,地区级,河南,安阳,2.0,,,,,,,,
2月5日,地区级,河南,地区待确认,,4.0,,,,,,,
2月5日,地区级,河南,鹤壁,,,,,,,,,
2月5日,地区级,河南,济源示范区,1.0,,,,,,,,
2月5日,地区级,河南,焦作,2.0,,,,,,,,
2月5日,地区级,河南,开封,1.0,,,,,,,,
2月5日,地区级,河南,洛阳,4.0,,,,,,,,
2月5日,地区级,河南,漯河,2.0,1.0,,,,,,,
2月5日,地区级,河南,南阳,4.0,,,,,,,,
2月5日,地区级,河南,平顶山,7.0,,,,,,,,
2月5日,地区级,河南,濮阳,1.0,,,,,,,,
2月5日,地区级,河南,三门峡,,,,,,,,,
2月5日,地区级,河南,商丘,4.0,,,,,,,,
2月5日,地区级,河南,新乡,2.0,,,,,,,,
2月5日,地区级,河南,信阳,26.0,,,,,,,,
2月5日,地区级,河南,许昌,2.0,,,,,,,,
2月5日,地区级,河南,郑州,10.0,6.0,,,,,,,
2月5日,地区级,河南,周口,3.0,,,,,,,,
2月5日,地区级,河南,驻马店,16.0,2.0,,,,,,,
2月5日,省级,河南,,87.0,13.0,,,,,,54.0,2.0
2月5日,地区级,广东,潮州,1.0,,,,,,,,
2月5日,地区级,广东,地区待确认,,0.0,,,,,,,
2月5日,地区级,广东,东莞,3.0,1.0,,,,,,,
2月5日,地区级,广东,佛山,1.0,,,,,,,,
2月5日,地区级,广东,广州,18.0,6.0,,,,,,,
2月5日,地区级,广东,河源,,,,,,,,,
2月5日,地区级,广东,惠州,4.0,,,,,,,,
2月5日,地区级,广东,江门,2.0,,,,,,,,
2月5日,地区级,广东,揭阳,1.0,,,,,,,,
2月5日,地区级,广东,茂名,,,,,,,,,
2月5日,地区级,广东,梅州,2.0,,,,,,,,
2月5日,地区级,广东,清远,,,,,,,,,
2月5日,地区级,广东,汕头,,,,,,,,,
2月5日,地区级,广东,汕尾,,,,,,,,,
2月5日,地区级,广东,韶关,,,,,,,,,
2月5日,地区级,广东,深圳,25.0,3.0,,,,,,,
2月5日,地区级,广东,阳江,1.0,,,,,,,,
2月5日,地区级,广东,湛江,1.0,3.0,,,,,,,
2月5日,地区级,广东,肇庆,2.0,,,,,,,,
2月5日,地区级,广东,中山,9.0,1.0,,,,,,,
2月5日,地区级,广东,珠海,4.0,3.0,,,,,,,
2月5日,省级,广东,,74.0,17.0,,,,,,49.0,
2月6日,地区级,安徽,安庆,6.0,,,,,,,,
2月6日,地区级,安徽,蚌埠,24.0,,,,,,,,
2月6日,地区级,安徽,亳州,6.0,3.0,,,,,,,
2月6日,地区级,安徽,池州,,,,,,,,,
2月6日,地区级,安徽,滁州,,,,,,,,,
2月6日,地区级,安徽,阜阳,10.0,4.0,,,,,,,
2月6日,地区级,安徽,合肥,11.0,2.0,,,,,,,
2月6日,地区级,安徽,淮北,5.0,,,,,,,,
2月6日,地区级,安徽,淮南,2.0,,,,,,,,
2月6日,地区级,安徽,黄山,,,,,,,,,
2月6日,地区级,安徽,六安,5.0,,,,,,,,
2月6日,地区级,安徽,马鞍山,,,,,,,,,
2月6日,地区级,安徽,铜陵,2.0,1.0,,,,,,,
2月6日,地区级,安徽,芜湖,1.0,,,,,,,,
2月6日,地区级,安徽,宿州,2.0,,,,,,,,
2月6日,地区级,安徽,宣城,,1.0,,,,,,34.0,
2月6日,省级,安徽,,74.0,11.0,,,,,,34.0,
2月6日,地区级,澳门,澳门,,1.0,,,,,,,
2月6日,省级,澳门,,,1.0,,,,,,1.0,
2月6日,地区级,福建,福州,1.0,2.0,,,,,,,
2月6日,地区级,福建,龙岩,2.0,,,,,,,,
2月6日,地区级,福建,南平,,,,,,,,,
2月6日,地区级,福建,宁德,,,,,,,,,
2月6日,地区级,福建,莆田,2.0,,,,,,,,
2月6日,地区级,福建,泉州,1.0,,,,,,,,
2月6日,地区级,福建,三明,1.0,,,,,,,,
2月6日,地区级,福建,厦门,2.0,1.0,,,,,,,
2月6日,地区级,福建,漳州,,1.0,,,,,,,
2月6日,省级,福建,,9.0,4.0,,,,,,15.0,
2月6日,地区级,甘肃,白银,2.0,,,,,,,,
2月6日,地区级,甘肃,定西,,,,,,,,,
2月6日,地区级,甘肃,甘南州,1.0,,,,,,,,
2月6日,地区级,甘肃,金昌,,,,,,,,,
2月6日,地区级,甘肃,兰州,2.0,2.0,,,,,,,
2月6日,地区级,甘肃,临夏,,,,,,,,,
2月6日,地区级,甘肃,陇南,,,,,,,,,
2月6日,地区级,甘肃,平凉,,,,,,,,,
2月6日,地区级,甘肃,庆阳,,,,,,,,,
2月6日,地区级,甘肃,天水,,1.0,,,,,,,
2月6日,地区级,甘肃,张掖,,,,,,,,,
2月6日,省级,甘肃,,5.0,3.0,,,,,,9.0,0.0
2月6日,地区级,广西,百色,1.0,,,,,,,,
2月6日,地区级,广西,北海,,1.0,,,,,,,
2月6日,地区级,广西,防城港,,,,,,,,,
2月6日,地区级,广西,贵港,,,,,,,,,
2月6日,地区级,广西,桂林,1.0,,,,,,,,
2月6日,地区级,广西,河池,,,,,,,,,
2月6日,地区级,广西,贺州,,,,,,,,,
2月6日,地区级,广西,来宾,1.0,,,,,,,,
2月6日,地区级,广西,柳州,,,,,,,,,
2月6日,地区级,广西,南宁,1.0,2.0,,,,,,,
2月6日,地区级,广西,钦州,,,,,,,,,
2月6日,地区级,广西,梧州,,,,,,,,,
2月6日,地区级,广西,玉林,,,,,,,,,
2月6日,省级,广西,,4.0,3.0,,,,,,17.0,0.0
2月6日,地区级,贵州,安顺,1.0,,,,,,,,
2月6日,地区级,贵州,毕节,,,,,,,,,
2月6日,地区级,贵州,贵阳,3.0,,,,,,,,
2月6日,地区级,贵州,六盘水,,,,,,,,,
2月6日,地区级,贵州,黔东南州,,,,,,,,,
2月6日,地区级,贵州,黔南州,1.0,,,,,,,,
2月6日,地区级,贵州,黔南州,,,,,,,,,
2月6日,地区级,贵州,黔西南州,,,,,,,,,
2月6日,地区级,贵州,铜仁,,,,,,,,,
2月6日,地区级,贵州,遵义,3.0,,,,,,,,
2月6日,省级,贵州,,8.0,,,,,,,6.0,1.0
2月6日,地区级,海南,保亭,,,,,,,,,
2月6日,地区级,海南,昌江县,1.0,,,,,,,,
2月6日,地区级,海南,澄迈县,2.0,1.0,,,,,,,
2月6日,地区级,海南,儋州,1.0,,,,,,,,
2月6日,地区级,海南,定安县,,,,,,,,,
2月6日,地区级,海南,东方,,,,,,,,,
2月6日,地区级,海南,海口,3.0,1.0,,,,,,,
2月6日,地区级,海南,乐东,,,,,,,,,
2月6日,地区级,海南,临高县,,,,,,,,,
2月6日,地区级,海南,陵水县,,,,,,,,,
2月6日,地区级,海南,琼海,,,,,,,,,
2月6日,地区级,海南,琼中县,,,,,,,,,
2月6日,地区级,海南,三亚,2.0,1.0,1.0,,,,,,
2月6日,地区级,海南,万宁,,,,,,,,,
2月6日,地区级,海南,文昌,2.0,,,,,,,,
2月6日,省级,海南,,11.0,3.0,1.0,,,,,8.0,2.0
2月6日,地区级,河北,保定,1.0,,,,,,,,
2月6日,地区级,河北,沧州,2.0,2.0,,,,,,,
2月6日,地区级,河北,承德,1.0,,,,,,,,
2月6日,地区级,河北,邯郸,4.0,2.0,,,,,,,
2月6日,地区级,河北,衡水,,,,,,,,,
2月6日,地区级,河北,廊坊,1.0,3.0,,,,,,,
2月6日,地区级,河北,秦皇岛,2.0,,,,,,,,
2月6日,地区级,河北,石家庄,,1.0,,,,,,,
2月6日,地区级,河北,唐山,2.0,,,,,,,,
2月6日,地区级,河北,邢台,,,,,,,,,
2月6日,地区级,河北,张家口,1.0,1.0,,,,,,,
2月6日,省级,河北,,14.0,9.0,,,,,,16.0,1.0
2月6日,地区级,黑龙江,大庆,,,,,,,,,
2月6日,地区级,黑龙江,大兴安岭,,,,,,,,,
2月6日,地区级,黑龙江,哈尔滨,12.0,,,,,,,,
2月6日,地区级,黑龙江,鹤岗,,,,,,,,,
2月6日,地区级,黑龙江,黑河,,,,,,,,,
2月6日,地区级,黑龙江,鸡西,8.0,,,,,,,,
2月6日,地区级,黑龙江,佳木斯,1.0,1.0,,,,,,,
2月6日,地区级,黑龙江,牡丹江,1.0,,,,,,,,
2月6日,地区级,黑龙江,七台河,1.0,,,,,,,,
2月6日,地区级,黑龙江,齐齐哈尔,1.0,,,,,,,,
2月6日,地区级,黑龙江,双鸭山,16.0,,,,,,,,
2月6日,地区级,黑龙江,绥化,10.0,,,,,,,,
2月6日,省级,黑龙江,,50.0,1.0,,,,,,8.0,3.0
2月6日,地区级,湖北,鄂州,48.0,1.0,,,,,,,
2月6日,地区级,湖北,恩施州,13.0,,,,,,,,
2月6日,地区级,湖北,黄冈,90.0,6.0,3.0,,,,,,
2月6日,地区级,湖北,黄石,69.0,6.0,,,,,,,
2月6日,地区级,湖北,荆门,45.0,3.0,,,,,,,
2月6日,地区级,湖北,荆州,84.0,4.0,,,,,,,
2月6日,地区级,湖北,潜江,10.0,,,,,,,,
2月6日,地区级,湖北,神农架,,,,,,,,,
2月6日,地区级,湖北,十堰,42.0,10.0,,,,,,,
2月6日,地区级,湖北,随州,81.0,,,,,,,,
2月6日,地区级,湖北,天门,25.0,,,,,,,,
2月6日,地区级,湖北,武汉,1501.0,103.0,64.0,,,,,,
2月6日,地区级,湖北,仙桃,42.0,11.0,,,,,,,
2月6日,地区级,湖北,咸宁,44.0,3.0,,,,,,,
2月6日,地区级,湖北,襄阳,51.0,19.0,1.0,,,,,,
2月6日,地区级,湖北,孝感,255.0,16.0,,,,,,,
2月6日,地区级,湖北,宜昌,47.0,2.0,1.0,,,,,,
2月6日,省级,湖北,,2447.0,184.0,69.0,,,,,817.0,618.0
2月6日,地区级,湖南,常德,2.0,11.0,,,,,,,
2月6日,地区级,湖南,郴州,4.0,2.0,,,,,,,
2月6日,地区级,湖南,衡阳,,3.0,,,,,,,
2月6日,地区级,湖南,怀化,2.0,1.0,,,,,,,
2月6日,地区级,湖南,娄底,2.0,1.0,,,,,,,
2月6日,地区级,湖南,邵阳,9.0,6.0,,,,,,,
2月6日,地区级,湖南,湘潭,1.0,2.0,,,,,,,
2月6日,地区级,湖南,湘西自治州,1.0,,,,,,,,
2月6日,地区级,湖南,湘西自治州,,,,,,,,,
2月6日,地区级,湖南,益阳,2.0,,,,,,,,
2月6日,地区级,湖南,永州,6.0,,,,,,,,
2月6日,地区级,湖南,岳阳,14.0,2.0,,,,,,,
2月6日,地区级,湖南,张家界,2.0,,,,,,,,
2月6日,地区级,湖南,长沙,11.0,2.0,,,,,,,
2月6日,地区级,湖南,株洲,5.0,5.0,,,,,,,
2月6日,省级,湖南,,61.0,35.0,,,,,,91.0,
2月6日,地区级,吉林,吉林,,1.0,,,,,,,
2月6日,地区级,吉林,辽源,,,,,,,,,
2月6日,地区级,吉林,四平,1.0,1.0,1.0,,,,,,
2月6日,地区级,吉林,松原,,,,,,,,,
2月6日,地区级,吉林,通化,1.0,,,,,,,,
2月6日,地区级,吉林,延边,1.0,,,,,,,,
2月6日,地区级,吉林,长春,3.0,,,,,,,,
2月6日,省级,吉林,,6.0,2.0,1.0,,,,,4.0,1.0
2月6日,地区级,江苏,常州,2.0,3.0,,,,,,,
2月6日,地区级,江苏,淮安,3.0,1.0,,,,,,,
2月6日,地区级,江苏,连云港,2.0,1.0,,,,,,,
2月6日,地区级,江苏,南京,5.0,2.0,,,,,,,
2月6日,地区级,江苏,南通,2.0,2.0,,,,,,,
2月6日,地区级,江苏,苏州,9.0,,,,,,,,
2月6日,地区级,江苏,泰州,1.0,2.0,,,,,,,
2月6日,地区级,江苏,无锡,3.0,,,,,,,,
2月6日,地区级,江苏,宿迁,1.0,,,,,,,,
2月6日,地区级,江苏,徐州,4.0,,,,,,,,
2月6日,地区级,江苏,盐城,,1.0,,,,,,,
2月6日,地区级,江苏,扬州,2.0,,,,,,,,
2月6日,地区级,江苏,镇江,1.0,,,,,,,,
2月6日,省级,江苏,,35.0,12.0,,,,,,38.0,
2月6日,地区级,江西,抚州,10.0,2.0,,,,,,,
2月6日,地区级,江西,赣州,7.0,,,,,,,,
2月6日,地区级,江西,吉安,1.0,,,,,,,,
2月6日,地区级,江西,景德镇,,,,,,,,,
2月6日,地区级,江西,九江,3.0,1.0,,,,,,,
2月6日,地区级,江西,南昌,13.0,4.0,,,,,,,
2月6日,地区级,江西,萍乡,1.0,,,,,,,,
2月6日,地区级,江西,上饶,8.0,,,,,,,,
2月6日,地区级,江西,新余,9.0,,,,,,,,
2月6日,地区级,江西,宜春,8.0,1.0,,,,,,,
2月6日,地区级,江西,鹰潭,1.0,,,,,,,,
2月6日,省级,江西,,61.0,8.0,,,,,,45.0,
2月6日,地区级,辽宁,鞍山,2.0,,,,,,,,
2月6日,地区级,辽宁,本溪,,,,,,,,,
2月6日,地区级,辽宁,朝阳市,,,,,,,,,
2月6日,地区级,辽宁,大连,,,,,,,,,
2月6日,地区级,辽宁,丹东,,1.0,,,,,,,
2月6日,地区级,辽宁,阜新,,,,,,,,,
2月6日,地区级,辽宁,葫芦岛,,,,,,,,,
2月6日,地区级,辽宁,锦州,,1.0,,,,,,,
2月6日,地区级,辽宁,辽阳,,,,,,,,,
2月6日,地区级,辽宁,盘锦,3.0,,,,,,,,
2月6日,地区级,辽宁,沈阳,1.0,,,,,,,,
2月6日,地区级,辽宁,铁岭,,,,,,,,,
2月6日,地区级,辽宁,营口,,,,,,,,,
2月6日,省级,辽宁,,6.0,2.0,,,,,,6.0,0.0
2月6日,地区级,内蒙古,巴彦淖尔,,,,,,,,,
2月6日,地区级,内蒙古,包头,,,,,,,,,
2月6日,地区级,内蒙古,赤峰,1.0,,,,,,,,
2月6日,地区级,内蒙古,鄂尔多斯,,,,,,,,,
2月6日,地区级,内蒙古,呼和浩特,2.0,,,,,,,,
2月6日,地区级,内蒙古,呼伦贝尔,,,,,,,,,
2月6日,地区级,内蒙古,通辽,1.0,,,,,,,,
2月6日,地区级,内蒙古,乌海,,,,,,,,,
2月6日,地区级,内蒙古,乌兰察布,,,,,,,,,
2月6日,地区级,内蒙古,锡林郭勒,,,,,,,,,
2月6日,省级,内蒙古,,4.0,,,,,,,4.0,0.0
2月6日,地区级,宁夏,固原,,,,,,,,,
2月6日,地区级,宁夏,石嘴山,,,,,,,,,
2月6日,地区级,宁夏,吴忠,1.0,,,,,,,,
2月6日,地区级,宁夏,银川,2.0,,,,,,,,
2月6日,地区级,宁夏,中卫,,,,,,,,,
2月6日,省级,宁夏,,3.0,,,,,,,1.0,0.0
2月6日,地区级,青海,海北州,,,,,,,,,
2月6日,地区级,青海,西宁,,,,,,,,,
2月6日,省级,青海,,,,,,,,,3.0,0.0
2月6日,地区级,山东,滨州,,1.0,,,,,,,
2月6日,地区级,山东,德州,1.0,1.0,,,,,,,
2月6日,地区级,山东,菏泽,1.0,,,,,,,,
2月6日,地区级,山东,济南,6.0,3.0,,,,,,,
2月6日,地区级,山东,济宁,3.0,1.0,,,,,,,
2月6日,地区级,山东,聊城,5.0,,,,,,,,
2月6日,地区级,山东,临沂,3.0,2.0,,,,,,,
2月6日,地区级,山东,青岛,2.0,1.0,,,,,,,
2月6日,地区级,山东,日照,,2.0,,,,,,,
2月6日,地区级,山东,泰安,2.0,,,,,,,,
2月6日,地区级,山东,威海,2.0,,,,,,,,
2月6日,地区级,山东,潍坊,6.0,,,,,,,,
2月6日,地区级,山东,烟台,2.0,2.0,,,,,,,
2月6日,地区级,山东,枣庄,2.0,,,,,,,,
2月6日,地区级,山东,淄博,1.0,,,,,,,,
2月6日,省级,山东,,36.0,13.0,,,,,,31.0,
2月6日,地区级,山西,大同,,,,,,,,,
2月6日,地区级,山西,晋城,1.0,,,,,,,,
2月6日,地区级,山西,晋中,1.0,3.0,,,,,,,
2月6日,地区级,山西,临汾,1.0,,,,,,,,
2月6日,地区级,山西,吕梁,,2.0,,,,,,,
2月6日,地区级,山西,朔州,,1.0,,,,,,,
2月6日,地区级,山西,太原,2.0,,,,,,,,
2月6日,地区级,山西,忻州,,,,,,,,,
2月6日,地区级,山西,阳泉,1.0,,,,,,,,
2月6日,地区级,山西,运城,,,,,,,,,
2月6日,地区级,山西,长治,,,,,,,,,
2月6日,省级,山西,,6.0,6.0,,,,,,12.0,0.0
2月6日,地区级,陕西,安康,,,,,,,,,
2月6日,地区级,陕西,宝鸡,2.0,2.0,,,,,,,
2月6日,地区级,陕西,汉中,1.0,,,,,,,,
2月6日,地区级,陕西,商洛,1.0,1.0,,,,,,,
2月6日,地区级,陕西,铜川,1.0,1.0,,,,,,,
2月6日,地区级,陕西,渭南,,,,,,,,,
2月6日,地区级,陕西,西安,6.0,,,,,,,,
2月6日,地区级,陕西,咸阳,,1.0,,,,,,,
2月6日,地区级,陕西,延安,,,,,,,,,
2月6日,地区级,陕西,榆林,,,,,,,,,
2月6日,省级,陕西,,11.0,5.0,,,,,,11.0,
2月6日,地区级,上海,宝山,1.0,,,,,,,,
2月6日,地区级,上海,崇明,,,,,,,,,
2月6日,地区级,上海,奉贤,2.0,,,,,,,,
2月6日,地区级,上海,虹口,,,,,,,,,
2月6日,地区级,上海,黄浦,,,,,,,,,
2月6日,地区级,上海,嘉定,1.0,,,,,,,,
2月6日,地区级,上海,金山,,,,,,,,,
2月6日,地区级,上海,静安,,,,,,,,,
2月6日,地区级,上海,闵行,,,,,,,,,
2月6日,地区级,上海,浦东,3.0,3.0,,,,,,,
2月6日,地区级,上海,普陀,1.0,,,,,,,,
2月6日,地区级,上海,青浦,,1.0,,,,,,,
2月6日,地区级,上海,松江,,,,,,,,,
2月6日,地区级,上海,外地来沪,4.0,6.0,,,,,,,
2月6日,地区级,上海,徐汇,1.0,,,,,,,,
2月6日,地区级,上海,杨浦,1.0,,,,,,,,
2月6日,地区级,上海,长宁,1.0,,,,,,,,
2月6日,省级,上海,,15.0,10.0,,,,,,25.0,1.0
2月6日,地区级,四川,阿坝,,,,,,,,,
2月6日,地区级,四川,阿坝,,,,,,,,,
2月6日,地区级,四川,巴中,1.0,,,,,,,,
2月6日,地区级,四川,成都,5.0,6.0,,,,,,,
2月6日,地区级,四川,达州,3.0,3.0,,,,,,,
2月6日,地区级,四川,德阳,,,,,,,,,
2月6日,地区级,四川,甘孜,5.0,,,,,,,,
2月6日,地区级,四川,广安,3.0,,,,,,,,
2月6日,地区级,四川,广元,,,,,,,,,
2月6日,地区级,四川,乐山,1.0,,,,,,,,
2月6日,地区级,四川,凉山,,,,,,,,,
2月6日,地区级,四川,泸州,1.0,,,,,,,,
2月6日,地区级,四川,眉山,,,,,,,,,
2月6日,地区级,四川,绵阳,1.0,,,,,,,,
2月6日,地区级,四川,南充,1.0,,,,,,,,
2月6日,地区级,四川,内江,1.0,,,,,,,,
2月6日,地区级,四川,攀枝花,,,,,,,,,
2月6日,地区级,四川,遂宁,,1.0,,,,,,,
2月6日,地区级,四川,雅安,,,,,,,,,
2月6日,地区级,四川,宜宾,1.0,,,,,,,,
2月6日,地区级,四川,资阳,,,,,,,,,
2月6日,地区级,四川,自贡,,,,,,,,,
2月6日,省级,四川,,23.0,10.0,,,,,,37.0,1.0
2月6日,地区级,台湾,台湾,5.0,1.0,,,,,,,
2月6日,省级,台湾,,5.0,1.0,,,,,,1.0,
2月6日,地区级,天津,宝坻区,6.0,,,,,,,,
2月6日,地区级,天津,北辰区,1.0,,,,,,,,
2月6日,地区级,天津,滨海新区,1.0,,,,,,,,
2月6日,地区级,天津,东丽区,1.0,,,,,,,,
2月6日,地区级,天津,和平区,,,,,,,,,
2月6日,地区级,天津,河北区,,,,,,,,,
2月6日,地区级,天津,河东区,,,,,,,,,
2月6日,地区级,天津,河西区,,,,,,,,,
2月6日,地区级,天津,红桥区,,,,,,,,,
2月6日,地区级,天津,津南区,,,,,,,,,
2月6日,地区级,天津,南开区,,,,,,,,,
2月6日,地区级,天津,宁河区,,,,,,,,,
2月6日,地区级,天津,外地来津,,,,,,,,,
2月6日,地区级,天津,西青区,1.0,,,,,,,,
2月6日,省级,天津,,10.0,,,,,,,2.0,1.0
2月6日,地区级,西藏,拉萨,,,,,,,,,
2月6日,省级,西藏,,,,,,,,,,
2月6日,地区级,香港,香港,3.0,,,,,,,,
2月6日,省级,香港,,3.0,,,,,,,1.0,1.0
2月6日,地区级,新疆,阿克苏,,,,,,,,,
2月6日,地区级,新疆,巴州,,,,,,,,,
2月6日,地区级,新疆,兵团第九师,,,,,,,,,
2月6日,地区级,新疆,昌吉州,,,,,,,,,
2月6日,地区级,新疆,兵团第八师,,,,,,,,,
2月6日,地区级,新疆,兵团第七师,,,,,,,,,
2月6日,地区级,新疆,兵团第六师,,,,,,,,,
2月6日,地区级,新疆,吐鲁番,,,,,,,,,
2月6日,地区级,新疆,乌鲁木齐,3.0,,,,,,,,
2月6日,地区级,新疆,伊犁州,,,,,,,,,
2月6日,省级,新疆,,3.0,,,,,,,,
2月6日,地区级,云南,保山,1.0,,,,,,,,
2月6日,地区级,云南,保山,,,,,,,,,
2月6日,地区级,云南,楚雄州,,,,,,,,,
2月6日,地区级,云南,大理,3.0,,,,,,,,
2月6日,地区级,云南,德宏州,,,,,,,,,
2月6日,地区级,云南,红河,,,,,,,,,
2月6日,地区级,云南,昆明,3.0,,,,,,,,
2月6日,地区级,云南,丽江,,1.0,,,,,,,
2月6日,地区级,云南,临沧,,,,,,,,,
2月6日,地区级,云南,普洱,,,,,,,,,
2月6日,地区级,云南,曲靖,,,,,,,,,
2月6日,地区级,云南,文山州,,,,,,,,,
2月6日,地区级,云南,西双版纳州,,,,,,,,,
2月6日,地区级,云南,玉溪,,,,,,,,,
2月6日,地区级,云南,昭通,,1.0,,,,,,,
2月6日,省级,云南,,7.0,2.0,,,,,,7.0,0.0
2月6日,地区级,浙江,杭州,5.0,1.0,,,,,,,
2月6日,地区级,浙江,湖州,,,,,,,,,
2月6日,地区级,浙江,嘉兴,5.0,1.0,,,,,,,
2月6日,地区级,浙江,金华,1.0,1.0,,,,,,,
2月6日,地区级,浙江,丽水,,2.0,,,,,,,
2月6日,地区级,浙江,宁波,10.0,3.0,,,,,,,
2月6日,地区级,浙江,衢州,,,,,,,,,
2月6日,地区级,浙江,绍兴,1.0,,,,,,,,
2月6日,地区级,浙江,台州,5.0,,,,,,,,
2月6日,地区级,浙江,温州,25.0,8.0,,,,,,,
2月6日,地区级,浙江,舟山,,1.0,,,,,,,
2月6日,省级,浙江,,52.0,17.0,,,,,,98.0,
2月6日,地区级,重庆,巴南区,,,,,,,,,
2月6日,地区级,重庆,璧山区,,,,,,,,,
2月6日,地区级,重庆,城口县,,1.0,,,,,,,
2月6日,地区级,重庆,大渡口区,,1.0,,,,,,,
2月6日,地区级,重庆,大足区,1.0,,,,,,,,
2月6日,地区级,重庆,垫江县,1.0,,,,,,,,
2月6日,地区级,重庆,丰都县,,,,,,,,,
2月6日,地区级,重庆,奉节县,1.0,,,,,,,,
2月6日,地区级,重庆,涪陵区,,,,,,,,,
2月6日,地区级,重庆,高新区,,,,,,,,,
2月6日,地区级,重庆,合川区,4.0,,,,,,,,
2月6日,地区级,重庆,江北区,1.0,,,,,,,,
2月6日,地区级,重庆,江津区,,,,,,,,,
2月6日,地区级,重庆,九龙坡区,,,,,,,,,
2月6日,地区级,重庆,开州区,,2.0,,,,,,,
2月6日,地区级,重庆,梁平区,1.0,,,,,,,,
2月6日,地区级,重庆,两江新区,,,,,,,,,
2月6日,地区级,重庆,南岸区,,,,,,,,,
2月6日,地区级,重庆,彭水县,,,,,,,,,
2月6日,地区级,重庆,綦江区,1.0,,,,,,,,
2月6日,地区级,重庆,黔江区,,,,,,,,,
2月6日,地区级,重庆,荣昌区,,,,,,,,,
2月6日,地区级,重庆,沙坪坝区,,,,,,,,,
2月6日,地区级,重庆,石柱县,,,,,,,,,
2月6日,地区级,重庆,铜梁区,,,,,,,,,
2月6日,地区级,重庆,潼南区,3.0,,,,,,,,
2月6日,地区级,重庆,万盛经开区,1.0,,,,,,,,
2月6日,地区级,重庆,万州区,5.0,,,,,,,,
2月6日,地区级,重庆,巫山县,,,,,,,,,
2月6日,地区级,重庆,巫溪县,,,,,,,,,
2月6日,地区级,重庆,武隆区,,,,,,,,,
2月6日,地区级,重庆,秀山县,,,,,,,,,
2月6日,地区级,重庆,永川区,,,,,,,,,
2月6日,地区级,重庆,酉阳县,,,,,,,,,
2月6日,地区级,重庆,渝北区,,2.0,,,,,,,
2月6日,地区级,重庆,渝中区,2.0,,,,,,,,
2月6日,地区级,重庆,云阳县,,1.0,,,,,,,
2月6日,地区级,重庆,长寿区,,2.0,,,,,,,
2月6日,地区级,重庆,忠县,1.0,,,,,,,,
2月6日,省级,重庆,,22.0,9.0,,,,,,24.0,2.0
2月6日,国家级,,,3143.0,387.0,73.0,,,,,,
2月6日,地区级,北京,昌平,2.0,,,,,,,,
2月6日,地区级,北京,朝阳,3.0,,,,,,,,
2月6日,地区级,北京,大兴,2.0,,,,,,,,
2月6日,地区级,北京,地区待确认,,2.0,,,,,,,
2月6日,地区级,北京,东城,,,,,,,,,
2月6日,地区级,北京,房山,2.0,,,,,,,,
2月6日,地区级,北京,丰台,2.0,,,,,,,,
2月6日,地区级,北京,海淀,,,,,,,,,
2月6日,地区级,北京,怀柔,2.0,,,,,,,,
2月6日,地区级,北京,门头沟,,,,,,,,,
2月6日,地区级,北京,石景山,2.0,,,,,,,,
2月6日,地区级,北京,顺义,2.0,,,,,,,,
2月6日,地区级,北京,通州,1.0,,,,,,,,
2月6日,地区级,北京,外地来京,3.0,,,,,,,,
2月6日,地区级,北京,西城,2.0,,,,,,,,
2月6日,地区级,北京,延庆,,,,,,,,,
2月6日,省级,北京,,23.0,2.0,,,,,,33.0,1.0
2月6日,地区级,河南,安阳,3.0,,,,,,,,
2月6日,地区级,河南,地区待确认,,2.0,,,,,,,
2月6日,地区级,河南,鹤壁,1.0,,,,,,,,
2月6日,地区级,河南,济源示范区,1.0,,,,,,,,
2月6日,地区级,河南,焦作,1.0,,,,,,,,
2月6日,地区级,河南,开封,2.0,,,,,,,,
2月6日,地区级,河南,洛阳,3.0,,,,,,,,
2月6日,地区级,河南,漯河,,,,,,,,,
2月6日,地区级,河南,南阳,7.0,,,,,,,,
2月6日,地区级,河南,平顶山,5.0,,1.0,,,,,,
2月6日,地区级,河南,濮阳,,,,,,,,,
2月6日,地区级,河南,三门峡,,,,,,,,,
2月6日,地区级,河南,商丘,7.0,,,,,,,,
2月6日,地区级,河南,新乡,,2.0,,,,,,,
2月6日,地区级,河南,信阳,12.0,,,,,,,,
2月6日,地区级,河南,许昌,2.0,,,,,,,,
2月6日,地区级,河南,郑州,10.0,10.0,,,,,,,
2月6日,地区级,河南,周口,1.0,,,,,,,,
2月6日,地区级,河南,驻马店,8.0,,,,,,,,
2月6日,省级,河南,,63.0,14.0,1.0,,,,,68.0,3.0
2月6日,地区级,广东,潮州,,,,,,,,,
2月6日,地区级,广东,地区待确认,,-1.0,,,,,,,
2月6日,地区级,广东,东莞,6.0,,,,,,,,
2月6日,地区级,广东,佛山,7.0,3.0,,,,,,,
2月6日,地区级,广东,广州,29.0,7.0,,,,,,,
2月6日,地区级,广东,河源,1.0,,,,,,,,
2月6日,地区级,广东,惠州,4.0,,,,,,,,
2月6日,地区级,广东,江门,2.0,1.0,,,,,,,
2月6日,地区级,广东,揭阳,,,,,,,,,
2月6日,地区级,广东,茂名,,,,,,,,,
2月6日,地区级,广东,梅州,,,,,,,,,
2月6日,地区级,广东,清远,,,,,,,,,
2月6日,地区级,广东,汕头,2.0,,,,,,,,
2月6日,地区级,广东,汕尾,,1.0,,,,,,,
2月6日,地区级,广东,韶关,,,,,,,,,
2月6日,地区级,广东,深圳,20.0,6.0,,,,,,,
2月6日,地区级,广东,阳江,,,,,,,,,
2月6日,地区级,广东,湛江,,,,,,,,,
2月6日,地区级,广东,肇庆,1.0,,1.0,,,,,,
2月6日,地区级,广东,中山,2.0,2.0,,,,,,,
2月6日,地区级,广东,珠海,,,,,,,,,
2月6日,省级,广东,,74.0,19.0,1.0,,,,,68.0,1.0
2月7日,地区级,安徽,安庆,5.0,3.0,,,,,,,
2月7日,地区级,安徽,蚌埠,11.0,1.0,,,,,,,
2月7日,地区级,安徽,亳州,9.0,,,,,,,,
2月7日,地区级,安徽,池州,,,,,,,,,
2月7日,地区级,安徽,滁州,,,,,,,,,
2月7日,地区级,安徽,阜阳,8.0,2.0,,,,,,,
2月7日,地区级,安徽,合肥,13.0,2.0,,,,,,,
2月7日,地区级,安徽,淮北,,,,,,,,,
2月7日,地区级,安徽,淮南,7.0,,,,,,,,
2月7日,地区级,安徽,黄山,,1.0,,,,,,,
2月7日,地区级,安徽,六安,10.0,,,,,,,,
2月7日,地区级,安徽,马鞍山,1.0,,,,,,,,
2月7日,地区级,安徽,铜陵,1.0,3.0,,,,,,,
2月7日,地区级,安徽,芜湖,2.0,1.0,,,,,,,
2月7日,地区级,安徽,宿州,1.0,,,,,,,,
2月7日,地区级,安徽,宣城,,,,,,,,,
2月7日,省级,安徽,,68.0,13.0,,,,,,47.0,
2月7日,地区级,澳门,澳门,,,,,,,,,
2月7日,省级,澳门,,,,,,,,,1.0,
2月7日,地区级,福建,福州,2.0,1.0,,,,,,,
2月7日,地区级,福建,龙岩,1.0,,,,,,,,
2月7日,地区级,福建,南平,2.0,1.0,,,,,,,
2月7日,地区级,福建,宁德,5.0,3.0,,,,,,,
2月7日,地区级,福建,莆田,3.0,,,,,,,,
2月7日,地区级,福建,厦门,2.0,,,,,,,,
2月7日,省级,福建,,15.0,5.0,,,,,,20.0,
2月7日,地区级,甘肃,定西,3.0,,,,,,,,
2月7日,地区级,甘肃,兰州,,,1.0,,,,,,
2月7日,地区级,甘肃,平凉,1.0,,,,,,,,
2月7日,省级,甘肃,,4.0,,1.0,,,,,9.0,1.0
2月7日,地区级,广西,百色,,,,,,,,,
2月7日,地区级,广西,北海,1.0,,,,,,,,
2月7日,地区级,广西,防城港,1.0,,,,,,,,
2月7日,地区级,广西,贵港,,,,,,,,,
2月7日,地区级,广西,桂林,1.0,,,,,,,,
2月7日,地区级,广西,河池,4.0,,,,,,,,
2月7日,地区级,广西,贺州,,,,,,,,,
2月7日,地区级,广西,来宾,1.0,,,,,,,,
2月7日,地区级,广西,柳州,,,,,,,,,
2月7日,地区级,广西,南宁,1.0,,,,,,,,
2月7日,地区级,广西,钦州,1.0,,,,,,,,
2月7日,地区级,广西,梧州,,,,,,,,,
2月7日,地区级,广西,玉林,1.0,,,,,,,,
2月7日,省级,广西,,11.0,,,,,,,17.0,0.0
2月7日,地区级,贵州,安顺,,,,,,,,,
2月7日,地区级,贵州,毕节,8.0,,,,,,,,
2月7日,地区级,贵州,贵阳,,,,,,,,,
2月7日,地区级,贵州,六盘水,,,,,,,,,
2月7日,地区级,贵州,黔东南州,,,,,,,,,
2月7日,地区级,贵州,黔南州,,,,,,,,,
2月7日,地区级,贵州,黔南州,,,,,,,,,
2月7日,地区级,贵州,黔西南州,1.0,,,,,,,,
2月7日,地区级,贵州,铜仁,,,,,,,,,
2月7日,地区级,贵州,遵义,3.0,,,,,,,,
2月7日,省级,贵州,,12.0,,,,,,,6.0,1.0
2月7日,地区级,海南,昌江县,1.0,,,,,,,,
2月7日,地区级,海南,澄迈县,1.0,,,,,,,,
2月7日,地区级,海南,海口,4.0,,,,,,,,
2月7日,地区级,海南,三亚,5.0,3.0,,,,,,,
2月7日,地区级,海南,万宁,1.0,,,,,,,,
2月7日,省级,海南,,12.0,3.0,,,,,,11.0,2.0
2月7日,地区级,河北,保定,,4.0,,,,,,,
2月7日,地区级,河北,沧州,5.0,2.0,,,,,,,
2月7日,地区级,河北,承德,1.0,,,,,,,,
2月7日,地区级,河北,邯郸,4.0,,,,,,,,
2月7日,地区级,河北,廊坊,5.0,,,,,,,,
2月7日,地区级,河北,秦皇岛,2.0,,,,,,,,
2月7日,地区级,河北,唐山,4.0,2.0,,,,,,,
2月7日,地区级,河北,邢台,2.0,1.0,,,,,,,
2月7日,地区级,河北,张家口,1.0,,,,,,,,
2月7日,省级,河北,,24.0,9.0,,,,,,25.0,1.0
2月7日,地区级,黑龙江,哈尔滨,6.0,3.0,,,,,,,
2月7日,地区级,黑龙江,鹤岗,1.0,,,,,,,,
2月7日,地区级,黑龙江,黑河,1.0,,,,,,,,
2月7日,地区级,黑龙江,鸡西,2.0,,,,,,,,
2月7日,地区级,黑龙江,牡丹江,2.0,,,,,,,,
2月7日,地区级,黑龙江,七台河,1.0,,,,,,,,
2月7日,地区级,黑龙江,双鸭山,1.0,,2.0,-1.0,,,,,
2月7日,地区级,黑龙江,绥化,5.0,1.0,,,,,,,
2月7日,省级,黑龙江,,19.0,4.0,2.0,-1.0,,,,12.0,5.0
2月7日,地区级,湖北,鄂州,98.0,2.0,2.0,,,,,,
2月7日,地区级,湖北,恩施州,3.0,3.0,,,,,,,
2月7日,地区级,湖北,黄冈,144.0,37.0,4.0,,,,,,
2月7日,地区级,湖北,黄石,68.0,12.0,,,,,,,
2月7日,地区级,湖北,荆门,35.0,12.0,1.0,,,,,,
2月7日,地区级,湖北,荆州,56.0,7.0,1.0,,,,,,
2月7日,地区级,湖北,潜江,6.0,1.0,1.0,,,,,,
2月7日,地区级,湖北,神农架,,,,,,,,,
2月7日,地区级,湖北,十堰,43.0,9.0,,,,,,,
2月7日,地区级,湖北,随州,38.0,14.0,,,,,,,
2月7日,地区级,湖北,天门,16.0,,,,,,,,
2月7日,地区级,湖北,武汉,1985.0,164.0,67.0,,,,,,
2月7日,地区级,湖北,仙桃,52.0,3.0,,,,,,,
2月7日,地区级,湖北,咸宁,33.0,6.0,1.0,,,,,,
2月7日,地区级,湖北,襄阳,69.0,2.0,2.0,,,,,,
2月7日,地区级,湖北,孝感,172.0,13.0,1.0,,,,,,
2月7日,地区级,湖北,宜昌,23.0,13.0,1.0,,,,,,
2月7日,省级,湖北,,2841.0,298.0,81.0,,,,,1115.0,699.0
2月7日,地区级,湖南,常德,2.0,,,,,,,,
2月7日,地区级,湖南,郴州,2.0,2.0,,,,,,,
2月7日,地区级,湖南,衡阳,,3.0,,,,,,,
2月7日,地区级,湖南,怀化,,7.0,,,,,,,
2月7日,地区级,湖南,娄底,6.0,,,,,,,,
2月7日,地区级,湖南,邵阳,3.0,2.0,,,,,,,
2月7日,地区级,湖南,湘潭,3.0,,,,,,,,
2月7日,地区级,湖南,湘西自治州,,,,,,,,,
2月7日,地区级,湖南,湘西自治州,,,,,,,,,
2月7日,地区级,湖南,益阳,1.0,,,,,,,,
2月7日,地区级,湖南,永州,2.0,2.0,,,,,,,
2月7日,地区级,湖南,岳阳,4.0,2.0,,,,,,,
2月7日,地区级,湖南,张家界,,,,,,,,,
2月7日,地区级,湖南,长沙,6.0,9.0,,,,,,,
2月7日,地区级,湖南,株洲,2.0,1.0,,,,,,,
2月7日,省级,湖南,,31.0,28.0,,,,,,119.0,
2月7日,地区级,吉林,白城,1.0,,,,,,,,
2月7日,地区级,吉林,四平,2.0,,,,,,,,
2月7日,地区级,吉林,辽源,1.0,,,,,,,,
2月7日,省级,吉林,,4.0,,,,,,,4.0,1.0
2月7日,地区级,江苏,常州,2.0,,,,,,,,
2月7日,地区级,江苏,淮安,3.0,,,,,,,,
2月7日,地区级,江苏,连云港,3.0,,,,,,,,
2月7日,地区级,江苏,南京,8.0,2.0,,,,,,,
2月7日,地区级,江苏,南通,2.0,,,,,,,,
2月7日,地区级,江苏,苏州,3.0,,,,,,,,
2月7日,地区级,江苏,泰州,1.0,,,,,,,,
2月7日,地区级,江苏,扬州,,2.0,,,,,,,
2月7日,地区级,江苏,无锡,3.0,,,,,,,,
2月7日,地区级,江苏,徐州,3.0,,,,,,,,
2月7日,地区级,江苏,盐城,1.0,,,,,,,,
2月7日,地区级,江苏,镇江,2.0,1.0,,,,,,,
2月7日,省级,江苏,,31.0,5.0,,,,,,43.0,
2月7日,地区级,江西,抚州,3.0,,,,,,,,
2月7日,地区级,江西,赣州,5.0,,,,,,,,
2月7日,地区级,江西,吉安,1.0,,,,,,,,
2月7日,地区级,江西,景德镇,,,,,,,,,
2月7日,地区级,江西,九江,2.0,,,,,,,,
2月7日,地区级,江西,南昌,6.0,6.0,,,,,,,
2月7日,地区级,江西,萍乡,,,,,,,,,
2月7日,地区级,江西,上饶,6.0,,,,,,,,
2月7日,地区级,江西,新余,8.0,3.0,,,,,,,
2月7日,地区级,江西,宿迁,,,,,,,,,
2月7日,地区级,江西,扬州,,,,,,,,,
2月7日,地区级,江西,宜春,5.0,1.0,,,,,,,
2月7日,地区级,江西,鹰潭,1.0,,,,,,,,
2月7日,省级,江西,,37.0,10.0,,,,,,55.0,
2月7日,地区级,辽宁,葫芦岛,2.0,,,,,,,,
2月7日,地区级,辽宁,锦州,1.0,,,,,,,,
2月7日,地区级,辽宁,沈阳,1.0,1.0,,,,,,,
2月7日,省级,辽宁,,4.0,1.0,,,,,,7.0,0.0
2月7日,地区级,内蒙古,包头,1.0,,,,,,,,
2月7日,地区级,内蒙古,通辽,1.0,,,,,,,,
2月7日,地区级,内蒙古,赤峰,,1.0,,,,,,,
2月7日,省级,内蒙古,,2.0,1.0,,,,,,5.0,0.0
2月7日,地区级,宁夏,固原,,,,,,,,,
2月7日,地区级,宁夏,石嘴山,,,,,,,,,
2月7日,地区级,宁夏,吴忠,,,,,,,,,
2月7日,地区级,宁夏,银川,2.0,2.0,,,,,,,
2月7日,地区级,宁夏,中卫,,,,,,,,,
2月7日,省级,宁夏,,2.0,2.0,,,,,,3.0,0.0
2月7日,地区级,青海,西宁,,,,,,,,,
2月7日,省级,青海,,,,,,,,,3.0,0.0
2月7日,地区级,山东,滨州,,1.0,,,,,,,
2月7日,地区级,山东,德州,1.0,,,,,,,,
2月7日,地区级,山东,菏泽,1.0,,,,,,,,
2月7日,地区级,山东,济南,3.0,,,,,,,,
2月7日,地区级,山东,济宁,3.0,3.0,,,,,,,
2月7日,地区级,山东,聊城,7.0,1.0,,,,,,,
2月7日,地区级,山东,临沂,3.0,,,,,,,,
2月7日,地区级,山东,青岛,3.0,1.0,,,,,,,
2月7日,地区级,山东,日照,,,,,,,,,
2月7日,地区级,山东,泰安,,,,,,,,,
2月7日,地区级,山东,威海,2.0,,,,,,,,
2月7日,地区级,山东,潍坊,2.0,,,,,,,,
2月7日,地区级,山东,烟台,3.0,,,,,,,,
2月7日,地区级,山东,枣庄,,,,,,,,,
2月7日,地区级,山东,淄博,,1.0,,,,,,,
2月7日,省级,山东,,28.0,7.0,,,,,,38.0,
2月7日,地区级,山西,大同,1.0,3.0,,,,,,,
2月7日,地区级,山西,晋中,3.0,,,,,,,,
2月7日,地区级,山西,太原,1.0,,,,,,,,
2月7日,地区级,山西,忻州,3.0,,,,,,,,
2月7日,省级,山西,,8.0,3.0,,,,,,15.0,0.0
2月7日,地区级,陕西,西安,8.0,4.0,,,,,,,
2月7日,地区级,陕西,铜川,,2.0,,,,,,,
2月7日,地区级,陕西,咸阳,1.0,,,,,,,,
2月7日,地区级,陕西,延安,1.0,,,,,,,,
2月7日,地区级,陕西,榆林,1.0,,,,,,,,
2月7日,省级,陕西,,11.0,6.0,,,,,,17.0,
2月7日,地区级,上海,宝山,1.0,,,,,,,,
2月7日,地区级,上海,嘉定,1.0,,,,,,,,
2月7日,地区级,上海,静安,1.0,1.0,,,,,,,
2月7日,地区级,上海,浦东,3.0,,,,,,,,
2月7日,地区级,上海,奉贤,,1.0,,,,,,,
2月7日,地区级,上海,青浦,,1.0,,,,,,,
2月7日,地区级,上海,松江,3.0,,,,,,,,
2月7日,地区级,上海,外地来沪,2.0,2.0,,,,,,,
2月7日,地区级,上海,徐汇,1.0,,,,,,,,
2月7日,省级,上海,,12.0,5.0,,,,,,30.0,1.0
2月7日,地区级,四川,巴中,1.0,1.0,,,,,,,
2月7日,地区级,四川,成都,7.0,5.0,,,,,,,
2月7日,地区级,四川,达州,2.0,,,,,,,,
2月7日,地区级,四川,德阳,1.0,,,,,,,,
2月7日,地区级,四川,广安,1.0,2.0,,,,,,,
2月7日,地区级,四川,凉山,2.0,,,,,,,,
2月7日,地区级,四川,眉山,1.0,,,,,,,,
2月7日,地区级,四川,绵阳,1.0,,,,,,,,
2月7日,地区级,四川,南充,1.0,,,,,,,,
2月7日,地区级,四川,内江,,1.0,,,,,,,
2月7日,地区级,四川,攀枝花,1.0,1.0,,,,,,,
2月7日,地区级,四川,遂宁,1.0,,,,,,,,
2月7日,地区级,四川,雅安,,1.0,,,,,,,
2月7日,地区级,四川,自贡,,2.0,,,,,,,
2月7日,省级,四川,,19.0,13.0,,,,,,50.0,1.0
2月7日,地区级,台湾,台湾,,,,,,,,,
2月7日,省级,台湾,,,,,,,,,1.0,
2月7日,地区级,天津,宝坻区,2.0,,,,,,,,
2月7日,省级,天津,,2.0,,,,,,,2.0,1.0
2月7日,地区级,西藏,拉萨,,,,,,,,,
2月7日,省级,西藏,,,,,,,,,,
2月7日,地区级,香港,香港,2.0,,,,,,,,
2月7日,省级,香港,,2.0,,,,,,,1.0,1.0
2月7日,地区级,新疆,巴州,1.0,,,,,,,,
2月7日,地区级,新疆,兵团第十二师,1.0,,,,,,,,
2月7日,地区级,新疆,乌鲁木齐,1.0,,,,,,,,
2月7日,省级,新疆,,3.0,,,,,,,,
2月7日,地区级,云南,昆明,1.0,2.0,,,,,,,
2月7日,地区级,云南,大理,,1.0,,,,,,,
2月7日,地区级,云南,西双版纳州,,1.0,,,,,,,
2月7日,地区级,云南,曲靖,1.0,,,,,,,,
2月7日,地区级,云南,玉溪,1.0,1.0,,,,,,,
2月7日,省级,云南,,3.0,5.0,,,,,,12.0,0.0
2月7日,地区级,浙江,杭州,6.0,6.0,,,,,,,
2月7日,地区级,浙江,湖州,1.0,,,,,,,,
2月7日,地区级,浙江,嘉兴,2.0,,,,,,,,
2月7日,地区级,浙江,金华,4.0,,,,,,,,
2月7日,地区级,浙江,丽水,1.0,,,,,,,,
2月7日,地区级,浙江,宁波,5.0,3.0,,,,,,,
2月7日,地区级,浙江,衢州,,1.0,,,,,,,
2月7日,地区级,浙江,绍兴,2.0,2.0,,,,,,,
2月7日,地区级,浙江,台州,4.0,3.0,,,,,,,
2月7日,地区级,浙江,温州,17.0,13.0,,,,,,,
2月7日,地区级,浙江,舟山,,1.0,,,,,,,
2月7日,省级,浙江,,42.0,29.0,,,,,,127.0,
2月7日,地区级,重庆,大足区,2.0,,,,,,,,
2月7日,地区级,重庆,垫江县,1.0,,,,,,,,
2月7日,地区级,重庆,奉节县,1.0,,,,,,,,
2月7日,地区级,重庆,合川区,1.0,1.0,,,,,,,
2月7日,地区级,重庆,江北区,1.0,1.0,,,,,,,
2月7日,地区级,重庆,江津区,,1.0,,,,,,,
2月7日,地区级,重庆,两江新区,2.0,,,,,,,,
2月7日,地区级,重庆,綦江区,1.0,,,,,,,,
2月7日,地区级,重庆,万州区,5.0,2.0,,,,,,,
2月7日,地区级,重庆,云阳县,1.0,2.0,,,,,,,
2月7日,省级,重庆,,15.0,7.0,,,,,,31.0,2.0
2月7日,国家级,,,3399.0,510.0,86.0,-14.0,,,,,
2月7日,地区级,北京,昌平,,,,,,,,,
2月7日,地区级,北京,朝阳,2.0,,,,,,,,
2月7日,地区级,北京,大兴,,,,,,,,,
2月7日,地区级,北京,地区待确认,,1.0,1.0,,,,,,
2月7日,地区级,北京,东城,1.0,,,,,,,,
2月7日,地区级,北京,房山,1.0,,,,,,,,
2月7日,地区级,北京,丰台,4.0,,,,,,,,
2月7日,地区级,北京,海淀,2.0,,,,,,,,
2月7日,地区级,北京,怀柔,,,,,,,,,
2月7日,地区级,北京,门头沟,,,,,,,,,
2月7日,地区级,北京,密云,4.0,,,,,,,,
2月7日,地区级,北京,石景山,,,,,,,,,
2月7日,地区级,北京,顺义,1.0,,,,,,,,
2月7日,地区级,北京,通州,1.0,,,,,,,,
2月7日,地区级,北京,外地来京,1.0,,,,,,,,
2月7日,地区级,北京,西城,1.0,,,,,,,,
2月7日,地区级,北京,延庆,,,,,,,,,
2月7日,省级,北京,,18.0,1.0,1.0,,,,,34.0,2.0
2月7日,地区级,河南,安阳,3.0,1.0,,,,,,,
2月7日,地区级,河南,地区待确认,,20.0,1.0,,,,,,
2月7日,地区级,河南,鹤壁,2.0,,,,,,,,
2月7日,地区级,河南,济源示范区,,,,,,,,,
2月7日,地区级,河南,焦作,2.0,,,,,,,,
2月7日,地区级,河南,开封,1.0,,,,,,,,
2月7日,地区级,河南,洛阳,1.0,1.0,,,,,,,
2月7日,地区级,河南,漯河,3.0,3.0,,,,,,,
2月7日,地区级,河南,南阳,10.0,,,,,,,,
2月7日,地区级,河南,平顶山,2.0,1.0,,,,,,,
2月7日,地区级,河南,濮阳,2.0,,,,,,,,
2月7日,地区级,河南,三门峡,,,,,,,,,
2月7日,地区级,河南,商丘,4.0,,,,,,,,
2月7日,地区级,河南,新乡,2.0,,,,,,,,
2月7日,地区级,河南,信阳,16.0,,,,,,,,
2月7日,地区级,河南,许昌,2.0,,,,,,,,
2月7日,地区级,河南,郑州,8.0,1.0,,,,,,,
2月7日,地区级,河南,周口,2.0,,,,,,,,
2月7日,地区级,河南,驻马店,7.0,2.0,,,,,,,
2月7日,省级,河南,,67.0,29.0,1.0,,,,,97.0,4.0
2月7日,地区级,广东,潮州,,,,,,,,,
2月7日,地区级,广东,地区待确认,,1.0,,,,,,,
2月7日,地区级,广东,东莞,3.0,,,,,,,,
2月7日,地区级,广东,佛山,3.0,,,,,,,,
2月7日,地区级,广东,广州,14.0,7.0,,,,,,,
2月7日,地区级,广东,河源,1.0,,,,,,,,
2月7日,地区级,广东,惠州,2.0,,,,,,,,
2月7日,地区级,广东,江门,3.0,,,,,,,,
2月7日,地区级,广东,揭阳,,,,,,,,,
2月7日,地区级,广东,茂名,,1.0,,,,,,,
2月7日,地区级,广东,梅州,1.0,4.0,,,,,,,
2月7日,地区级,广东,清远,,1.0,,,,,,,
2月7日,地区级,广东,汕头,3.0,,,,,,,,
2月7日,地区级,广东,汕尾,,,,,,,,,
2月7日,地区级,广东,韶关,,,,,,,,,
2月7日,地区级,广东,深圳,17.0,9.0,,,,,,,
2月7日,地区级,广东,阳江,,1.0,,,,,,,
2月7日,地区级,广东,湛江,1.0,,,,,,,,
2月7日,地区级,广东,肇庆,,,,,,,,,
2月7日,地区级,广东,中山,,5.0,,,,,,,
2月7日,地区级,广东,珠海,9.0,,,,,,,,
2月7日,省级,广东,,57.0,29.0,,,,,,97.0,1.0
2月8日,地区级,安徽,安庆,4.0,,,,,,,,
2月8日,地区级,安徽,蚌埠,16.0,,1.0,,,,,,
2月8日,地区级,安徽,亳州,6.0,,,,,,,,
2月8日,地区级,安徽,池州,1.0,,,,,,,,
2月8日,地区级,安徽,滁州,,,,,,,,,
2月8日,地区级,安徽,阜阳,5.0,2.0,,,,,,,
2月8日,地区级,安徽,合肥,8.0,2.0,,,,,,,
2月8日,地区级,安徽,淮北,1.0,1.0,,,,,,,
2月8日,地区级,安徽,淮南,1.0,1.0,,,,,,,
2月8日,地区级,安徽,黄山,,,,,,,,,
2月8日,地区级,安徽,六安,3.0,1.0,,,,,,,
2月8日,地区级,安徽,马鞍山,,2.0,,,,,,,
2月8日,地区级,安徽,铜陵,1.0,2.0,,,,,,,
2月8日,地区级,安徽,芜湖,,,,,,,,,
2月8日,地区级,安徽,宿州,,1.0,,,,,,,
2月8日,地区级,安徽,宣城,,,,,,,,,
2月8日,省级,安徽,,46.0,12.0,1.0,,,,,59.0,1.0
2月8日,省级,澳门,,,,,,,,,,
2月8日,地区级,澳门,澳门,,,,,,,,1.0,
2月8日,地区级,福建,福州,3.0,3.0,,,,,,,
2月8日,地区级,福建,龙岩,1.0,,,,,,,,
2月8日,地区级,福建,南平,2.0,,,,,,,,
2月8日,地区级,福建,宁德,2.0,,,,,,,,
2月8日,地区级,福建,平潭,,,,,,,,,
2月8日,地区级,福建,莆田,,,,,,,,,
2月8日,地区级,福建,泉州,2.0,,,,,,,,
2月8日,地区级,福建,三明,1.0,1.0,,,,,,,
2月8日,地区级,福建,厦门,,,,,,,,,
2月8日,地区级,福建,漳州,,,,,,,,,
2月8日,省级,福建,,11.0,4.0,,,,,,24.0,
2月8日,地区级,甘肃,甘南州,3.0,,,,,,,,
2月8日,地区级,甘肃,兰州,1.0,3.0,,,,,,,
2月8日,地区级,甘肃,平凉,2.0,,,,,,,,
2月8日,地区级,甘肃,天水,2.0,,,,,,,,
2月8日,省级,甘肃,,8.0,3.0,,,,,,12.0,1.0
2月8日,地区级,广西,北海,1.0,,,,,,,,
2月8日,地区级,广西,河池,4.0,,1.0,,,,,,
2月8日,地区级,广西,来宾,4.0,,,,,,,,
2月8日,地区级,广西,南宁,3.0,,,,,,,,
2月8日,地区级,广西,梧州,,1.0,,,,,,,
2月8日,省级,广西,,12.0,1.0,1.0,,,,,18.0,1.0
2月8日,地区级,贵州,贵阳,4.0,,,,,,,,
2月8日,地区级,贵州,六盘水,1.0,,,,,,,,
2月8日,地区级,贵州,黔东南州,1.0,,,,,,,,
2月8日,地区级,贵州,铜仁,1.0,,,,,,,,
2月8日,地区级,贵州,遵义,,1.0,,,,,,,
2月8日,省级,贵州,,7.0,1.0,,,,,,7.0,1.0
2月8日,地区级,海南,保亭,1.0,,,,,,,,
2月8日,地区级,海南,昌江县,,,,,,,,,
2月8日,地区级,海南,澄迈县,,,,,,,,,
2月8日,地区级,海南,儋州,,1.0,,,,,,,
2月8日,地区级,海南,定安县,,,,,,,,,
2月8日,地区级,海南,东方,,,,,,,,,
2月8日,地区级,海南,海口,1.0,1.0,,-1.0,,,,,
2月8日,地区级,海南,乐东,1.0,,,,,,,,
2月8日,地区级,海南,临高县,,,,,,,,,
2月8日,地区级,海南,陵水县,,,,,,,,,
2月8日,地区级,海南,琼海,,,,,,,,,
2月8日,地区级,海南,琼中县,,1.0,,,,,,,
2月8日,地区级,海南,三亚,3.0,1.0,,,,,,,
2月8日,地区级,海南,万宁,,,,,,,,,
2月8日,地区级,海南,文昌,,,,,,,,,
2月8日,省级,海南,,6.0,4.0,,-1.0,,,,15.0,2.0
2月8日,地区级,河北,保定,3.0,,,,,,,,
2月8日,地区级,河北,沧州,,2.0,,,,,,,
2月8日,地区级,河北,承德,,,,,,,,,
2月8日,地区级,河北,邯郸,1.0,,,,,,,,
2月8日,地区级,河北,衡水,1.0,,,,,,,,
2月8日,地区级,河北,廊坊,2.0,,,,,,,,
2月8日,地区级,河北,秦皇岛,,,,,,,,,
2月8日,地区级,河北,石家庄,,,,,,,,,
2月8日,地区级,河北,石家庄,,,,,,,,,
2月8日,地区级,河北,唐山,4.0,,,,,,,,
2月8日,地区级,河北,邢台,,3.0,1.0,,,,,,
2月8日,地区级,河北,张家口,,,,,,,,,
2月8日,省级,河北,,11.0,5.0,1.0,,,,,30.0,2.0
2月8日,地区级,黑龙江,大庆,,,,,,,,,
2月8日,地区级,黑龙江,大兴安岭,,,,,,,,,
2月8日,地区级,黑龙江,哈尔滨,15.0,,,-1.0,,,,,
2月8日,地区级,黑龙江,鹤岗,1.0,,,,,,,,
2月8日,地区级,黑龙江,黑河,,,,,,,,,
2月8日,地区级,黑龙江,鸡西,6.0,,,-3.0,,,,,
2月8日,地区级,黑龙江,佳木斯,,,,,,,,,
2月8日,地区级,黑龙江,牡丹江,,1.0,,-1.0,,,,,
2月8日,地区级,黑龙江,七台河,2.0,,,,,,,,
2月8日,地区级,黑龙江,齐齐哈尔,,,,,,,,,
2月8日,地区级,黑龙江,双鸭山,2.0,,,,,,,,
2月8日,地区级,黑龙江,绥化,,,1.0,-9.0,,,,,
2月8日,地区级,黑龙江,伊春,,,,,,,,,
2月8日,省级,黑龙江,,26.0,1.0,1.0,-14.0,,,,13.0,6.0
2月8日,地区级,湖北,鄂州,70.0,31.0,1.0,,,,,,
2月8日,地区级,湖北,恩施州,11.0,7.0,,,,,,,
2月8日,地区级,湖北,黄冈,100.0,32.0,7.0,,,,,,
2月8日,地区级,湖北,黄石,57.0,10.0,,,,,,,
2月8日,地区级,湖北,荆门,75.0,12.0,1.0,,,,,,
2月8日,地区级,湖北,荆州,56.0,4.0,2.0,,,,,,
2月8日,地区级,湖北,潜江,2.0,1.0,,,,,,,
2月8日,地区级,湖北,神农架,,,,,,,,,
2月8日,地区级,湖北,十堰,29.0,7.0,,,,,,,
2月8日,地区级,湖北,随州,31.0,,,,,,,,
2月8日,地区级,湖北,天门,18.0,,,,,,,,
2月8日,地区级,湖北,武汉,1379.0,179.0,63.0,,,,,,
2月8日,地区级,湖北,仙桃,20.0,2.0,,,,,,,
2月8日,地区级,湖北,咸宁,17.0,11.0,2.0,,,,,,
2月8日,地区级,湖北,襄阳,81.0,9.0,2.0,,,,,,
2月8日,地区级,湖北,孝感,123.0,7.0,3.0,,,,,,
2月8日,地区级,湖北,宜昌,78.0,12.0,,,,,,,
2月8日,省级,湖北,,2147.0,324.0,81.0,,,,,1439.0,780.0
2月8日,地区级,湖南,常德,,1.0,,,,,,,
2月8日,地区级,湖南,郴州,1.0,2.0,,,,,,,
2月8日,地区级,湖南,衡阳,2.0,3.0,,,,,,,
2月8日,地区级,湖南,怀化,1.0,1.0,,,,,,,
2月8日,地区级,湖南,娄底,5.0,4.0,,,,,,,
2月8日,地区级,湖南,邵阳,1.0,7.0,,,,,,,
2月8日,地区级,湖南,湘潭,,3.0,,,,,,,
2月8日,地区级,湖南,湘西自治州,,2.0,,,,,,,
2月8日,地区级,湖南,益阳,2.0,4.0,,,,,,,
2月8日,地区级,湖南,永州,,,,,,,,,
2月8日,地区级,湖南,岳阳,4.0,4.0,1.0,,,,,,
2月8日,地区级,湖南,张家界,,,,,,,,,
2月8日,地区级,湖南,长沙,9.0,8.0,,,,,,,
2月8日,地区级,湖南,株洲,10.0,1.0,,,,,,,
2月8日,省级,湖南,,35.0,40.0,1.0,,,,,159.0,1.0
2月8日,地区级,吉林,白城,,,,,,,,,
2月8日,地区级,吉林,白山,,,,,,,,,
2月8日,地区级,吉林,吉林,,,,,,,,,
2月8日,地区级,吉林,辽源,,,,,,,,,
2月8日,地区级,吉林,四平,2.0,,,,,,,,
2月8日,地区级,吉林,松原,,1.0,,,,,,,
2月8日,地区级,吉林,通化,2.0,,,,,,,,
2月8日,地区级,吉林,延边,,,,,,,,,
2月8日,地区级,吉林,长春,5.0,,,,,,,,
2月8日,省级,吉林,,9.0,1.0,,,,,,5.0,1.0
2月8日,地区级,江苏,常州,,,,,,,,,
2月8日,地区级,江苏,淮安,4.0,,,,,,,,
2月8日,地区级,江苏,连云港,5.0,,,,,,,,
2月8日,地区级,江苏,南京,6.0,5.0,,,,,,,
2月8日,地区级,江苏,南通,1.0,,,,,,,,
2月8日,地区级,江苏,苏州,3.0,,,,,,,,
2月8日,地区级,江苏,泰州,,1.0,,,,,,,
2月8日,地区级,江苏,无锡,4.0,2.0,,,,,,,
2月8日,地区级,江苏,宿迁,,,,,,,,,
2月8日,地区级,江苏,徐州,4.0,,,,,,,,
2月8日,地区级,江苏,盐城,,,,,,,,,
2月8日,地区级,江苏,扬州,1.0,,,,,,,,
2月8日,地区级,江苏,镇江,1.0,,,,,,,,
2月8日,省级,江苏,,29.0,8.0,,,,,,51.0,
2月8日,地区级,江西,抚州,4.0,,,,,,,,
2月8日,地区级,江西,赣州,5.0,,,,,,,,
2月8日,地区级,江西,吉安,,,,,,,,,
2月8日,地区级,江西,景德镇,1.0,,,,,,,,
2月8日,地区级,江西,九江,3.0,2.0,,,,,,,
2月8日,地区级,江西,南昌,11.0,7.0,,,,,,,
2月8日,地区级,江西,萍乡,,,,,,,,,
2月8日,地区级,江西,上饶,6.0,2.0,,,,,,,
2月8日,地区级,江西,新余,5.0,5.0,,,,,,,
2月8日,地区级,江西,宜春,7.0,,,,,,,,
2月8日,地区级,江西,鹰潭,,1.0,,,,,,,
2月8日,省级,江西,,42.0,17.0,,,,,,72.0,
2月8日,地区级,辽宁,鞍山,,,,,,,,,
2月8日,地区级,辽宁,本溪,,,,,,,,,
2月8日,地区级,辽宁,朝阳市,,,,,,,,,
2月8日,地区级,辽宁,大连,2.0,,,,,,,,
2月8日,地区级,辽宁,丹东,,,,,,,,,
2月8日,地区级,辽宁,抚顺,,,,,,,,,
2月8日,地区级,辽宁,阜新,,,,,,,,,
2月8日,地区级,辽宁,葫芦岛,,,,,,,,,
2月8日,地区级,辽宁,锦州,2.0,,,,,,,,
2月8日,地区级,辽宁,辽阳,1.0,,,,,,,,
2月8日,地区级,辽宁,盘锦,,,,,,,,,
2月8日,地区级,辽宁,沈阳,1.0,1.0,,,,,,,
2月8日,地区级,辽宁,铁岭,,,,,,,,,
2月8日,地区级,辽宁,营口,,,,,,,,,
2月8日,省级,辽宁,,6.0,1.0,,,,,,8.0,0.0
2月8日,地区级,内蒙古,巴彦淖尔,2.0,,,,,,,,
2月8日,省级,内蒙古,,2.0,,,,,,,5.0,0.0
2月8日,地区级,宁夏,固原,,2.0,,,,,,,
2月8日,地区级,宁夏,石嘴山,,,,,,,,,
2月8日,地区级,宁夏,吴忠,1.0,4.0,,,,,,,
2月8日,地区级,宁夏,银川,,2.0,,-1.0,,,,,
2月8日,地区级,宁夏,中卫,,2.0,,,,,,,
2月8日,省级,宁夏,,1.0,10.0,,-1.0,,,,13.0,0.0
2月8日,地区级,青海,海北州,,,,,,,,,
2月8日,地区级,青海,西宁,,,,,,,,,
2月8日,省级,青海,,,,,,,,,3.0,0.0
2月8日,地区级,山东,滨州,,,,,,,,,
2月8日,地区级,山东,德州,2.0,2.0,,,,,,,
2月8日,地区级,山东,菏泽,,1.0,,,,,,,
2月8日,地区级,山东,济宁,1.0,1.0,,,,,,,
2月8日,地区级,山东,聊城,6.0,1.0,,,,,,,
2月8日,地区级,山东,临沂,2.0,1.0,,,,,,,
2月8日,地区级,山东,青岛,1.0,2.0,,,,,,,
2月8日,地区级,山东,日照,1.0,,,,,,,,
2月8日,地区级,山东,泰安,3.0,,,,,,,,
2月8日,地区级,山东,威海,2.0,3.0,,,,,,,
2月8日,地区级,山东,潍坊,5.0,1.0,,,,,,,
2月8日,地区级,山东,烟台,2.0,,,,,,,,
2月8日,地区级,山东,枣庄,2.0,,,,,,,,
2月8日,地区级,山东,淄博,1.0,,,,,,,,
2月8日,省级,山东,,28.0,12.0,,,,,,50.0,
2月8日,地区级,山西,大同,1.0,,,,,,,,
2月8日,地区级,山西,晋城,,2.0,,,,,,,
2月8日,地区级,山西,晋中,3.0,1.0,,-1.0,,,,,
2月8日,地区级,山西,临汾,,,,,,,,,
2月8日,地区级,山西,吕梁,,,,,,,,,
2月8日,地区级,山西,朔州,2.0,,,,,,,,
2月8日,地区级,山西,太原,3.0,,,,,,,,
2月8日,地区级,山西,忻州,,,,,,,,,
2月8日,地区级,山西,阳泉,,,,,,,,,
2月8日,地区级,山西,运城,1.0,3.0,,,,,,,
2月8日,地区级,山西,长治,2.0,,,,,,,,
2月8日,省级,山西,,12.0,6.0,,-1.0,,,,21.0,0.0
2月8日,地区级,陕西,宝鸡,1.0,,,,,,,,
2月8日,地区级,陕西,咸阳,,1.0,,,,,,,
2月8日,地区级,陕西,铜川,,1.0,,,,,,,
2月8日,地区级,陕西,渭南,4.0,,,,,,,,
2月8日,地区级,陕西,西安,8.0,1.0,,,,,,,
2月8日,省级,陕西,,13.0,3.0,,,,,,20.0,
2月8日,地区级,上海,静安,1.0,,,,,,,,
2月8日,地区级,上海,闵行,2.0,1.0,,,,,,,
2月8日,地区级,上海,浦东,3.0,2.0,,,,,,,
2月8日,地区级,上海,普陀,1.0,,,,,,,,
2月8日,地区级,上海,徐汇,,1.0,,,,,,,
2月8日,地区级,上海,长宁,,1.0,,,,,,,
2月8日,地区级,上海,虹口,,1.0,,,,,,,
2月8日,地区级,上海,嘉定,,1.0,,,,,,,
2月8日,地区级,上海,松江,1.0,,,,,,,,
2月8日,地区级,上海,外地来沪,3.0,4.0,,,,,,,
2月8日,省级,上海,,11.0,11.0,,,,,,41.0,1.0
2月8日,地区级,四川,阿坝,,,,,,,,,
2月8日,地区级,四川,巴中,,,,,,,,,
2月8日,地区级,四川,成都,11.0,5.0,,,,,,,
2月8日,地区级,四川,达州,,1.0,,,,,,,
2月8日,地区级,四川,德阳,3.0,,,,,,,,
2月8日,地区级,四川,甘孜,,,,,,,,,
2月8日,地区级,四川,广安,,,,,,,,,
2月8日,地区级,四川,广元,,,,,,,,,
2月8日,地区级,四川,乐山,,,,,,,,,
2月8日,地区级,四川,凉山,,,,,,,,,
2月8日,地区级,四川,泸州,3.0,2.0,,,,,,,
2月8日,地区级,四川,眉山,1.0,,,,,,,,
2月8日,地区级,四川,绵阳,,1.0,,,,,,,
2月8日,地区级,四川,南充,1.0,,,,,,,,
2月8日,地区级,四川,内江,,1.0,,,,,,,
2月8日,地区级,四川,攀枝花,1.0,,,,,,,,
2月8日,地区级,四川,遂宁,2.0,,,,,,,,
2月8日,地区级,四川,雅安,,,,,,,,,
2月8日,地区级,四川,宜宾,,,,,,,,,
2月8日,地区级,四川,资阳,1.0,,,,,,,,
2月8日,地区级,四川,自贡,,,,,,,,,
2月8日,省级,四川,,23.0,10.0,,,,,,60.0,1.0
2月8日,省级,台湾,,1.0,,,,,,,1.0,
2月8日,地区级,台湾,台湾,1.0,,,,,,,,
2月8日,地区级,天津,宝坻区,6.0,,,,,,,,
2月8日,地区级,天津,北辰区,,,,,,,,,
2月8日,地区级,天津,滨海新区,,,,,,,,,
2月8日,地区级,天津,东丽区,,,,,,,,,
2月8日,地区级,天津,和平区,,1.0,,,,,,,
2月8日,地区级,天津,河北区,,1.0,,,,,,,
2月8日,地区级,天津,河东区,,,,,,,,,
2月8日,地区级,天津,河西区,,,,,,,,,
2月8日,地区级,天津,红桥区,,,,,,,,,
2月8日,地区级,天津,津南区,,,,,,,,,
2月8日,地区级,天津,宁河区,,,,,,,,,
2月8日,地区级,天津,外地来津,,,,,,,,,
2月8日,地区级,天津,武清区,1.0,,,,,,,,
2月8日,地区级,天津,西青区,,,,,,,,,
2月8日,省级,天津,,7.0,2.0,,,,,,4.0,1.0
2月8日,地区级,西藏,拉萨,,,,,,,,,
2月8日,省级,西藏,,,,,,,,,,
2月8日,地区级,香港,香港,,,,,,,,1.0,1.0
2月8日,省级,香港,,,,,,,,,,
2月8日,地区级,新疆,巴州,1.0,,,,,,,,
2月8日,地区级,新疆,乌鲁木齐,1.0,,,,,,,,
2月8日,地区级,新疆,伊犁州,1.0,,,,,,,,
2月8日,省级,新疆,,3.0,,,,,,,,
2月8日,地区级,云南,昆明,,4.0,,,,,,,
2月8日,地区级,云南,昭通,2.0,1.0,,,,,,,
2月8日,省级,云南,,2.0,5.0,,,,,,17.0,0.0
2月8日,地区级,浙江,杭州,3.0,7.0,,,,,,,
2月8日,地区级,浙江,湖州,,,,,,,,,
2月8日,地区级,浙江,嘉兴,1.0,,,,,,,,
2月8日,地区级,浙江,金华,1.0,4.0,,,,,,,
2月8日,地区级,浙江,丽水,,2.0,,,,,,,
2月8日,地区级,浙江,宁波,5.0,1.0,,,,,,,
2月8日,地区级,浙江,衢州,,,,,,,,,
2月8日,地区级,浙江,绍兴,2.0,3.0,,,,,,,
2月8日,地区级,浙江,台州,5.0,8.0,,,,,,,
2月8日,地区级,浙江,温州,10.0,21.0,,,,,,,
2月8日,地区级,浙江,舟山,,,,,,,,,
2月8日,省级,浙江,,27.0,46.0,,,,,,173.0,
2月8日,地区级,重庆,垫江县,1.0,,,,,,,,
2月8日,地区级,重庆,奉节县,1.0,,,,,,,,
2月8日,地区级,重庆,合川区,1.0,,,,,,,,
2月8日,地区级,重庆,梁平区,,1.0,,,,,,,
2月8日,地区级,重庆,忠县,,2.0,,,,,,,
2月8日,地区级,重庆,云阳县,,2.0,,,,,,,
2月8日,地区级,重庆,九龙坡区,,1.0,,,,,,,
2月8日,地区级,重庆,江北区,3.0,,,,,,,,
2月8日,地区级,重庆,铜梁区,1.0,,,,,,,,
2月8日,地区级,重庆,万州区,6.0,1.0,,,,,,,
2月8日,地区级,重庆,巫溪县,1.0,,,,,,,,
2月8日,地区级,重庆,永川区,2.0,,,,,,,,
2月8日,地区级,重庆,渝中区,1.0,1.0,,,,,,,
2月8日,地区级,重庆,长寿区,3.0,,,,,,,,
2月8日,省级,重庆,,20.0,8.0,,,,,,39.0,2.0
2月8日,国家级,,,2656.0,600.0,89.0,-4.0,,,,,
2月8日,地区级,北京,昌平,,,,,,,,,
2月8日,地区级,北京,朝阳,2.0,,,,,,,,
2月8日,地区级,北京,大兴,1.0,,,,,,,,
2月8日,地区级,北京,东城,1.0,,,,,,,,
2月8日,地区级,北京,房山,,,,,,,,,
2月8日,地区级,北京,丰台,1.0,,,,,,,,
2月8日,地区级,北京,海淀,2.0,,,1.0,,,,,
2月8日,地区级,北京,怀柔,,,,,,,,,
2月8日,地区级,北京,门头沟,,,,,,,,,
2月8日,地区级,北京,密云,1.0,,,,,,,,
2月8日,地区级,北京,石景山,,,,,,,,,
2月8日,地区级,北京,顺义,1.0,,,,,,,,
2月8日,地区级,北京,通州,1.0,,,,,,,,
2月8日,地区级,北京,外地来京,,,,-1.0,,,,,
2月8日,地区级,北京,西城,1.0,,,,,,,,
2月8日,地区级,北京,延庆,,,,,,,,,
2月8日,地区级,北京,地区待确认,,3.0,,,,,,,
2月8日,省级,北京,,11.0,3.0,,,,,,37.0,2.0
2月8日,地区级,河南,安阳,1.0,,,,,,,,
2月8日,地区级,河南,地区待确认,,12.0,1.0,,,,,,
2月8日,地区级,河南,鹤壁,4.0,,,,,,,,
2月8日,地区级,河南,济源示范区,,,,,,,,,
2月8日,地区级,河南,焦作,4.0,,,,,,,,
2月8日,地区级,河南,开封,3.0,,,,,,,,
2月8日,地区级,河南,洛阳,,,,,,,,,
2月8日,地区级,河南,漯河,1.0,1.0,,,,,,,
2月8日,地区级,河南,南阳,5.0,,,,,,,,
2月8日,地区级,河南,平顶山,2.0,6.0,,,,,,,
2月8日,地区级,河南,濮阳,2.0,,,,,,,,
2月8日,地区级,河南,三门峡,,,,,,,,,
2月8日,地区级,河南,商丘,7.0,,,-1.0,,,,,
2月8日,地区级,河南,新乡,1.0,2.0,1.0,,,,,,
2月8日,地区级,河南,信阳,13.0,4.0,,,,,,,
2月8日,地区级,河南,许昌,1.0,2.0,,,,,,,
2月8日,地区级,河南,郑州,6.0,2.0,,,,,,,
2月8日,地区级,河南,周口,,,,,,,,,
2月8日,地区级,河南,驻马店,3.0,5.0,,,,,,,
2月8日,省级,河南,,53.0,34.0,2.0,-1.0,,,,131.0,6.0
2月8日,地区级,广东,潮州,,,,,,,,,
2月8日,地区级,广东,地区待确认,,2.0,,,,,,,
2月8日,地区级,广东,东莞,2.0,,,,,,,,
2月8日,地区级,广东,佛山,5.0,,,,,,,,
2月8日,地区级,广东,广州,6.0,9.0,,,,,,,
2月8日,地区级,广东,河源,,,,,,,,,
2月8日,地区级,广东,惠州,6.0,,,,,,,,
2月8日,地区级,广东,江门,3.0,,,,,,,,
2月8日,地区级,广东,揭阳,,1.0,,,,,,,
2月8日,地区级,广东,茂名,3.0,,,,,,,,
2月8日,地区级,广东,梅州,,,,,,,,,
2月8日,地区级,广东,清远,,,,,,,,,
2月8日,地区级,广东,汕头,,,,,,,,,
2月8日,地区级,广东,汕尾,,,,,,,,,
2月8日,地区级,广东,韶关,,1.0,,,,,,,
2月8日,地区级,广东,深圳,13.0,8.0,,,,,,,
2月8日,地区级,广东,阳江,,,,,,,,,
2月8日,地区级,广东,湛江,1.0,2.0,,,,,,,
2月8日,地区级,广东,肇庆,,2.0,,,,,,,
2月8日,地区级,广东,中山,5.0,3.0,,,,,,,
2月8日,地区级,广东,珠海,1.0,,,,,,,,
2月8日,省级,广东,,45.0,28.0,,,,,,125.0,1.0
2月9日,地区级,安徽,安庆,3.0,6.0,,,,,,,
2月9日,地区级,安徽,蚌埠,11.0,,2.0,,,,,,
2月9日,地区级,安徽,亳州,5.0,,,,,,,,
2月9日,地区级,安徽,池州,3.0,,,,,,,,
2月9日,地区级,安徽,滁州,1.0,,,,,,,,
2月9日,地区级,安徽,阜阳,7.0,2.0,,,,,,,
2月9日,地区级,安徽,合肥,11.0,,,,,,,,
2月9日,地区级,安徽,淮北,0.0,3.0,,,,,,,
2月9日,地区级,安徽,淮南,1.0,1.0,,,,,,,
2月9日,地区级,安徽,黄山,0.0,,,,,,,,
2月9日,地区级,安徽,六安,3.0,,,,,,,,
2月9日,地区级,安徽,马鞍山,0.0,,,,,,,,
2月9日,地区级,安徽,铜陵,1.0,,,,,,,,
2月9日,地区级,安徽,芜湖,1.0,,,,,,,,
2月9日,地区级,安徽,宿州,3.0,2.0,,,,,,,
2月9日,地区级,安徽,宣城,1.0,,,,,,,,
2月9日,省级,安徽,,51.0,14.0,2.0,,,,,73.0,3.0
2月9日,地区级,澳门,澳门,0.0,0.0,0.0,,,,,,
2月9日,省级,澳门,,0.0,0.0,0.0,,,,,1.0,
2月9日,地区级,福建,地区待确认,,5.0,,,,,,,
2月9日,地区级,福建,福州,1.0,1.0,0.0,,,,,,
2月9日,地区级,福建,龙岩,0.0,1.0,0.0,,,,,,
2月9日,地区级,福建,南平,2.0,1.0,0.0,,,,,,
2月9日,地区级,福建,宁德,1.0,0.0,0.0,,,,,,
2月9日,地区级,福建,莆田,4.0,0.0,0.0,,,,,,
2月9日,地区级,福建,泉州,0.0,0.0,0.0,,,,,,
2月9日,地区级,福建,三明,0.0,0.0,0.0,,,,,,
2月9日,地区级,福建,厦门,3.0,1.0,0.0,,,,,,
2月9日,地区级,福建,漳州,0.0,2.0,0.0,,,,,,
2月9日,省级,福建,,11.0,11.0,0.0,,,,,35.0,
2月9日,地区级,甘肃,白银,0.0,0.0,0.0,,,,,,
2月9日,地区级,甘肃,定西,0.0,0.0,0.0,,,,,,
2月9日,地区级,甘肃,甘南州,0.0,0.0,0.0,,,,,,
2月9日,地区级,甘肃,金昌,0.0,1.0,0.0,,,,,,
2月9日,地区级,甘肃,兰州,,2.0,1.0,,,,,,
2月9日,地区级,甘肃,临夏,0.0,0.0,0.0,,,,,,
2月9日,地区级,甘肃,陇南,0.0,0.0,0.0,,,,,,
2月9日,地区级,甘肃,平凉,3.0,0.0,0.0,,,,,,
2月9日,地区级,甘肃,庆阳,1.0,0.0,0.0,,,,,,
2月9日,地区级,甘肃,天水,0.0,0.0,0.0,,,,,,
2月9日,地区级,甘肃,张掖,0.0,1.0,0.0,,,,,,
2月9日,省级,甘肃,,4.0,4.0,1.0,,,,,16.0,2.0
2月9日,地区级,广西,百色,0.0,0.0,0.0,,,,,,
2月9日,地区级,广西,北海,2.0,0.0,0.0,,,,,,
2月9日,地区级,广西,防城港,1.0,0.0,0.0,,,,,,
2月9日,地区级,广西,贵港,1.0,0.0,0.0,,,,,,
2月9日,地区级,广西,桂林,1.0,0.0,0.0,,,,,,
2月9日,地区级,广西,河池,2.0,0.0,0.0,,,,,,
2月9日,地区级,广西,贺州,0.0,0.0,0.0,,,,,,
2月9日,地区级,广西,来宾,4.0,0.0,0.0,,,,,,
2月9日,地区级,广西,柳州,2.0,0.0,0.0,,,,,,
2月9日,地区级,广西,南宁,2.0,0.0,0.0,,,,,,
2月9日,地区级,广西,钦州,0.0,0.0,0.0,,,,,,
2月9日,地区级,广西,梧州,0.0,0.0,0.0,,,,,,
2月9日,地区级,广西,玉林,0.0,0.0,0.0,,,,,,
2月9日,省级,广西,,15.0,0.0,0.0,,,,,18.0,1.0
2月9日,地区级,贵州,安顺,0.0,0.0,0.0,,,,,,
2月9日,地区级,贵州,毕节,0.0,0.0,0.0,,,,,,
2月9日,地区级,贵州,贵阳,5.0,0.0,0.0,,,,,,
2月9日,地区级,贵州,六盘水,0.0,0.0,0.0,,,,,,
2月9日,地区级,贵州,黔东南州,2.0,0.0,0.0,,,,,,
2月9日,地区级,贵州,黔南州,1.0,0.0,0.0,,,,,,
2月9日,地区级,贵州,黔西南州,0.0,0.0,0.0,,,,,,
2月9日,地区级,贵州,铜仁,1.0,0.0,0.0,,,,,,
2月9日,地区级,贵州,遵义,4.0,0.0,0.0,,,,,,
2月9日,省级,贵州,,13.0,0.0,0.0,,,,,7.0,1.0
2月9日,地区级,海南,保亭,0.0,0.0,0.0,,,,,,
2月9日,地区级,海南,昌江县,1.0,0.0,0.0,,,,,,
2月9日,地区级,海南,澄迈县,0.0,0.0,0.0,,,,,,
2月9日,地区级,海南,儋州,0.0,0.0,0.0,,,,,,
2月9日,地区级,海南,定安县,0.0,0.0,0.0,,,,,,
2月9日,地区级,海南,东方,0.0,0.0,0.0,,,,,,
2月9日,地区级,海南,海口,5.0,2.0,0.0,,,,,,
2月9日,地区级,海南,乐东,0.0,0.0,0.0,,,,,,
2月9日,地区级,海南,临高县,1.0,1.0,0.0,,,,,,
2月9日,地区级,海南,陵水县,0.0,0.0,0.0,,,,,,
2月9日,地区级,海南,琼海,0.0,0.0,1.0,,,,,,
2月9日,地区级,海南,琼中县,0.0,0.0,0.0,,,,,,
2月9日,地区级,海南,三亚,1.0,1.0,0.0,,,,,,
2月9日,地区级,海南,万宁,0.0,0.0,0.0,,,,,,
2月9日,地区级,海南,文昌,0.0,0.0,0.0,,,,,,
2月9日,省级,海南,,8.0,4.0,1.0,,,,,19.0,3.0
2月9日,地区级,河北,保定,5.0,0.0,0.0,,,,,,
2月9日,地区级,河北,沧州,0.0,2.0,0.0,,,,,,
2月9日,地区级,河北,承德,0.0,1.0,0.0,,,,,,
2月9日,地区级,河北,邯郸,0.0,0.0,0.0,,,,,,
2月9日,地区级,河北,衡水,0.0,0.0,0.0,,,,,,
2月9日,地区级,河北,廊坊,2.0,1.0,0.0,,,,,,
2月9日,地区级,河北,秦皇岛,0.0,0.0,0.0,,,,,,
2月9日,地区级,河北,石家庄,1.0,0.0,0.0,,,,,,
2月9日,地区级,河北,唐山,1.0,0.0,0.0,,,,,,
2月9日,地区级,河北,邢台,0.0,0.0,0.0,,,,,,
2月9日,地区级,河北,张家口,3.0,1.0,0.0,,,,,,
2月9日,省级,河北,,12.0,5.0,0.0,,,,,35.0,2.0
2月9日,地区级,黑龙江,大庆,0.0,0.0,0.0,,,,,,
2月9日,地区级,黑龙江,大兴安岭,0.0,0.0,0.0,,,,,,
2月9日,地区级,黑龙江,哈尔滨,14.0,0.0,0.0,,,,,,
2月9日,地区级,黑龙江,鹤岗,1.0,1.0,0.0,,,,,,
2月9日,地区级,黑龙江,黑河,2.0,0.0,0.0,,,,,,
2月9日,地区级,黑龙江,鸡西,0.0,1.0,0.0,,,,,,
2月9日,地区级,黑龙江,佳木斯,1.0,0.0,0.0,,,,,,
2月9日,地区级,黑龙江,牡丹江,0.0,0.0,0.0,,,,,,
2月9日,地区级,黑龙江,七台河,1.0,0.0,0.0,,,,,,
2月9日,地区级,黑龙江,齐齐哈尔,3.0,0.0,1.0,,,,,,
2月9日,地区级,黑龙江,双鸭山,0.0,0.0,0.0,,,,,,
2月9日,地区级,黑龙江,绥化,2.0,0.0,0.0,,,,,,
2月9日,省级,黑龙江,,24.0,2.0,1.0,,,,,15.0,7.0
2月9日,地区级,湖北,鄂州,89.0,6.0,3.0,-3.0,,,,,
2月9日,地区级,湖北,恩施州,21.0,4.0,0.0,-5.0,,,,,
2月9日,地区级,湖北,黄冈,115.0,52.0,2.0,-4.0,,,,,
2月9日,地区级,湖北,黄石,52.0,14.0,1.0,-7.0,,,,,
2月9日,地区级,湖北,荆门,12.0,15.0,1.0,-34.0,,,,,
2月9日,地区级,湖北,荆州,48.0,12.0,2.0,,,,,,
2月9日,地区级,湖北,潜江,3.0,1.0,0.0,,,,,,
2月9日,地区级,湖北,神农架,0.0,4.0,0.0,,,,,,
2月9日,地区级,湖北,十堰,14.0,6.0,0.0,,,,,,
2月9日,地区级,湖北,随州,65.0,0.0,1.0,,,,,,
2月9日,地区级,湖北,天门,20.0,9.0,0.0,,,,,,
2月9日,地区级,湖北,武汉,1921.0,167.0,73.0,-1.0,,,,,
2月9日,地区级,湖北,仙桃,37.0,0.0,2.0,,,,,,
2月9日,地区级,湖北,咸宁,14.0,21.0,0.0,,,,,,
2月9日,地区级,湖北,襄阳,57.0,2.0,2.0,-26.0,,,,,
2月9日,地区级,湖北,孝感,105.0,36.0,4.0,,,,,,
2月9日,地区级,湖北,宜昌,45.0,7.0,0.0,-7.0,,,,,
2月9日,省级,湖北,,2618.0,356.0,91.0,-87.0,,,,1795.0,871.0
2月9日,地区级,湖南,常德,6.0,0.0,0.0,,,,,,
2月9日,地区级,湖南,郴州,0.0,0.0,0.0,,,,,,
2月9日,地区级,湖南,衡阳,0.0,0.0,0.0,,,,,,
2月9日,地区级,湖南,怀化,0.0,0.0,0.0,,,,,,
2月9日,地区级,湖南,娄底,2.0,0.0,0.0,,,,,,
2月9日,地区级,湖南,邵阳,2.0,3.0,0.0,,,,,,
2月9日,地区级,湖南,湘潭,3.0,1.0,0.0,,,,,,
2月9日,地区级,湖南,湘西自治州,0.0,1.0,0.0,,,,,,
2月9日,地区级,湖南,益阳,7.0,5.0,0.0,,,,,,
2月9日,地区级,湖南,永州,1.0,3.0,0.0,,,,,,
2月9日,地区级,湖南,岳阳,9.0,7.0,0.0,,,,,,
2月9日,地区级,湖南,张家界,0.0,0.0,0.0,,,,,,
2月9日,地区级,湖南,长沙,8.0,6.0,0.0,,,,,,
2月9日,地区级,湖南,株洲,3.0,1.0,0.0,,,,,,
2月9日,省级,湖南,,41.0,27.0,0.0,,,,,186.0,1.0
2月9日,地区级,吉林,白城,0.0,0.0,0.0,,,,,,
2月9日,地区级,吉林,吉林,0.0,0.0,0.0,,,,,,
2月9日,地区级,吉林,辽源,0.0,0.0,0.0,,,,,,
2月9日,地区级,吉林,四平,0.0,0.0,0.0,,,,,,
2月9日,地区级,吉林,松原,0.0,0.0,0.0,,,,,,
2月9日,地区级,吉林,通化,0.0,0.0,0.0,,,,,,
2月9日,地区级,吉林,延边,0.0,2.0,0.0,,,,,,
2月9日,地区级,吉林,长春,2.0,5.0,0.0,,,,,,
2月9日,省级,吉林,,2.0,7.0,0.0,,,,,12.0,1.0
2月9日,地区级,江苏,常州,0.0,1.0,0.0,,,,,,
2月9日,地区级,江苏,淮安,2.0,3.0,0.0,,,,,,
2月9日,地区级,江苏,连云港,3.0,2.0,0.0,,,,,,
2月9日,地区级,江苏,南京,7.0,2.0,0.0,,,,,,
2月9日,地区级,江苏,南通,1.0,0.0,0.0,,,,,,
2月9日,地区级,江苏,苏州,2.0,7.0,0.0,,,,,,
2月9日,地区级,江苏,泰州,1.0,1.0,0.0,,,,,,
2月9日,地区级,江苏,无锡,3.0,0.0,0.0,,,,,,
2月9日,地区级,江苏,宿迁,0.0,0.0,0.0,,,,,,
2月9日,地区级,江苏,徐州,4.0,5.0,0.0,,,,,,
2月9日,地区级,江苏,盐城,1.0,0.0,0.0,,,,,,
2月9日,地区级,江苏,扬州,0.0,0.0,0.0,,,,,,
2月9日,地区级,江苏,镇江,0.0,0.0,0.0,,,,,,
2月9日,省级,江苏,,24.0,21.0,0.0,,,,,72.0,
2月9日,地区级,江西,抚州,1.0,2.0,0.0,,,,,,
2月9日,地区级,江西,赣江新区,0.0,0.0,0.0,1.0,,,,,
2月9日,地区级,江西,赣州,2.0,4.0,1.0,,,,,,
2月9日,地区级,江西,吉安,1.0,1.0,0.0,,,,,,
2月9日,地区级,江西,景德镇,0.0,0.0,0.0,,,,,,
2月9日,地区级,江西,九江,1.0,1.0,0.0,,,,,,
2月9日,地区级,江西,南昌,11.0,8.0,0.0,-1.0,,,,,
2月9日,地区级,江西,萍乡,1.0,0.0,0.0,,,,,,
2月9日,地区级,江西,上饶,5.0,5.0,0.0,,,,,,
2月9日,地区级,江西,新余,5.0,5.0,0.0,,,,,,
2月9日,地区级,江西,宜春,4.0,4.0,0.0,-1.0,,,,,
2月9日,地区级,江西,鹰潭,1.0,0.0,0.0,,,,,,
2月9日,省级,江西,,32.0,30.0,1.0,-1.0,,,,102.0,1.0
2月9日,地区级,辽宁,鞍山,0.0,0.0,0.0,,,,,,
2月9日,地区级,辽宁,本溪,0.0,0.0,0.0,,,,,,
2月9日,地区级,辽宁,朝阳市,0.0,0.0,0.0,,,,,,
2月9日,地区级,辽宁,大连,0.0,0.0,0.0,,,,,,
2月9日,地区级,辽宁,丹东,0.0,2.0,0.0,,,,,,
2月9日,地区级,辽宁,阜新,0.0,0.0,0.0,,,,,,
2月9日,地区级,辽宁,葫芦岛,0.0,0.0,0.0,,,,,,
2月9日,地区级,辽宁,锦州,1.0,0.0,0.0,,,,,,
2月9日,地区级,辽宁,辽阳,0.0,0.0,0.0,,,,,,
2月9日,地区级,辽宁,盘锦,0.0,0.0,0.0,,,,,,
2月9日,地区级,辽宁,沈阳,0.0,2.0,0.0,,,,,,
2月9日,地区级,辽宁,铁岭,1.0,0.0,0.0,,,,,,
2月9日,地区级,辽宁,营口,0.0,0.0,0.0,,,,,,
2月9日,省级,辽宁,,2.0,4.0,0.0,,,,,12.0,0.0
2月9日,地区级,内蒙古,巴彦淖尔,0.0,0.0,0.0,,,,,,
2月9日,地区级,内蒙古,包头,1.0,0.0,0.0,,,,,,
2月9日,地区级,内蒙古,赤峰,0.0,0.0,0.0,,,,,,
2月9日,地区级,内蒙古,鄂尔多斯,0.0,0.0,0.0,,,,,,
2月9日,地区级,内蒙古,呼和浩特,0.0,0.0,0.0,,,,,,
2月9日,地区级,内蒙古,呼伦贝尔,0.0,0.0,0.0,,,,,,
2月9日,地区级,内蒙古,通辽,3.0,0.0,0.0,,,,,,
2月9日,地区级,内蒙古,乌海,0.0,0.0,0.0,,,,,,
2月9日,地区级,内蒙古,乌兰察布,0.0,0.0,0.0,,,,,,
2月9日,地区级,内蒙古,锡林郭勒,0.0,0.0,0.0,,,,,,
2月9日,省级,内蒙古,,4.0,0.0,0.0,,,,,5.0,0.0
2月9日,地区级,宁夏,固原,1.0,0.0,0.0,,,,,,
2月9日,地区级,宁夏,石嘴山,0.0,0.0,0.0,,,,,,
2月9日,地区级,宁夏,吴忠,3.0,0.0,0.0,,,,,,
2月9日,地区级,宁夏,银川,0.0,0.0,0.0,,,,,,
2月9日,地区级,宁夏,中卫,0.0,0.0,0.0,,,,,,
2月9日,省级,宁夏,,4.0,0.0,0.0,,,,,13.0,0.0
2月9日,地区级,青海,海北州,0.0,0.0,0.0,,,,,,
2月9日,地区级,青海,西宁,0.0,0.0,0.0,,,,,,
2月9日,省级,青海,,0.0,0.0,0.0,,,,,3.0,0.0
2月9日,地区级,山东,滨州,0.0,,,,,,,,
2月9日,地区级,山东,德州,2.0,,,,,,,,
2月9日,地区级,山东,菏泽,2.0,2.0,,,,,,,
2月9日,地区级,山东,济南,2.0,4.0,,,,,,,
2月9日,地区级,山东,济宁,0.0,,,,,,,,
2月9日,地区级,山东,聊城,1.0,,,,,,,,
2月9日,地区级,山东,临沂,2.0,2.0,,,,,,,
2月9日,地区级,山东,青岛,5.0,3.0,1.0,,,,,,
2月9日,地区级,山东,日照,0.0,,,,,,,,
2月9日,地区级,山东,泰安,3.0,,,,,,,,
2月9日,地区级,山东,威海,1.0,,,,,,,,
2月9日,地区级,山东,潍坊,3.0,,,,,,,,
2月9日,地区级,山东,烟台,3.0,1.0,,,,,,,
2月9日,地区级,山东,枣庄,0.0,1.0,,,,,,,
2月9日,地区级,山东,淄博,0.0,,,,,,,,
2月9日,省级,山东,,24.0,13.0,1.0,,,,,63.0,1.0
2月9日,地区级,山西,大同,0.0,0.0,0.0,,,,,,
2月9日,地区级,山西,晋城,0.0,0.0,0.0,,,,,,
2月9日,地区级,山西,晋中,0.0,2.0,0.0,,,,,,
2月9日,地区级,山西,临汾,0.0,0.0,0.0,,,,,,
2月9日,地区级,山西,吕梁,0.0,0.0,0.0,,,,,,
2月9日,地区级,山西,朔州,1.0,0.0,0.0,,,,,,
2月9日,地区级,山西,太原,2.0,2.0,0.0,,,,,,
2月9日,地区级,山西,忻州,1.0,0.0,0.0,,,,,,
2月9日,地区级,山西,阳泉,0.0,0.0,0.0,,,,,,
2月9日,地区级,山西,运城,0.0,0.0,0.0,,,,,,
2月9日,地区级,山西,长治,0.0,0.0,0.0,,,,,,
2月9日,省级,山西,,4.0,4.0,0.0,,,,,25.0,0.0
2月9日,地区级,陕西,安康,1.0,4.0,0.0,,,,,,
2月9日,地区级,陕西,宝鸡,0.0,0.0,0.0,,,,,,
2月9日,地区级,陕西,汉中,0.0,0.0,0.0,,,,,,
2月9日,地区级,陕西,商洛,0.0,0.0,0.0,,,,,,
2月9日,地区级,陕西,铜川,0.0,0.0,0.0,,,,,,
2月9日,地区级,陕西,渭南,1.0,0.0,0.0,,,,,,
2月9日,地区级,陕西,西安,2.0,2.0,0.0,,,,,,
2月9日,地区级,陕西,咸阳,1.0,0.0,0.0,,,,,,
2月9日,地区级,陕西,延安,0.0,0.0,0.0,,,,,,
2月9日,地区级,陕西,榆林,0.0,0.0,0.0,,,,,,
2月9日,省级,陕西,,5.0,6.0,0.0,,,,,26.0,
2月9日,地区级,上海,宝山,1.0,,,,,,,,
2月9日,地区级,上海,嘉定,1.0,,,,,,,,
2月9日,地区级,上海,闵行,1.0,,,,,,,,
2月9日,地区级,上海,浦东,,1.0,,,,,,,
2月9日,地区级,上海,外地来沪,,1.0,,,,,,,
2月9日,地区级,上海,长宁,,1.0,,,,,,,
2月9日,省级,上海,,3.0,3.0,,,,,,44.0,1.0
2月9日,地区级,四川,阿坝,0.0,0.0,0.0,,,,,,
2月9日,地区级,四川,巴中,1.0,0.0,0.0,,,,,,
2月9日,地区级,四川,成都,3.0,3.0,0.0,,,,,,
2月9日,地区级,四川,达州,3.0,0.0,0.0,,,,,,
2月9日,地区级,四川,德阳,0.0,0.0,0.0,,,,,,
2月9日,地区级,四川,甘孜,6.0,0.0,0.0,,,,,,
2月9日,地区级,四川,广安,0.0,0.0,0.0,,,,,,
2月9日,地区级,四川,广元,0.0,1.0,0.0,,,,,,
2月9日,地区级,四川,乐山,0.0,0.0,0.0,,,,,,
2月9日,地区级,四川,凉山,1.0,1.0,0.0,,,,,,
2月9日,地区级,四川,泸州,1.0,0.0,0.0,,,,,,
2月9日,地区级,四川,眉山,0.0,0.0,0.0,,,,,,
2月9日,地区级,四川,绵阳,1.0,1.0,0.0,,,,,,
2月9日,地区级,四川,南充,1.0,1.0,0.0,,,,,,
2月9日,地区级,四川,内江,0.0,0.0,0.0,,,,,,
2月9日,地区级,四川,攀枝花,0.0,4.0,0.0,,,,,,
2月9日,地区级,四川,遂宁,2.0,0.0,0.0,,,,,,
2月9日,地区级,四川,雅安,0.0,1.0,0.0,,,,,,
2月9日,地区级,四川,宜宾,0.0,3.0,0.0,,,,,,
2月9日,地区级,四川,资阳,0.0,1.0,0.0,,,,,,
2月9日,地区级,四川,自贡,0.0,0.0,0.0,,,,,,
2月9日,省级,四川,,19.0,16.0,0.0,,,,,76.0,1.0
2月9日,地区级,台湾,台湾,1.0,0.0,0.0,,,,,,
2月9日,省级,台湾,,1.0,0.0,0.0,,,,,1.0,
2月9日,地区级,天津,宝坻区,3.0,0.0,0.0,,,,,,
2月9日,地区级,天津,北辰区,0.0,0.0,0.0,,,,,,
2月9日,地区级,天津,滨海新区,0.0,0.0,0.0,,,,,,
2月9日,地区级,天津,东丽区,0.0,0.0,0.0,,,,,,
2月9日,地区级,天津,和平区,0.0,0.0,0.0,,,,,,
2月9日,地区级,天津,河北区,0.0,0.0,0.0,,,,,,
2月9日,地区级,天津,河东区,0.0,0.0,0.0,,,,,,
2月9日,地区级,天津,河西区,0.0,0.0,0.0,,,,,,
2月9日,地区级,天津,红桥区,0.0,0.0,0.0,,,,,,
2月9日,地区级,天津,津南区,0.0,0.0,0.0,,,,,,
2月9日,地区级,天津,南开区,0.0,0.0,0.0,,,,,,
2月9日,地区级,天津,宁河区,0.0,0.0,0.0,,,,,,
2月9日,地区级,天津,外地来津,0.0,0.0,0.0,,,,,,
2月9日,地区级,天津,武清区,0.0,0.0,0.0,,,,,,
2月9日,地区级,天津,西青区,0.0,0.0,0.0,,,,,,
2月9日,省级,天津,,3.0,0.0,0.0,,,,,4.0,1.0
2月9日,地区级,西藏,拉萨,0.0,0.0,0.0,,,,,,
2月9日,省级,西藏,,0.0,0.0,0.0,,,,,,
2月9日,地区级,香港,香港,10.0,,,,,,,,
2月9日,省级,香港,,10.0,,,,,,,1.0,1.0
2月9日,地区级,新疆,阿克苏,0.0,0.0,0.0,,,,,,
2月9日,地区级,新疆,巴州,0.0,0.0,0.0,,,,,,
2月9日,地区级,新疆,兵团第九师,0.0,0.0,0.0,,,,,,
2月9日,地区级,新疆,兵团第十二师,0.0,0.0,0.0,,,,,,
2月9日,地区级,新疆,兵团第四师,3.0,0.0,0.0,,,,,,
2月9日,地区级,新疆,昌吉州,1.0,0.0,0.0,,,,,,
2月9日,地区级,新疆,兵团第八师,0.0,0.0,0.0,,,,,,
2月9日,地区级,新疆,兵团第七师,0.0,0.0,0.0,,,,,,
2月9日,地区级,新疆,兵团第六师,0.0,0.0,0.0,,,,,,
2月9日,地区级,新疆,吐鲁番,0.0,0.0,0.0,,,,,,
2月9日,地区级,新疆,乌鲁木齐,0.0,0.0,0.0,,,,,,
2月9日,地区级,新疆,伊犁州,0.0,0.0,0.0,,,,,,
2月9日,省级,新疆,,4.0,0.0,0.0,,,,,,
2月9日,地区级,云南,红河,,1.0,,,,,,,
2月9日,地区级,云南,昆明,1.0,,,,,,,,
2月9日,省级,云南,,1.0,1.0,,,,,,18.0,0.0
2月9日,地区级,浙江,杭州,2.0,12.0,0.0,-12.0,,,,,
2月9日,地区级,浙江,湖州,0.0,0.0,0.0,,,,,,
2月9日,地区级,浙江,嘉兴,2.0,2.0,0.0,,,,,,
2月9日,地区级,浙江,金华,0.0,2.0,0.0,,,,,,
2月9日,地区级,浙江,丽水,0.0,0.0,0.0,,,,,,
2月9日,地区级,浙江,宁波,3.0,2.0,0.0,,,,,,
2月9日,地区级,浙江,衢州,0.0,0.0,0.0,,,,,,
2月9日,地区级,浙江,绍兴,3.0,0.0,0.0,,,,,,
2月9日,地区级,浙江,台州,3.0,2.0,0.0,,,,,,
2月9日,地区级,浙江,温州,16.0,8.0,0.0,,,,,,
2月9日,地区级,浙江,舟山,0.0,0.0,0.0,,,,,,
2月9日,省级,浙江,,29.0,28.0,0.0,-12.0,,,,201.0,
2月9日,地区级,重庆,巴南区,,1.0,,,,,,,
2月9日,地区级,重庆,大足区,1.0,,,,,,,,
2月9日,地区级,重庆,垫江县,1.0,,,,,,,,
2月9日,地区级,重庆,奉节县,,,,,,,,,
2月9日,地区级,重庆,合川区,1.0,1.0,,,,,,,
2月9日,地区级,重庆,江北区,1.0,,,,,,,,
2月9日,地区级,重庆,九龙坡区,1.0,,,,,,,,
2月9日,地区级,重庆,开州区,,3.0,,,,,,,
2月9日,地区级,重庆,铜梁区,,,,,,,,,
2月9日,地区级,重庆,万州区,13.0,3.0,,,,,,,
2月9日,地区级,重庆,巫山县,1.0,,,,,,,,
2月9日,地区级,重庆,巫溪县,,1.0,,,,,,,
2月9日,地区级,重庆,永川区,,,,,,,,,
2月9日,地区级,重庆,渝北区,1.0,,,,,,,,
2月9日,地区级,重庆,渝中区,,,,,,,,,
2月9日,地区级,重庆,云阳县,,2.0,,,,,,,
2月9日,地区级,重庆,长寿区,,1.0,,,,,,,
2月9日,地区级,重庆,忠县,2.0,,,,,,,,
2月9日,省级,重庆,,22.0,12.0,,,,,,51.0,2.0
2月9日,国家级,,,3062.0,632.0,97.0,-89.0,,,,,
2月9日,地区级,北京,昌平,1.0,0.0,0.0,,,,,,
2月9日,地区级,北京,朝阳,1.0,0.0,0.0,,,,,,
2月9日,地区级,北京,大兴,1.0,0.0,0.0,,,,,,
2月9日,地区级,北京,地区待确认,,7.0,0.0,,,,,,
2月9日,地区级,北京,东城,0.0,0.0,0.0,,,,,,
2月9日,地区级,北京,房山,0.0,0.0,0.0,,,,,,
2月9日,地区级,北京,丰台,3.0,0.0,0.0,,,,,,
2月9日,地区级,北京,海淀,2.0,0.0,0.0,,,,,,
2月9日,地区级,北京,怀柔,0.0,0.0,0.0,,,,,,
2月9日,地区级,北京,门头沟,0.0,0.0,0.0,,,,,,
2月9日,地区级,北京,密云,1.0,0.0,0.0,,,,,,
2月9日,地区级,北京,石景山,0.0,0.0,0.0,,,,,,
2月9日,地区级,北京,顺义,0.0,0.0,0.0,,,,,,
2月9日,地区级,北京,通州,0.0,0.0,0.0,,,,,,
2月9日,地区级,北京,外地来京,1.0,0.0,0.0,,,,,,
2月9日,地区级,北京,西城,1.0,0.0,0.0,,,,,,
2月9日,地区级,北京,延庆,0.0,0.0,0.0,,,,,,
2月9日,省级,北京,,11.0,7.0,0.0,,,,,44.0,2.0
2月9日,地区级,河南,安阳,1.0,0.0,0.0,,,,,,
2月9日,地区级,河南,地区待确认,,26.0,0.0,,,,,,
2月9日,地区级,河南,鹤壁,0.0,0.0,0.0,,,,,,
2月9日,地区级,河南,济源示范区,0.0,0.0,0.0,,,,,,
2月9日,地区级,河南,焦作,1.0,0.0,0.0,,,,,,
2月9日,地区级,河南,开封,0.0,0.0,0.0,,,,,,
2月9日,地区级,河南,洛阳,2.0,0.0,0.0,,,,,,
2月9日,地区级,河南,漯河,0.0,1.0,0.0,,,,,,
2月9日,地区级,河南,南阳,1.0,0.0,0.0,,,,,,
2月9日,地区级,河南,平顶山,2.0,6.0,0.0,,,,,,
2月9日,地区级,河南,濮阳,1.0,0.0,0.0,,,,,,
2月9日,地区级,河南,三门峡,0.0,0.0,0.0,,,,,,
2月9日,地区级,河南,商丘,1.0,0.0,0.0,,,,,,
2月9日,地区级,河南,新乡,2.0,1.0,0.0,,,,,,
2月9日,地区级,河南,信阳,15.0,0.0,0.0,,,,,,
2月9日,地区级,河南,许昌,0.0,0.0,0.0,,,,,,
2月9日,地区级,河南,郑州,4.0,0.0,0.0,,,,,,
2月9日,地区级,河南,周口,3.0,0.0,0.0,,,,,,
2月9日,地区级,河南,驻马店,7.0,4.0,0.0,,,,,,
2月9日,省级,河南,,40.0,38.0,0.0,,,,,169.0,6.0
2月9日,地区级,广东,潮州,,,,,,,,,
2月9日,地区级,广东,地区待确认,,1.0,,,,,,,
2月9日,地区级,广东,东莞,2.0,2.0,,,,,,,
2月9日,地区级,广东,佛山,3.0,,,,,,,,
2月9日,地区级,广东,广州,9.0,6.0,,,,,,,
2月9日,地区级,广东,河源,,,,,,,,,
2月9日,地区级,广东,惠州,3.0,,,,,,,,
2月9日,地区级,广东,江门,2.0,,,,,,,,
2月9日,地区级,广东,揭阳,,,,,,,,,
2月9日,地区级,广东,茂名,1.0,,,,,,,,
2月9日,地区级,广东,梅州,,,,,,,,,
2月9日,地区级,广东,清远,,,,,,,,,
2月9日,地区级,广东,汕头,,2.0,,,,,,,
2月9日,地区级,广东,汕尾,,,,,,,,,
2月9日,地区级,广东,韶关,,,,,,,,,
2月9日,地区级,广东,深圳,4.0,7.0,,,,,,,
2月9日,地区级,广东,阳江,,,,,,,,,
2月9日,地区级,广东,湛江,,,,,,,,,
2月9日,地区级,广东,肇庆,,,,,,,,,
2月9日,地区级,广东,中山,5.0,,,,,,,,
2月9日,地区级,广东,珠海,2.0,,,,,,,,
2月9日,省级,广东,,31.0,18.0,,,,,,143.0,1.0
2月10日,地区级,安徽,安庆,2.0,3.0,,,,,,,
2月10日,地区级,安徽,蚌埠,8.0,1.0,,,,,,,
2月10日,地区级,安徽,亳州,,2.0,,,,,,,
2月10日,地区级,安徽,池州,,2.0,,,,,,,
2月10日,地区级,安徽,滁州,,1.0,,,,,,,
2月10日,地区级,安徽,阜阳,7.0,,,,,,,,
2月10日,地区级,安徽,合肥,3.0,4.0,1.0,,,,,,
2月10日,地区级,安徽,淮北,1.0,1.0,,,,,,,
2月10日,地区级,安徽,淮南,1.0,,,,,,,,
2月10日,地区级,安徽,黄山,,,,,,,,,
2月10日,地区级,安徽,六安,2.0,1.0,,,,,,,
2月10日,地区级,安徽,马鞍山,1.0,,,,,,,,
2月10日,地区级,安徽,铜陵,2.0,,,,,,,,
2月10日,地区级,安徽,芜湖,1.0,,,,,,,,
2月10日,地区级,安徽,宿州,2.0,,,,,,,,
2月10日,地区级,安徽,宣城,,,,,,,,,
2月10日,省级,安徽,,30.0,15.0,1.0,,,,,88.0,4.0
2月10日,省级,澳门,澳门,,,,,,,,1.0,
2月10日,地区级,澳门,澳门,,,,,,,,,
2月10日,地区级,福建,地区待确认,,2.0,,,,,,,
2月10日,地区级,福建,福州,,1.0,,,,,,,
2月10日,地区级,福建,龙岩,,,,,,,,,
2月10日,地区级,福建,南平,1.0,,,,,,,,
2月10日,地区级,福建,宁德,,,,,,,,,
2月10日,地区级,福建,莆田,,,,,,,,,
2月10日,地区级,福建,泉州,1.0,1.0,,,,,,,
2月10日,地区级,福建,三明,,,,,,,,,
2月10日,地区级,福建,厦门,3.0,,,,,,,,
2月10日,地区级,福建,漳州,1.0,,,,,,,,
2月10日,省级,福建,,6.0,4.0,,,,,,39.0,
2月10日,地区级,甘肃,白银,,,,,,,,,
2月10日,地区级,甘肃,定西,,1.0,,,,,,,
2月10日,地区级,甘肃,甘南州,,,,,,,,,
2月10日,地区级,甘肃,兰州,2.0,4.0,,,,,,,
2月10日,地区级,甘肃,临夏,,,,,,,,,
2月10日,地区级,甘肃,陇南,,,,,,,,,
2月10日,地区级,甘肃,平凉,1.0,,,,,,,,
2月10日,地区级,甘肃,庆阳,,,,,,,,,
2月10日,地区级,甘肃,天水,,,,,,,,,
2月10日,地区级,甘肃,张掖,,,,,,,,,
2月10日,省级,甘肃,,3.0,5.0,,,,,,21.0,2.0
2月10日,地区级,广西,百色,,,,,,,,,
2月10日,地区级,广西,北海,1.0,1.0,,,,,,,
2月10日,地区级,广西,防城港,,,,,,,,,
2月10日,地区级,广西,贵港,,,,,,,,,
2月10日,地区级,广西,桂林,,,,,,,,,
2月10日,地区级,广西,河池,,,,,,,,,
2月10日,地区级,广西,贺州,,,,,,,,,
2月10日,地区级,广西,来宾,,,,,,,,,
2月10日,地区级,广西,柳州,,3.0,,,,,,,
2月10日,地区级,广西,南宁,4.0,6.0,,,,,,,
2月10日,地区级,广西,钦州,,,,,,,,,
2月10日,地区级,广西,梧州,,2.0,,,,,,,
2月10日,地区级,广西,玉林,,,,,,,,,
2月10日,省级,广西,,5.0,12.0,,,,,,30.0,1.0
2月10日,地区级,贵州,安顺,,,,,,,,,
2月10日,地区级,贵州,毕节,,,,,,,,,
2月10日,地区级,贵州,贵阳,2.0,,,,,,,,
2月10日,地区级,贵州,六盘水,,,,,,,,,
2月10日,地区级,贵州,黔东南州,2.0,,,,,,,,
2月10日,地区级,贵州,黔南州,,,,,,,,,
2月10日,地区级,贵州,黔西南州,,,,,,,,,
2月10日,地区级,贵州,铜仁,1.0,3.0,,,,,,,
2月10日,地区级,贵州,遵义,4.0,,,,,,,,
2月10日,省级,贵州,,9.0,3.0,,,,,,10.0,1.0
2月10日,地区级,海南,保亭,,,,,,,,,
2月10日,地区级,海南,昌江县,,,,,,,,,
2月10日,地区级,海南,澄迈县,,,,,,,,,
2月10日,地区级,海南,儋州,,,,,,,,,
2月10日,地区级,海南,定安县,,,,,,,,,
2月10日,地区级,海南,东方,,,,,,,,,
2月10日,地区级,海南,海口,1.0,,,,,,,,
2月10日,地区级,海南,乐东,,,,,,,,,
2月10日,地区级,海南,临高县,,,,,,,,,
2月10日,地区级,海南,陵水县,,,,,,,,,
2月10日,地区级,海南,琼海,,,,,,,,,
2月10日,地区级,海南,琼中县,,,,,,,,,
2月10日,地区级,海南,三亚,4.0,,,,,,,,
2月10日,地区级,海南,万宁,1.0,,,,,,,,
2月10日,地区级,海南,文昌,,,,,,,,,
2月10日,省级,海南,,6.0,,,,,,,19.0,3.0
2月10日,地区级,河北,保定,4.0,1.0,,,,,,,
2月10日,地区级,河北,沧州,4.0,2.0,,,,,,,
2月10日,地区级,河北,承德,,,,,,,,,
2月10日,地区级,河北,邯郸,,1.0,,,,,,,
2月10日,地区级,河北,衡水,,2.0,,,,,,,
2月10日,地区级,河北,廊坊,2.0,,,,,,,,
2月10日,地区级,河北,秦皇岛,2.0,,,,,,,,
2月10日,地区级,河北,石家庄,2.0,,,,,,,,
2月10日,地区级,河北,唐山,3.0,,,,,,,,
2月10日,地区级,河北,邢台,,,,,,,,,
2月10日,地区级,河北,张家口,4.0,,,,,,,,
2月10日,省级,河北,,21.0,6.0,,,,,,41.0,2.0
2月10日,地区级,黑龙江,大庆,1.0,,,,,,,,
2月10日,地区级,黑龙江,大兴安岭,,,,,,,,,
2月10日,地区级,黑龙江,哈尔滨,18.0,6.0,,,,,,,
2月10日,地区级,黑龙江,鹤岗,,,,,,,,,
2月10日,地区级,黑龙江,黑河,,,,,,,,,
2月10日,地区级,黑龙江,鸡西,4.0,,,,,,,,
2月10日,地区级,黑龙江,佳木斯,1.0,4.0,,,,,,,
2月10日,地区级,黑龙江,牡丹江,,,,,,,,,
2月10日,地区级,黑龙江,七台河,1.0,,,,,,,,
2月10日,地区级,黑龙江,齐齐哈尔,2.0,,,,,,,,
2月10日,地区级,黑龙江,双鸭山,,,,,,,,,
2月10日,地区级,黑龙江,绥化,2.0,2.0,1.0,,,,,,
2月10日,地区级,黑龙江,伊春,,,,,,,,,
2月10日,省级,黑龙江,,29.0,12.0,1.0,,,,,27.0,8.0
2月10日,地区级,湖北,荆门,15.0,6.0,1.0,,,,,,
2月10日,地区级,湖北,恩施州,8.0,7.0,2.0,,,,,,
2月10日,地区级,湖北,黄冈,80.0,90.0,7.0,,,,,,
2月10日,地区级,湖北,黄石,30.0,15.0,2.0,,,,,,
2月10日,地区级,湖北,鄂州,65.0,13.0,2.0,,,,,,
2月10日,地区级,湖北,荆州,30.0,10.0,2.0,,,,,,
2月10日,地区级,湖北,潜江,5.0,,1.0,,,,,,
2月10日,地区级,湖北,神农架,,,,,,,,,
2月10日,地区级,湖北,十堰,24.0,13.0,1.0,,,,,,
2月10日,地区级,湖北,随州,46.0,3.0,2.0,,,,,,
2月10日,地区级,湖北,天门,44.0,2.0,,,,,,,
2月10日,地区级,湖北,武汉,1552.0,162.0,67.0,,,,,,
2月10日,地区级,湖北,仙桃,22.0,25.0,4.0,,,,,,
2月10日,地区级,湖北,咸宁,8.0,7.0,1.0,,,,,,
2月10日,地区级,湖北,襄阳,44.0,7.0,3.0,,,,,,
2月10日,地区级,湖北,孝感,101.0,58.0,8.0,,,,,,
2月10日,地区级,湖北,宜昌,23.0,9.0,,,,,,,
2月10日,省级,湖北,,2097.0,427.0,103.0,,,,,2222.0,974.0
2月10日,地区级,湖南,常德,1.0,,,,,,,,
2月10日,地区级,湖南,郴州,1.0,5.0,,,,,,,
2月10日,地区级,湖南,衡阳,,2.0,,,,,,,
2月10日,地区级,湖南,怀化,,,,,,,,,
2月10日,地区级,湖南,娄底,3.0,4.0,,,,,,,
2月10日,地区级,湖南,邵阳,2.0,1.0,,,,,,,
2月10日,地区级,湖南,湘潭,1.0,,,,,,,,
2月10日,地区级,湖南,湘西自治州,,2.0,,,,,,,
2月10日,地区级,湖南,益阳,1.0,1.0,,,,,,,
2月10日,地区级,湖南,永州,1.0,,,,,,,,
2月10日,地区级,湖南,岳阳,10.0,4.0,,,,,,,
2月10日,地区级,湖南,张家界,,1.0,,,,,,,
2月10日,地区级,湖南,长沙,6.0,6.0,,,,,,,
2月10日,地区级,湖南,株洲,7.0,1.0,,,,,,,
2月10日,省级,湖南,,33.0,27.0,,,,,,213.0,1.0
2月10日,地区级,吉林,白城,,,,,,,,,
2月10日,地区级,吉林,白山,,,,,,,,,
2月10日,地区级,吉林,吉林,,,,,,,,,
2月10日,地区级,吉林,辽源,,,,,,,,,
2月10日,地区级,吉林,四平,,1.0,,,,,,,
2月10日,地区级,吉林,松原,,,,,,,,,
2月10日,地区级,吉林,通化,,,,,,,,,
2月10日,地区级,吉林,延边,,,,,,,,,
2月10日,地区级,吉林,长春,1.0,,,,,,,,
2月10日,省级,吉林,,1.0,1.0,,,,,,13.0,1.0
2月10日,地区级,江苏,常州,,,,,,,,,
2月10日,地区级,江苏,淮安,,,,,,,,,
2月10日,地区级,江苏,连云港,2.0,,,,,,,,
2月10日,地区级,江苏,南京,6.0,,,,,,,,
2月10日,地区级,江苏,南通,2.0,3.0,,,,,,,
2月10日,地区级,江苏,苏州,3.0,2.0,,,,,,,
2月10日,地区级,江苏,泰州,3.0,,,,,,,,
2月10日,地区级,江苏,无锡,4.0,1.0,,,,,,,
2月10日,地区级,江苏,宿迁,,3.0,,,,,,,
2月10日,地区级,江苏,徐州,3.0,2.0,,,,,,,
2月10日,地区级,江苏,盐城,,,,,,,,,
2月10日,地区级,江苏,扬州,,1.0,,,,,,,
2月10日,地区级,江苏,镇江,,,,,,,,,
2月10日,省级,江苏,,23.0,12.0,,,,,,84.0,
2月10日,地区级,江西,抚州,3.0,,,,,,,,
2月10日,地区级,江西,赣江新区,,,,,,,,,
2月10日,地区级,江西,赣州,1.0,1.0,,,,,,,
2月10日,地区级,江西,吉安,1.0,2.0,,,,,,,
2月10日,地区级,江西,景德镇,,,,,,,,,
2月10日,地区级,江西,九江,,6.0,,,,,,,
2月10日,地区级,江西,南昌,6.0,11.0,,,,,,,
2月10日,地区级,江西,萍乡,1.0,,,,,,,,
2月10日,地区级,江西,上饶,7.0,1.0,,1.0,,,,,
2月10日,地区级,江西,新余,5.0,4.0,,,,,,,
2月10日,地区级,江西,宜春,6.0,,,,,,,,
2月10日,地区级,江西,鹰潭,2.0,,,,,,,,
2月10日,省级,江西,,32.0,25.0,,1.0,,,,127.0,1.0
2月10日,地区级,辽宁,鞍山,,,,,,,,,
2月10日,地区级,辽宁,本溪,,,,,,,,,
2月10日,地区级,辽宁,朝阳市,,,,,,,,,
2月10日,地区级,辽宁,大连,,,,,,,,,
2月10日,地区级,辽宁,丹东,,,,,,,,,
2月10日,地区级,辽宁,抚顺,,,,,,,,,
2月10日,地区级,辽宁,阜新,1.0,,,,,,,,
2月10日,地区级,辽宁,葫芦岛,,,,,,,,,
2月10日,地区级,辽宁,锦州,,,,,,,,,
2月10日,地区级,辽宁,辽阳,,,,,,,,,
2月10日,地区级,辽宁,盘锦,,,,,,,,,
2月10日,地区级,辽宁,沈阳,,,,,,,,,
2月10日,地区级,辽宁,铁岭,,,,,,,,,
2月10日,地区级,辽宁,营口,,,,,,,,,
2月10日,省级,辽宁,,1.0,0.0,,,,,,12.0,0.0
2月10日,地区级,内蒙古,巴彦淖尔,,,,,,,,,
2月10日,地区级,内蒙古,包头,,,,,,,,,
2月10日,地区级,内蒙古,赤峰,,,,,,,,,
2月10日,地区级,内蒙古,鄂尔多斯,,,,,,,,,
2月10日,地区级,内蒙古,呼和浩特,,,,,,,,,
2月10日,地区级,内蒙古,呼伦贝尔,,,,,,,,,
2月10日,地区级,内蒙古,通辽,,,,,,,,,
2月10日,地区级,内蒙古,乌海,,,,,,,,,
2月10日,地区级,内蒙古,乌兰察布,,,,,,,,,
2月10日,地区级,内蒙古,锡林郭勒,,,,,,,,,
2月10日,省级,内蒙古,,0.0,,,,,,,5.0,0.0
2月10日,地区级,宁夏,固原,,,,,,,,,
2月10日,地区级,宁夏,石嘴山,,,,,,,,,
2月10日,地区级,宁夏,宁东,,1.0,,,,,,,
2月10日,地区级,宁夏,吴忠,2.0,,,,,,,,
2月10日,地区级,宁夏,银川,2.0,,,,,,,,
2月10日,地区级,宁夏,中卫,,,,,,,,,
2月10日,省级,宁夏,,4.0,1.0,,,,,,14.0,0.0
2月10日,地区级,青海,海北州,,,,,,,,,
2月10日,地区级,青海,西宁,,,,,,,,,
2月10日,省级,青海,,,,,,,,,3.0,0.0
2月10日,地区级,山东,滨州,,1.0,,,,,,,
2月10日,地区级,山东,德州,,2.0,,,,,,,
2月10日,地区级,山东,菏泽,1.0,1.0,,,,,,,
2月10日,地区级,山东,济南,2.0,,,,,,,,
2月10日,地区级,山东,济宁,2.0,,,,,,,,
2月10日,地区级,山东,聊城,3.0,,,,,,,,
2月10日,地区级,山东,临沂,2.0,3.0,,,,,,,
2月10日,地区级,山东,青岛,1.0,1.0,,,,,,,
2月10日,地区级,山东,日照,,,,,,,,,
2月10日,地区级,山东,泰安,6.0,,,,,,,,
2月10日,地区级,山东,威海,2.0,,,,,,,,
2月10日,地区级,山东,潍坊,1.0,,,,,,,,
2月10日,地区级,山东,烟台,2.0,,,,,,,,
2月10日,地区级,山东,枣庄,2.0,,,,,,,,
2月10日,地区级,山东,淄博,3.0,,,,,,,,
2月10日,省级,山东,,27.0,8.0,,,,,,71.0,1.0
2月10日,地区级,山西,大同,,,,,,,,,
2月10日,地区级,山西,晋城,,,,,,,,,
2月10日,地区级,山西,晋中,1.0,,,,,,,,
2月10日,地区级,山西,临汾,,,,,,,,,
2月10日,地区级,山西,吕梁,,,,,,,,,
2月10日,地区级,山西,朔州,,1.0,,,,,,,
2月10日,地区级,山西,太原,1.0,,,,,,,,
2月10日,地区级,山西,忻州,,,,,,,,,
2月10日,地区级,山西,阳泉,,,,,,,,,
2月10日,地区级,山西,运城,1.0,,,,,,,,
2月10日,地区级,山西,长治,,,,,,,,,
2月10日,省级,山西,,3.0,1.0,,,,,,26.0,0.0
2月10日,地区级,陕西,安康,,,,,,,,,
2月10日,地区级,陕西,宝鸡,,,,,,,,,
2月10日,地区级,陕西,汉中,,,,,,,,,
2月10日,地区级,陕西,商洛,,,,,,,,,
2月10日,地区级,陕西,铜川,,,,,,,,,
2月10日,地区级,陕西,渭南,,,,,,,,,
2月10日,地区级,陕西,西安,6.0,,,,,,,,
2月10日,地区级,陕西,咸阳,,2.0,,,,,,,
2月10日,地区级,陕西,延安,,2.0,,,,,,,
2月10日,地区级,陕西,榆林,,1.0,,,,,,,
2月10日,省级,陕西,,6.0,5.0,,,,,,31.0,
2月10日,地区级,上海,宝山,2.0,,,,,,,,
2月10日,地区级,上海,崇明,,,,,,,,,
2月10日,地区级,上海,奉贤,,,,,,,,,
2月10日,地区级,上海,虹口,,1.0,,,,,,,
2月10日,地区级,上海,黄浦,,,,,,,,,
2月10日,地区级,上海,嘉定,1.0,,,,,,,,
2月10日,地区级,上海,金山,1.0,,,,,,,,
2月10日,地区级,上海,静安,,,,,,,,,
2月10日,地区级,上海,闵行,2.0,,,,,,,,
2月10日,地区级,上海,浦东,,,,,,,,,
2月10日,地区级,上海,普陀,,,,,,,,,
2月10日,地区级,上海,青浦,,,,,,,,,
2月10日,地区级,上海,松江,,,,,,,,,
2月10日,地区级,上海,外地来沪,,2.0,,,,,,,
2月10日,地区级,上海,徐汇,,,,,,,,,
2月10日,地区级,上海,杨浦,1.0,,,,,,,,
2月10日,地区级,上海,长宁,,1.0,,,,,,,
2月10日,省级,上海,,7.0,4.0,,,,,,48.0,1.0
2月10日,地区级,四川,阿坝,,,,,,,,,
2月10日,地区级,四川,巴中,,,,,,,,,
2月10日,地区级,四川,成都,1.0,3.0,,,,,,,
2月10日,地区级,四川,达州,2.0,,,,,,,,
2月10日,地区级,四川,德阳,,,,,,,,,
2月10日,地区级,四川,甘孜,4.0,2.0,,,,,,,
2月10日,地区级,四川,广安,2.0,,,,,,,,
2月10日,地区级,四川,广元,,,,,,,,,
2月10日,地区级,四川,乐山,,,,,,,,,
2月10日,地区级,四川,凉山,,,,,,,,,
2月10日,地区级,四川,泸州,1.0,,,,,,,,
2月10日,地区级,四川,眉山,,,,,,,,,
2月10日,地区级,四川,绵阳,,,,,,,,,
2月10日,地区级,四川,南充,1.0,1.0,,,,,,,
2月10日,地区级,四川,内江,1.0,,,,,,,,
2月10日,地区级,四川,攀枝花,,,,,,,,,
2月10日,地区级,四川,遂宁,,,,,,,,,
2月10日,地区级,四川,雅安,,,,,,,,,
2月10日,地区级,四川,宜宾,,,,,,,,,
2月10日,地区级,四川,资阳,,,,,,,,,
2月10日,地区级,四川,自贡,,,,,,,,,
2月10日,省级,四川,,12.0,6.0,,,,,,82.0,1.0
2月10日,地区级,台湾,台湾,,,,,,,,,
2月10日,省级,台湾,,,,,,,,,1.0,
2月10日,地区级,天津,宝坻区,3.0,,,,,,,,
2月10日,地区级,天津,北辰区,,,,,,,,,
2月10日,地区级,天津,滨海新区,,,,,,,,,
2月10日,地区级,天津,东丽区,,,,,,,,,
2月10日,地区级,天津,和平区,,,,,,,,,
2月10日,地区级,天津,河北区,,1.0,,,,,,,
2月10日,地区级,天津,河东区,1.0,1.0,1.0,,,,,,
2月10日,地区级,天津,河西区,,1.0,,,,,,,
2月10日,地区级,天津,红桥区,,,,,,,,,
2月10日,地区级,天津,津南区,,,,,,,,,
2月10日,地区级,天津,南开区,,,,,,,,,
2月10日,地区级,天津,宁河区,,,,,,,,,
2月10日,地区级,天津,外地来津,,1.0,,,,,,,
2月10日,地区级,天津,武清区,,,,,,,,,
2月10日,地区级,天津,西青区,,,,,,,,,
2月10日,省级,天津,,4.0,4.0,1.0,,,,,8.0,2.0
2月10日,地区级,西藏,拉萨,,,,,,,,,
2月10日,省级,西藏,,,,,,,,,,
2月10日,地区级,香港,香港,6.0,,,,,,,,
2月10日,省级,香港,,6.0,,,,,,,1.0,1.0
2月10日,地区级,新疆,阿克苏,,,,,,,,,
2月10日,地区级,新疆,巴州,,,,,,,,,
2月10日,地区级,新疆,兵团第九师,,,,,,,,,
2月10日,地区级,新疆,兵团第十二师,,,,,,,,,
2月10日,地区级,新疆,兵团第四师,4.0,,,,,,,,
2月10日,地区级,新疆,昌吉州,1.0,,,,,,,,
2月10日,地区级,新疆,兵团第八师,1.0,,,,,,,,
2月10日,地区级,新疆,兵团第七师,,,,,,,,,
2月10日,地区级,新疆,兵团第六师,,,,,,,,,
2月10日,地区级,新疆,吐鲁番,,,,,,,,,
2月10日,地区级,新疆,乌鲁木齐,,,,,,,,,
2月10日,地区级,新疆,伊犁州,,,,,,,,,
2月10日,省级,新疆,,6.0,,,,,,,,
2月10日,地区级,云南,保山,,,,,,,,,
2月10日,地区级,云南,楚雄州,,,,,,,,,
2月10日,地区级,云南,大理,2.0,,,,,,,,
2月10日,地区级,云南,德宏州,,,,,,,,,
2月10日,地区级,云南,红河,1.0,,,,,,,,
2月10日,地区级,云南,昆明,3.0,,,,,,,,
2月10日,地区级,云南,丽江,,1.0,,,,,,,
2月10日,地区级,云南,临沧,,,,,,,,,
2月10日,地区级,云南,普洱,,,,,,,,,
2月10日,地区级,云南,曲靖,1.0,,,,,,,,
2月10日,地区级,云南,文山州,1.0,,,,,,,,
2月10日,地区级,云南,西双版纳州,,,,,,,,,
2月10日,地区级,云南,玉溪,,,,,,,,,
2月10日,地区级,云南,昭通,,,,,,,,,
2月10日,省级,云南,,8.0,1.0,,,,,,19.0,0.0
2月10日,地区级,浙江,杭州,2.0,7.0,,,,,,,
2月10日,地区级,浙江,湖州,,2.0,,,,,,,
2月10日,地区级,浙江,嘉兴,,2.0,,,,,,,
2月10日,地区级,浙江,金华,,1.0,,,,,,,
2月10日,地区级,浙江,丽水,,,,,,,,,
2月10日,地区级,浙江,宁波,2.0,3.0,,,,,,,
2月10日,地区级,浙江,衢州,6.0,2.0,,,,,,,
2月10日,地区级,浙江,绍兴,,4.0,,,,,,,
2月10日,地区级,浙江,台州,2.0,8.0,,,,,,,
2月10日,地区级,浙江,温州,10.0,21.0,,,,,,,
2月10日,地区级,浙江,舟山,3.0,,,,,,,,
2月10日,省级,浙江,,25.0,50.0,,,,,,251.0,
2月10日,地区级,重庆,巴南区,2.0,,,,,,,,
2月10日,地区级,重庆,北碚区,,,,,,,,,
2月10日,地区级,重庆,璧山区,,1.0,,,,,,,
2月10日,地区级,重庆,城口县,,,,,,,,,
2月10日,地区级,重庆,大渡口区,,,,,,,,,
2月10日,地区级,重庆,大足区,3.0,1.0,,,,,,,
2月10日,地区级,重庆,垫江县,,,,,,,,,
2月10日,地区级,重庆,丰都县,1.0,,,,,,,,
2月10日,地区级,重庆,奉节县,,,,,,,,,
2月10日,地区级,重庆,涪陵区,,,,,,,,,
2月10日,地区级,重庆,高新区,,,,,,,,,
2月10日,地区级,重庆,合川区,,1.0,,,,,,,
2月10日,地区级,重庆,江北区,1.0,,,,,,,,
2月10日,地区级,重庆,江津区,,,,,,,,,
2月10日,地区级,重庆,九龙坡区,,,,,,,,,
2月10日,地区级,重庆,开州区,,1.0,,,,,,,
2月10日,地区级,重庆,梁平区,,,,,,,,,
2月10日,地区级,重庆,两江新区,,,,,,,,,
2月10日,地区级,重庆,南岸区,1.0,,,,,,,,
2月10日,地区级,重庆,南川区,,,,,,,,,
2月10日,地区级,重庆,彭水县,,,,,,,,,
2月10日,地区级,重庆,綦江区,,,,,,,,,
2月10日,地区级,重庆,黔江区,,2.0,,,,,,,
2月10日,地区级,重庆,荣昌区,,,,,,,,,
2月10日,地区级,重庆,沙坪坝区,,,,,,,,,
2月10日,地区级,重庆,石柱县,2.0,2.0,,,,,,,
2月10日,地区级,重庆,铜梁区,,,,,,,,,
2月10日,地区级,重庆,潼南区,1.0,,,,,,,,
2月10日,地区级,重庆,万盛经开区,,,,,,,,,
2月10日,地区级,重庆,万州区,1.0,3.0,,,,,,,
2月10日,地区级,重庆,巫山县,1.0,,,,,,,,
2月10日,地区级,重庆,巫溪县,,,,,,,,,
2月10日,地区级,重庆,武隆区,,,,,,,,,
2月10日,地区级,重庆,秀山县,,,,,,,,,
2月10日,地区级,重庆,永川区,,,,,,,,,
2月10日,地区级,重庆,酉阳县,,,,,,,,,
2月10日,地区级,重庆,渝北区,2.0,,,,,,,,
2月10日,地区级,重庆,渝中区,,,,,,,,,
2月10日,地区级,重庆,云阳县,1.0,1.0,,,,,,,
2月10日,地区级,重庆,长寿区,1.0,,,,,,,,
2月10日,地区级,重庆,忠县,1.0,3.0,,,,,,,
2月10日,省级,重庆,,18.0,15.0,,,,,,66.0,2.0
2月10日,国家级,,,2478.0,716.0,108.0,-11.0,,,,,
2月10日,地区级,北京,昌平,1.0,,,,,,,,
2月10日,地区级,北京,朝阳,,,,,,,,,
2月10日,地区级,北京,大兴,,,,,,,,,
2月10日,地区级,北京,地区待确认,,4.0,1.0,,,,,,
2月10日,地区级,北京,东城,,,,,,,,,
2月10日,地区级,北京,房山,,,,,,,,,
2月10日,地区级,北京,丰台,,,,,,,,,
2月10日,地区级,北京,海淀,3.0,,,,,,,,
2月10日,地区级,北京,怀柔,,,,,,,,,
2月10日,地区级,北京,门头沟,,,,,,,,,
2月10日,地区级,北京,密云,,,,,,,,,
2月10日,地区级,北京,石景山,,,,,,,,,
2月10日,地区级,北京,顺义,,,,,,,,,
2月10日,地区级,北京,通州,1.0,,,,,,,,
2月10日,地区级,北京,外地来京,,,,,,,,,
2月10日,地区级,北京,西城,,,,,,,,,
2月10日,地区级,北京,延庆,,,,,,,,,
2月10日,省级,北京,,5.0,4.0,1.0,,,,,48.0,3.0
2月10日,地区级,河南,安阳,1.0,7.0,,,,,,,
2月10日,地区级,河南,地区待确认,,6.0,1.0,,,,,,
2月10日,地区级,河南,鹤壁,1.0,3.0,,,,,,,
2月10日,地区级,河南,济源示范区,,,,,,,,,
2月10日,地区级,河南,焦作,3.0,,,,,,,,
2月10日,地区级,河南,开封,1.0,,,,,,,,
2月10日,地区级,河南,洛阳,1.0,,,,,,,,
2月10日,地区级,河南,漯河,1.0,,,,,,,,
2月10日,地区级,河南,南阳,2.0,,,,,,,,
2月10日,地区级,河南,平顶山,2.0,,,,,,,,
2月10日,地区级,河南,濮阳,1.0,1.0,,,,,,,
2月10日,地区级,河南,三门峡,,,,,,,,,
2月10日,地区级,河南,商丘,3.0,,,,,,,,
2月10日,地区级,河南,新乡,2.0,,,,,,,,
2月10日,地区级,河南,信阳,8.0,6.0,,,,,,,
2月10日,地区级,河南,许昌,1.0,,,,,,,,
2月10日,地区级,河南,郑州,2.0,,,,,,,,
2月10日,地区级,河南,周口,,,,,,,,,
2月10日,地区级,河南,驻马店,3.0,6.0,,,,,,,
2月10日,省级,河南,,32.0,29.0,1.0,,,,,198.0,7.0
2月10日,地区级,广东,潮州,,,,,,,,,
2月10日,地区级,广东,地区待确认,,8.0,,,,,,,
2月10日,地区级,广东,东莞,2.0,1.0,,,,,,,
2月10日,地区级,广东,佛山,2.0,,,,,,,,
2月10日,地区级,广东,广州,4.0,7.0,,,,,,,
2月10日,地区级,广东,河源,,1.0,,,,,,,
2月10日,地区级,广东,惠州,3.0,3.0,,,,,,,
2月10日,地区级,广东,江门,1.0,1.0,,,,,,,
2月10日,地区级,广东,揭阳,1.0,,,,,,,,
2月10日,地区级,广东,茂名,1.0,,,,,,,,
2月10日,地区级,广东,梅州,,,,,,,,,
2月10日,地区级,广东,清远,,2.0,,,,,,,
2月10日,地区级,广东,汕头,,,,,,,,,
2月10日,地区级,广东,汕尾,,,,,,,,,
2月10日,地区级,广东,韶关,1.0,1.0,,,,,,,
2月10日,地区级,广东,深圳,7.0,10.0,,,,,,,
2月10日,地区级,广东,阳江,,,,,,,,,
2月10日,地区级,广东,湛江,,1.0,,,,,,,
2月10日,地区级,广东,肇庆,1.0,1.0,,,,,,,
2月10日,地区级,广东,中山,2.0,2.0,,,,,,,
2月10日,地区级,广东,珠海,1.0,,,,,,,,
2月10日,省级,广东,,26.0,38.0,,,,,,181.0,1.0
2月11日,省级,安徽,,29.0,20.0,,,,,,108.0,4.0
2月11日,地区级,安徽,合肥,7.0,7.0,,,,,,,
2月11日,地区级,安徽,蚌埠,7.0,,,,,,,,
2月11日,地区级,安徽,阜阳,6.0,4.0,,,,,,,
2月11日,地区级,安徽,亳州,5.0,,,,,,,,
2月11日,地区级,安徽,安庆,,,,,,,,,
2月11日,地区级,安徽,六安,,,,,,,,,
2月11日,地区级,安徽,马鞍山,,2.0,,,,,,,
2月11日,地区级,安徽,宿州,3.0,1.0,,,,,,,
2月11日,地区级,安徽,芜湖,,1.0,,,,,,,
2月11日,地区级,安徽,铜陵,,,,,,,,,
2月11日,地区级,安徽,淮北,,,,,,,,,
2月11日,地区级,安徽,淮南,,2.0,,,,,,,
2月11日,地区级,安徽,池州,1.0,,,,,,,,
2月11日,地区级,安徽,滁州,,1.0,,,,,,,
2月11日,地区级,安徽,黄山,,,,,,,,,
2月11日,地区级,安徽,宣城,,2.0,,,,,,,
2月11日,省级,澳门,,0.0,0.0,0.0,,,,,1.0,
2月11日,地区级,澳门,澳门,,,,,,,,,
2月11日,省级,福建,,5.0,7.0,,,,,,46.0,
2月11日,地区级,福建,福州,1.0,1.0,,,,,,,
2月11日,地区级,福建,莆田,1.0,4.0,,,,,,,
2月11日,地区级,福建,泉州,,,,,,,,,
2月11日,地区级,福建,厦门,1.0,1.0,,,,,,,
2月11日,地区级,福建,宁德,,,,,,,,,
2月11日,地区级,福建,南平,,1.0,,,,,,,
2月11日,地区级,福建,漳州,2.0,,,,,,,,
2月11日,地区级,福建,三明,,,,,,,,,
2月11日,地区级,福建,龙岩,,,,,,,,,
2月11日,省级,甘肃,,,3.0,,,,,,24.0,2.0
2月11日,地区级,甘肃,兰州,,,,,,,,,
2月11日,地区级,甘肃,天水,,1.0,,,,,,,
2月11日,地区级,甘肃,定西,,,,,,,,,
2月11日,地区级,甘肃,平凉,,,,,,,,,
2月11日,地区级,甘肃,甘南州,,1.0,,,,,,,
2月11日,地区级,甘肃,陇南,,,,,,,,,
2月11日,地区级,甘肃,白银,,,,,,,,,
2月11日,地区级,甘肃,庆阳,,1.0,,,,,,,
2月11日,地区级,甘肃,张掖,,,,,,,,,
2月11日,地区级,甘肃,临夏,,,,,,,,,
2月11日,省级,广西,,7.0,1.0,,,,,,31.0,1.0
2月11日,地区级,广西,南宁,3.0,1.0,,,,,,,
2月11日,地区级,广西,柳州,,,,,,,,,
2月11日,地区级,广西,桂林,1.0,,,,,,,,
2月11日,地区级,广西,梧州,,,,,,,,,
2月11日,地区级,广西,北海,3.0,,,,,,,,
2月11日,地区级,广西,防城港,,,,,,,,,
2月11日,地区级,广西,钦州,,,,,,,,,
2月11日,地区级,广西,贵港,,,,,,,,,
2月11日,地区级,广西,玉林,,,,,,,,,
2月11日,地区级,广西,百色,,,,,,,,,
2月11日,地区级,广西,贺州,,,,,,,,,
2月11日,地区级,广西,河池,,,,,,,,,
2月11日,地区级,广西,来宾,,,,,,,,,
2月11日,省级,贵州,,13.0,7.0,,,,,,17.0,1.0
2月11日,地区级,贵州,贵阳,,2.0,,,,,,,
2月11日,地区级,贵州,六盘水,,1.0,,,,,,,
2月11日,地区级,贵州,铜仁,1.0,,,,,,,,
2月11日,地区级,贵州,黔东南州,,1.0,,,,,,,
2月11日,地区级,贵州,遵义,2.0,,,,,,,,
2月11日,地区级,贵州,安顺,,,,,,,,,
2月11日,地区级,贵州,黔南州,9.0,,,,,,,,
2月11日,地区级,贵州,毕节,1.0,2.0,,,,,,,
2月11日,地区级,贵州,黔西南州,,1.0,,,,,,,
2月11日,省级,海南,,3.0,1.0,,,,,,20.0,3.0
2月11日,地区级,海南,三亚,1.0,,,,,,,,
2月11日,地区级,海南,海口,,1.0,,,,,,,
2月11日,地区级,海南,万宁,,,,,,,,,
2月11日,地区级,海南,儋州,,,,,,,,,
2月11日,地区级,海南,澄迈县,1.0,,,,,,,,
2月11日,地区级,海南,临高县,,,,,,,,,
2月11日,地区级,海南,琼海,,,,,,,,,
2月11日,地区级,海南,昌江县,1.0,,,,,,,,
2月11日,地区级,海南,陵水县,,,,,,,,,
2月11日,地区级,海南,保亭,,,,,,,,,
2月11日,地区级,海南,文昌,,,,,,,,,
2月11日,地区级,海南,东方,,,,,,,,,
2月11日,地区级,海南,定安县,,,,,,,,,
2月11日,地区级,海南,乐东,,,,,,,,,
2月11日,地区级,海南,琼中县,,,,,,,,,
2月11日,省级,河北,,12.0,7.0,,,,,,48.0,
2月11日,地区级,河北,沧州,5.0,2.0,,,,,,,
2月11日,地区级,河北,唐山,2.0,1.0,,,,,,,
2月11日,地区级,河北,邯郸,2.0,,,,,,,,
2月11日,地区级,河北,保定,1.0,,,,,,,,
2月11日,地区级,河北,石家庄,,,,,,,,,
2月11日,地区级,河北,廊坊,2.0,3.0,,,,,,,
2月11日,地区级,河北,邢台,,1.0,,,,,,,
2月11日,地区级,河北,张家口,,,,,,,,,
2月11日,地区级,河北,衡水,,,,,,,,,
2月11日,地区级,河北,承德,,,,,,,,,
2月11日,地区级,河北,秦皇岛,,,,,,,,,
2月11日,省级,黑龙江,,18.0,1.0,,,,,,28.0,8.0
2月11日,地区级,黑龙江,哈尔滨,4.0,,,,,,,,
2月11日,地区级,黑龙江,双鸭山,1.0,,,,,,,,
2月11日,地区级,黑龙江,绥化,4.0,,,,,,,,
2月11日,地区级,黑龙江,鸡西,5.0,,,,,,,,
2月11日,地区级,黑龙江,齐齐哈尔,1.0,1.0,,,,,,,
2月11日,地区级,黑龙江,七台河,,,,,,,,,
2月11日,地区级,黑龙江,佳木斯,,,,,,,,,
2月11日,地区级,黑龙江,大庆,1.0,,,,,,,,
2月11日,地区级,黑龙江,牡丹江,,,,,,,,,
2月11日,地区级,黑龙江,鹤岗,,,,,,,,,
2月11日,地区级,黑龙江,黑河,2.0,,,,,,,,
2月11日,地区级,黑龙江,大兴安岭,,,,,,,,,
2月11日,省级,湖北,,1638.0,417.0,94.0,,,,,2639.0,1068.0
2月11日,地区级,湖北,武汉,1104.0,171.0,72.0,,,,,,
2月11日,地区级,湖北,孝感,109.0,40.0,4.0,,,,,,
2月11日,地区级,湖北,黄冈,66.0,59.0,2.0,,,,,,
2月11日,地区级,湖北,随州,34.0,25.0,0.0,,,,,,
2月11日,地区级,湖北,荆州,35.0,24.0,4.0,,,,,,
2月11日,地区级,湖北,襄阳,25.0,11.0,,,,,,,
2月11日,地区级,湖北,黄石,39.0,14.0,1.0,,,,,,
2月11日,地区级,湖北,宜昌,12.0,10.0,,,,,,,
2月11日,地区级,湖北,荆门,40.0,12.0,3.0,,,,,,
2月11日,地区级,湖北,鄂州,71.0,11.0,2.0,,,,,,
2月11日,地区级,湖北,咸宁,10.0,14.0,1.0,,,,,,
2月11日,地区级,湖北,十堰,31.0,11.0,,,,,,,
2月11日,地区级,湖北,仙桃,22.0,2.0,2.0,,,,,,
2月11日,地区级,湖北,天门,32.0,,,,,,,,
2月11日,地区级,湖北,恩施州,8.0,7.0,1.0,,,,,,
2月11日,地区级,湖北,潜江,,5.0,2.0,,,,,,
2月11日,地区级,湖北,神农架,,1.0,,,,,,,
2月11日,省级,湖南,,34.0,50.0,1.0,,,,,263.0,2.0
2月11日,地区级,湖南,长沙,4.0,9.0,,,,,,,
2月11日,地区级,湖南,岳阳,12.0,3.0,,,,,,,
2月11日,地区级,湖南,邵阳,3.0,3.0,1.0,,,,,,
2月11日,地区级,湖南,常德,2.0,3.0,,,,,,,
2月11日,地区级,湖南,娄底,,6.0,,,,,,,
2月11日,地区级,湖南,株洲,3.0,1.0,,,,,,,
2月11日,地区级,湖南,益阳,4.0,6.0,,,,,,,
2月11日,地区级,湖南,衡阳,,7.0,,,,,,,
2月11日,地区级,湖南,永州,1.0,5.0,,,,,,,
2月11日,地区级,湖南,怀化,,6.0,,,,,,,
2月11日,地区级,湖南,郴州,5.0,1.0,,,,,,,
2月11日,地区级,湖南,湘潭,,,,,,,,,
2月11日,地区级,湖南,湘西自治州,,,,,,,,,
2月11日,地区级,湖南,张家界,,,,,,,,,
2月11日,省级,吉林,,2.0,5.0,,,,,,18.0,1.0
2月11日,地区级,吉林,长春,2.0,5.0,,,,,,,
2月11日,地区级,吉林,四平,,,,,,,,,
2月11日,地区级,吉林,辽源,,,,,,,,,
2月11日,地区级,吉林,吉林,,,,,,,,,
2月11日,地区级,吉林,延边,,,,,,,,,
2月11日,地区级,吉林,通化,,,,,,,,,
2月11日,地区级,吉林,松原,,,,,,,,,
2月11日,地区级,吉林,白城,,,,,,,,,
2月11日,省级,江苏,,28.0,10.0,,,,,,94.0,
2月11日,地区级,江苏,南京,3.0,,,,,,,,
2月11日,地区级,江苏,苏州,4.0,,,,,,,,
2月11日,地区级,江苏,徐州,3.0,,,,,,,,
2月11日,地区级,江苏,淮安,1.0,1.0,,,,,,,
2月11日,地区级,江苏,无锡,3.0,,,,,,,,
2月11日,地区级,江苏,连云港,2.0,1.0,,,,,,,
2月11日,地区级,江苏,南通,2.0,,,,,,,,
2月11日,地区级,江苏,泰州,2.0,1.0,,,,,,,
2月11日,地区级,江苏,常州,5.0,,,,,,,,
2月11日,地区级,江苏,扬州,,3.0,,,,,,,
2月11日,地区级,江苏,盐城,3.0,,,,,,,,
2月11日,地区级,江苏,镇江,,1.0,,,,,,,
2月11日,地区级,江苏,宿迁,,3.0,,,,,,,
2月11日,省级,江西,,40.0,25.0,,,,,,152.0,1.0
2月11日,地区级,江西,南昌,10.0,7.0,,-1.0,,,,,
2月11日,地区级,江西,新余,7.0,4.0,,,,,,,
2月11日,地区级,江西,上饶,5.0,2.0,,,,,,,
2月11日,地区级,江西,九江,4.0,1.0,,,,,,,
2月11日,地区级,江西,宜春,5.0,6.0,,,,,,,
2月11日,地区级,江西,赣州,,1.0,,,,,,,
2月11日,地区级,江西,抚州,1.0,2.0,,,,,,,
2月11日,地区级,江西,萍乡,3.0,1.0,,,,,,,
2月11日,地区级,江西,吉安,1.0,1.0,,1.0,,,,,
2月11日,地区级,江西,鹰潭,4.0,,,,,,,,
2月11日,地区级,江西,景德镇,,,,,,,,,
2月11日,地区级,江西,赣江新区,,,,,,,,,
2月11日,省级,辽宁,,8.0,7.0,,,,,,19.0,0.0
2月11日,地区级,辽宁,沈阳,2.0,2.0,,,,,,,
2月11日,地区级,辽宁,大连,,1.0,,,,,,,
2月11日,地区级,辽宁,锦州,1.0,,,,,,,,
2月11日,地区级,辽宁,盘锦,,,,,,,,,
2月11日,地区级,辽宁,葫芦岛,2.0,,,,,,,,
2月11日,地区级,辽宁,阜新,,,,,,,,,
2月11日,地区级,辽宁,丹东,,,,,,,,,
2月11日,地区级,辽宁,朝阳市,,2.0,,,,,,,
2月11日,地区级,辽宁,铁岭,3.0,1.0,,,,,,,
2月11日,地区级,辽宁,辽阳,,,,,,,,,
2月11日,地区级,辽宁,鞍山,,,,,,,,,
2月11日,地区级,辽宁,本溪,,,,,,,,,
2月11日,地区级,辽宁,营口,,1.0,,,,,,,
2月11日,省级,内蒙古,,2.0,,,,,,,5.0,0.0
2月11日,地区级,内蒙古,包头,,,,,,,,,
2月11日,地区级,内蒙古,鄂尔多斯,,,,,,,,,
2月11日,地区级,内蒙古,呼和浩特,,,,,,,,,
2月11日,地区级,内蒙古,通辽,,,,,,,,,
2月11日,地区级,内蒙古,巴彦淖尔,,,,,,,,,
2月11日,地区级,内蒙古,呼伦贝尔,1.0,,,,,,,,
2月11日,地区级,内蒙古,赤峰,1.0,,,,,,,,
2月11日,地区级,内蒙古,乌兰察布,,,,,,,,,
2月11日,地区级,内蒙古,锡林郭勒,,,,,,,,,
2月11日,地区级,内蒙古,乌海,,,,,,,,,
2月11日,省级,宁夏,,5.0,8.0,,,,,,22.0,0.0
2月11日,地区级,宁夏,银川,1.0,5.0,,,,,,,
2月11日,地区级,宁夏,吴忠,4.0,2.0,,,,,,,
2月11日,地区级,宁夏,固原,,,,,,,,,
2月11日,地区级,宁夏,中卫,,,,,,,,,
2月11日,地区级,宁夏,石嘴山,,1.0,,,,,,,
2月11日,省级,青海,,,2.0,,,,,,5.0,0.0
2月11日,地区级,青海,西宁,,2.0,,,,,,,
2月11日,地区级,青海,海北州,,,,,,,,,
2月11日,省级,山东,,11.0,9.0,,,,,,80.0,1.0
2月11日,地区级,山东,青岛,,1.0,,,,,,,
2月11日,地区级,山东,济南,1.0,,,,,,,,
2月11日,地区级,山东,临沂,1.0,1.0,,,,,,,
2月11日,地区级,山东,济宁,1.0,1.0,,,,,,,
2月11日,地区级,山东,烟台,2.0,,,,,,,,
2月11日,地区级,山东,潍坊,,3.0,,,,,,,
2月11日,地区级,山东,威海,1.0,,,,,,,,
2月11日,地区级,山东,聊城,1.0,,,,,,,,
2月11日,地区级,山东,德州,1.0,,,,,,,,
2月11日,地区级,山东,泰安,,,,,,,,,
2月11日,地区级,山东,枣庄,,2.0,,,,,,,
2月11日,地区级,山东,淄博,1.0,,,,,,,,
2月11日,地区级,山东,菏泽,1.0,,,,,,,,
2月11日,地区级,山东,日照,,,,,,,,,
2月11日,地区级,山东,滨州,1.0,1.0,,,,,,,
2月11日,省级,山西,,2.0,4.0,,,,,,30.0,0.0
2月11日,地区级,山西,运城,,2.0,,,,,,,
2月11日,地区级,山西,晋中,1.0,,,,,,,,
2月11日,地区级,山西,太原,,,,,,,,,
2月11日,地区级,山西,大同,,,,,,,,,
2月11日,地区级,山西,晋城,,,,,,,,,
2月11日,地区级,山西,长治,1.0,,,,,,,,
2月11日,地区级,山西,忻州,,,,,,,,,
2月11日,地区级,山西,吕梁,,2.0,,,,,,,
2月11日,地区级,山西,朔州,,,,,,,,,
2月11日,地区级,山西,阳泉,,,,,,,,,
2月11日,地区级,山西,临汾,,,,,,,,,
2月11日,省级,陕西,,6.0,5.0,,,,,,36.0,0.0
2月11日,地区级,陕西,西安,6.0,3.0,,,,,,,
2月11日,地区级,陕西,安康,,,,,,,,,
2月11日,地区级,陕西,汉中,,1.0,,,,,,,
2月11日,地区级,陕西,咸阳,,,,,,,,,
2月11日,地区级,陕西,渭南,,,,,,,,,
2月11日,地区级,陕西,宝鸡,,,,,,,,,
2月11日,地区级,陕西,延安,,1.0,,,,,,,
2月11日,地区级,陕西,铜川,,,,,,,,,
2月11日,地区级,陕西,商洛,,,,,,,,,
2月11日,地区级,陕西,榆林,,,,,,,,,
2月11日,省级,上海,,4.0,5.0,,,,,,53.0,1.0
2月11日,地区级,上海,外地来沪,2.0,3.0,,,,,,,
2月11日,地区级,上海,浦东,,1.0,,,,,,,
2月11日,地区级,上海,宝山,,,,,,,,,
2月11日,地区级,上海,闵行,,,,,,,,,
2月11日,地区级,上海,静安,,,,,,,,,
2月11日,地区级,上海,徐汇,,,,,,,,,
2月11日,地区级,上海,松江,,1.0,,,,,,,
2月11日,地区级,上海,长宁,1.0,,,,,,,,
2月11日,地区级,上海,奉贤,,,,,,,,,
2月11日,地区级,上海,普陀,,,,,,,,,
2月11日,地区级,上海,嘉定,,,,,,,,,
2月11日,地区级,上海,虹口,,,,,,,,,
2月11日,地区级,上海,杨浦,,,,,,,,,
2月11日,地区级,上海,黄浦,1.0,,,,,,,,
2月11日,地区级,上海,青浦,,,,,,,,,
2月11日,地区级,上海,金山,,,,,,,,,
2月11日,地区级,上海,崇明,,,,,,,,,
2月11日,省级,四川,,19.0,3.0,,,,,,85.0,1.0
2月11日,地区级,四川,成都,1.0,,,,,,,,
2月11日,地区级,四川,南充,,,,,,,,,
2月11日,地区级,四川,广安,,,,,,,,,
2月11日,地区级,四川,达州,3.0,,,,,,,,
2月11日,地区级,四川,甘孜,9.0,,,,,,,,
2月11日,地区级,四川,巴中,,,,,,,,,
2月11日,地区级,四川,绵阳,1.0,,,,,,,,
2月11日,地区级,四川,内江,2.0,,,,,,,,
2月11日,地区级,四川,泸州,1.0,,,,,,,,
2月11日,地区级,四川,德阳,,,,,,,,,
2月11日,地区级,四川,攀枝花,,3.0,,,,,,,
2月11日,地区级,四川,遂宁,,,,,,,,,
2月11日,地区级,四川,凉山,,,,,,,,,
2月11日,地区级,四川,宜宾,1.0,,,,,,,,
2月11日,地区级,四川,自贡,,,,,,,,,
2月11日,地区级,四川,眉山,1.0,,,,,,,,
2月11日,地区级,四川,广元,,,,,,,,,
2月11日,地区级,四川,雅安,,,,,,,,,
2月11日,地区级,四川,乐山,,,,,,,,,
2月11日,地区级,四川,资阳,,,,,,,,,
2月11日,地区级,四川,阿坝,,,,,,,,,
2月11日,省级,台湾,,0.0,0.0,0.0,,,,,1.0,
2月11日,地区级,台湾,台湾,,,,,,,,,
2月11日,省级,天津,,11.0,2.0,,,,,,10.0,2.0
2月11日,地区级,天津,宝坻区,4.0,1.0,,,,,,,
2月11日,地区级,天津,河北区,1.0,,,,,,,,
2月11日,地区级,天津,河东区,2.0,,,,,,,,
2月11日,地区级,天津,外地来津,,,,,,,,,
2月11日,地区级,天津,和平区,,,,,,,,,
2月11日,地区级,天津,河西区,,,,,,,,,
2月11日,地区级,天津,宁河区,,,,,,,,,
2月11日,地区级,天津,西青区,,1.0,,,,,,,
2月11日,地区级,天津,东丽区,,,,,,,,,
2月11日,地区级,天津,滨海新区,,,,,,,,,
2月11日,地区级,天津,南开区,1.0,,,,,,,,
2月11日,地区级,天津,红桥区,,,,,,,,,
2月11日,地区级,天津,北辰区,3.0,,,,,,,,
2月11日,地区级,天津,津南区,,,,,,,,,
2月11日,地区级,天津,武清区,,,,,,,,,
2月11日,省级,西藏,,,1.0,,,,,,1.0,
2月11日,地区级,西藏,拉萨,,1.0,,,,,,,
2月11日,省级,香港,,7.0,,,,,,,1.0,1.0
2月11日,地区级,香港,香港,7.0,,,,,,,,
2月11日,省级,新疆,,4.0,3.0,,,,,,3.0,0.0
2月11日,地区级,新疆,乌鲁木齐,,2.0,,,,,,,
2月11日,地区级,新疆,伊犁州,2.0,,,,,,,,
2月11日,地区级,新疆,兵团第九师,,,,,,,,,
2月11日,地区级,新疆,昌吉州,,,,,,,,,
2月11日,地区级,新疆,巴州,,,,,,,,,
2月11日,地区级,新疆,兵团第四师,2.0,,,,,,,,
2月11日,地区级,新疆,兵团第十二师,,,,,,,,,
2月11日,地区级,新疆,兵团第六师,,,,,,,,,
2月11日,地区级,新疆,阿克苏,,,,,,,,,
2月11日,地区级,新疆,兵团第八师,,,,,,,,,
2月11日,地区级,新疆,兵团第七师,,,,,,,,,
2月11日,地区级,新疆,吐鲁番,,1.0,,,,,,,
2月11日,省级,云南,,5.0,1.0,,,,,,20.0,0.0
2月11日,地区级,云南,昆明,1.0,,,,,,,,
2月11日,地区级,云南,西双版纳州,,,,,,,,,
2月11日,地区级,云南,玉溪,,1.0,,,,,,,
2月11日,地区级,云南,大理,,,,,,,,,
2月11日,地区级,云南,昭通,2.0,,,,,,,,
2月11日,地区级,云南,曲靖,1.0,,,,,,,,
2月11日,地区级,云南,保山,,,,,,,,,
2月11日,地区级,云南,丽江,,,,,,,,,
2月11日,地区级,云南,红河,1.0,,,,,,,,
2月11日,地区级,云南,德宏州,,,,,,,,,
2月11日,地区级,云南,普洱,,,,,,,,,
2月11日,地区级,云南,楚雄州,,,,,,,,,
2月11日,地区级,云南,文山州,,,,,,,,,
2月11日,地区级,云南,临沧,,,,,,,,,
2月11日,省级,浙江,,14.0,28.0,,,,,,279.0,
2月11日,地区级,浙江,温州,7.0,8.0,,,,,,,
2月11日,地区级,浙江,杭州,2.0,3.0,,,,,,,
2月11日,地区级,浙江,宁波,2.0,6.0,,,,,,,
2月11日,地区级,浙江,台州,,3.0,,,,,,,
2月11日,地区级,浙江,金华,1.0,3.0,,,,,,,
2月11日,地区级,浙江,绍兴,,1.0,,,,,,,
2月11日,地区级,浙江,嘉兴,2.0,1.0,,,,,,,
2月11日,地区级,浙江,丽水,,2.0,,,,,,,
2月11日,地区级,浙江,衢州,,,,,,,,,
2月11日,地区级,浙江,湖州,,1.0,,,,,,,
2月11日,地区级,浙江,舟山,,,,,,,,,
2月11日,省级,重庆,,19.0,13.0,1.0,,,,,79.0,3.0
2月11日,地区级,重庆,万州区,3.0,3.0,,,,,,,
2月11日,地区级,重庆,江北区,,1.0,,,,,,,
2月11日,地区级,重庆,垫江县,,,,,,,,,
2月11日,地区级,重庆,云阳县,,,,,,,,,
2月11日,地区级,重庆,九龙坡区,,,,,,,,,
2月11日,地区级,重庆,渝中区,,,,,,,,,
2月11日,地区级,重庆,忠县,,,,,,,,,
2月11日,地区级,重庆,合川区,2.0,,,,,,,,
2月11日,地区级,重庆,开州区,2.0,4.0,1.0,,,,,,
2月11日,地区级,重庆,两江新区,,1.0,,,,,,,
2月11日,地区级,重庆,长寿区,,,,,,,,,
2月11日,地区级,重庆,綦江区,1.0,,,,,,,,
2月11日,地区级,重庆,奉节县,3.0,1.0,,,,,,,
2月11日,地区级,重庆,渝北区,,,,,,,,,
2月11日,地区级,重庆,潼南区,1.0,,,,,,,,
2月11日,地区级,重庆,大足区,,,,,,,,,
2月11日,地区级,重庆,巫溪县,1.0,2.0,,,,,,,
2月11日,地区级,重庆,石柱县,,1.0,,,,,,,
2月11日,地区级,重庆,巫山县,,,,,,,,,
2月11日,地区级,重庆,丰都县,,,,,,,,,
2月11日,地区级,重庆,璧山区,,,,,,,,,
2月11日,地区级,重庆,荣昌区,,,,,,,,,
2月11日,地区级,重庆,铜梁区,,,,,,,,,
2月11日,地区级,重庆,南岸区,,,,,,,,,
2月11日,地区级,重庆,大渡口区,,,,,,,,,
2月11日,地区级,重庆,永川区,,,,,,,,,
2月11日,地区级,重庆,巴南区,,,,,,,,,
2月11日,地区级,重庆,江津区,,,,,,,,,
2月11日,地区级,重庆,高新区,,,,,,,,,
2月11日,地区级,重庆,梁平区,,,,,,,,,
2月11日,地区级,重庆,涪陵区,,,,,,,,,
2月11日,地区级,重庆,沙坪坝区,6.0,,,,,,,,
2月11日,地区级,重庆,城口县,,,,,,,,,
2月11日,地区级,重庆,彭水县,,,,,,,,,
2月11日,地区级,重庆,黔江区,,,,,,,,,
2月11日,地区级,重庆,万盛经开区,,,,,,,,,
2月11日,地区级,重庆,酉阳县,,,,,,,,,
2月11日,地区级,重庆,武隆区,,,,,,,,,
2月11日,地区级,重庆,秀山县,,,,,,,,,
2月11日,国家级,,,2015.0,744.0,97.0,,,,,,
2月11日,省级,北京,,10.0,8.0,,,,,,56.0,3.0
2月11日,地区级,北京,朝阳,,,,,,,,,
2月11日,地区级,北京,海淀,,,,-1.0,,,,,
2月11日,地区级,北京,西城,3.0,,,1.0,,,,,
2月11日,地区级,北京,大兴,1.0,,,,,,,,
2月11日,地区级,北京,丰台,2.0,,,,,,,,
2月11日,地区级,北京,外地来京,,,,,,,,,
2月11日,地区级,北京,昌平,,,,,,,,,
2月11日,地区级,北京,通州,,,,,,,,,
2月11日,地区级,北京,房山,,,,,,,,,
2月11日,地区级,北京,石景山,,,,,,,,,
2月11日,地区级,北京,顺义,,,,,,,,,
2月11日,地区级,北京,东城,3.0,,,,,,,,
2月11日,地区级,北京,怀柔,,,,,,,,,
2月11日,地区级,北京,密云,1.0,,,,,,,,
2月11日,地区级,北京,门头沟,,,,,,,,,
2月11日,地区级,北京,延庆,,,,,,,,,
2月11日,地区级,北京,地区待确认,,8.0,,,,,,,
2月11日,省级,河南,,30.0,33.0,1.0,,,,,231.0,8.0
2月11日,地区级,河南,信阳,3.0,4.0,,,,,,,
2月11日,地区级,河南,南阳,2.0,,,,,,,,
2月11日,地区级,河南,郑州,5.0,,,,,,,,
2月11日,地区级,河南,驻马店,2.0,1.0,,,,,,,
2月11日,地区级,河南,商丘,0.0,,,,,,,,
2月11日,地区级,河南,周口,1.0,,,,,,,,
2月11日,地区级,河南,平顶山,1.0,2.0,,,,,,,
2月11日,地区级,河南,新乡,5.0,,1.0,,,,,,
2月11日,地区级,河南,安阳,3.0,,,,,,,,
2月11日,地区级,河南,许昌,2.0,,,,,,,,
2月11日,地区级,河南,漯河,2.0,,,,,,,,
2月11日,地区级,河南,洛阳,1.0,,,,,,,,
2月11日,地区级,河南,焦作,0.0,2.0,,,,,,,
2月11日,地区级,河南,开封,0.0,,,,,,,,
2月11日,地区级,河南,鹤壁,1.0,,,,,,,,
2月11日,地区级,河南,濮阳,2.0,,,,,,,,
2月11日,地区级,河南,三门峡,,,,,,,,,
2月11日,地区级,河南,济源示范区,,,,,,,,,
2月11日,地区级,河南,地区待确认,,24.0,,,,,,,
2月11日,省级,广东,,42.0,60.0,,,,,,241.0,1.0
2月11日,地区级,广东,深圳,11.0,10.0,,,,,,,
2月11日,地区级,广东,广州,6.0,21.0,,,,,,,
2月11日,地区级,广东,珠海,1.0,,,,,,,,
2月11日,地区级,广东,佛山,8.0,11.0,,,,,,,
2月11日,地区级,广东,东莞,5.0,3.0,,,,,,,
2月11日,地区级,广东,中山,4.0,5.0,,,,,,,
2月11日,地区级,广东,惠州,1.0,,,,,,,,
2月11日,地区级,广东,汕头,,,,,,,,,
2月11日,地区级,广东,湛江,,2.0,,,,,,,
2月11日,地区级,广东,江门,1.0,,,,,,,,
2月11日,地区级,广东,肇庆,1.0,3.0,,,,,,,
2月11日,地区级,广东,梅州,,,,,,,,,
2月11日,地区级,广东,阳江,,,,,,,,,
2月11日,地区级,广东,茂名,2.0,,,,,,,,
2月11日,地区级,广东,清远,2.0,,,,,,,,
2月11日,地区级,广东,揭阳,,2.0,,,,,,,
2月11日,地区级,广东,韶关,,,,,,,,,
2月11日,地区级,广东,潮州,,,,,,,,,
2月11日,地区级,广东,汕尾,,,,,,,,,
2月11日,地区级,广东,河源,,,,,,,,,
2月11日,地区级,广东,地区待确认,,3.0,,,,,,,
2月12日,省级,安徽,,22.0,20.0,1.0,-1.0,,,,128.0,5.0
2月12日,地区级,安徽,合肥,4.0,6.0,,,,,,,
2月12日,地区级,安徽,蚌埠,5.0,,1.0,,,,,,
2月12日,地区级,安徽,阜阳,4.0,,,,,,,,
2月12日,地区级,安徽,亳州,3.0,5.0,,,,,,,
2月12日,地区级,安徽,安庆,,,,,,,,,
2月12日,地区级,安徽,六安,1.0,,,,,,,,
2月12日,地区级,安徽,马鞍山,,2.0,,,,,,,
2月12日,地区级,安徽,宿州,2.0,4.0,,,,,,,
2月12日,地区级,安徽,芜湖,,,,,,,,,
2月12日,地区级,安徽,铜陵,1.0,2.0,,,,,,,
2月12日,地区级,安徽,淮北,1.0,1.0,,,,,,,
2月12日,地区级,安徽,淮南,,,,-1.0,,,,,
2月12日,地区级,安徽,池州,,,,,,,,,
2月12日,地区级,安徽,滁州,1.0,,,,,,,,
2月12日,地区级,安徽,黄山,,,,,,,,,
2月12日,地区级,安徽,宣城,,,,,,,,,
2月12日,省级,澳门,,,1.0,,,,,,2.0,0.0
2月12日,地区级,澳门,澳门,,1.0,,,,,,,
2月12日,省级,福建,,7.0,8.0,,,,,,54.0,0.0
2月12日,地区级,福建,福州,,2.0,,,,,,,
2月12日,地区级,福建,莆田,2.0,2.0,,,,,,,
2月12日,地区级,福建,泉州,1.0,2.0,,,,,,,
2月12日,地区级,福建,厦门,2.0,,,,,,,,
2月12日,地区级,福建,宁德,1.0,1.0,,,,,,,
2月12日,地区级,福建,南平,1.0,,,,,,,,
2月12日,地区级,福建,漳州,,1.0,,,,,,,
2月12日,地区级,福建,三明,,,,,,,,,
2月12日,地区级,福建,龙岩,,,,,,,,,
2月12日,省级,甘肃,,1.0,7.0,,,,,,31.0,2.0
2月12日,地区级,甘肃,兰州,,1.0,,,,,,,
2月12日,地区级,甘肃,天水,,4.0,,,,,,,
2月12日,地区级,甘肃,定西,,,,,,,,,
2月12日,地区级,甘肃,平凉,,1.0,,,,,,,
2月12日,地区级,甘肃,甘南州,1.0,,,,,,,,
2月12日,地区级,甘肃,白银,,,,,,,,,
2月12日,地区级,甘肃,陇南,,1.0,,,,,,,
2月12日,地区级,甘肃,庆阳,,,,,,,,,
2月12日,地区级,甘肃,临夏,,,,,,,,,
2月12日,地区级,甘肃,张掖,,,,,,,,,
2月12日,地区级,甘肃,金昌,,,,,,,,,
2月12日,地区级,甘肃,嘉峪关,,,,,,,,,
2月12日,地区级,甘肃,酒泉,,,,,,,,,
2月12日,地区级,甘肃,武威,,,,,,,,,
2月12日,省级,广西,,,2.0,1.0,,,,,33.0,2.0
2月12日,地区级,广西,南宁,,1.0,,,,,,,
2月12日,地区级,广西,柳州,,1.0,,,,,,,
2月12日,地区级,广西,桂林,,,,,,,,,
2月12日,地区级,广西,梧州,,,,,,,,,
2月12日,地区级,广西,北海,,,1.0,,,,,,
2月12日,地区级,广西,防城港,,,,,,,,,
2月12日,地区级,广西,钦州,,,,,,,,,
2月12日,地区级,广西,贵港,,,,,,,,,
2月12日,地区级,广西,玉林,,,,,,,,,
2月12日,地区级,广西,百色,,,,,,,,,
2月12日,地区级,广西,贺州,,,,,,,,,
2月12日,地区级,广西,河池,,,,,,,,,
2月12日,地区级,广西,来宾,,,,,,,,,
2月12日,省级,贵州,,4.0,3.0,,,,,,20.0,1.0
2月12日,地区级,贵州,贵阳,4.0,,,,,,,,
2月12日,地区级,贵州,六盘水,,,,,,,,,
2月12日,地区级,贵州,铜仁,,,,,,,,,
2月12日,地区级,贵州,黔东南州,,1.0,,,,,,,
2月12日,地区级,贵州,遵义,,,,,,,,,
2月12日,地区级,贵州,安顺,,,,,,,,,
2月12日,地区级,贵州,黔南州,,,,,,,,,
2月12日,地区级,贵州,毕节,,,,,,,,,
2月12日,地区级,贵州,黔西南州,,2.0,,,,,,,
2月12日,省级,海南,,12.0,7.0,1.0,,,,,27.0,4.0
2月12日,地区级,海南,三亚,8.0,,,,,,,,
2月12日,地区级,海南,海口,,1.0,,,,,,,
2月12日,地区级,海南,万宁,,1.0,,,,,,,
2月12日,地区级,海南,儋州,4.0,1.0,,,,,,,
2月12日,地区级,海南,澄迈县,,,,,,,,,
2月12日,地区级,海南,临高县,,1.0,,,,,,,
2月12日,地区级,海南,琼海,,,,,,,,,
2月12日,地区级,海南,昌江县,,,,,,,,,
2月12日,地区级,海南,陵水县,,,,,,,,,
2月12日,地区级,海南,保亭,,,,,,,,,
2月12日,地区级,海南,文昌,,1.0,,,,,,,
2月12日,地区级,海南,东方,,1.0,,,,,,,
2月12日,地区级,海南,定安县,,1.0,1.0,,,,,,
2月12日,地区级,海南,乐东,,,,,,,,,
2月12日,地区级,海南,琼中县,,,,,,,,,
2月12日,省级,河北,,14.0,6.0,1.0,,,,,54.0,3.0
2月12日,地区级,河北,沧州,5.0,,1.0,,,,,,
2月12日,地区级,河北,唐山,2.0,,,,,,,,
2月12日,地区级,河北,邯郸,2.0,2.0,,,,,,,
2月12日,地区级,河北,保定,,2.0,,,,,,,
2月12日,地区级,河北,石家庄,,,,,,,,,
2月12日,地区级,河北,廊坊,1.0,,,,,,,,
2月12日,地区级,河北,邢台,,,,,,,,,
2月12日,地区级,河北,张家口,4.0,1.0,,,,,,,
2月12日,地区级,河北,衡水,,,,,,,,,
2月12日,地区级,河北,承德,,,,,,,,,
2月12日,地区级,河北,秦皇岛,,1.0,,,,,,,
2月12日,省级,黑龙江,,17.0,3.0,1.0,,,,,31.0,9.0
2月12日,地区级,黑龙江,哈尔滨,9.0,,1.0,,,,,,
2月12日,地区级,黑龙江,双鸭山,,,,,,,,,
2月12日,地区级,黑龙江,绥化,2.0,,,,,,,,
2月12日,地区级,黑龙江,鸡西,1.0,,,,,,,,
2月12日,地区级,黑龙江,齐齐哈尔,,3.0,,,,,,,
2月12日,地区级,黑龙江,七台河,1.0,,,,,,,,
2月12日,地区级,黑龙江,佳木斯,,,,,,,,,
2月12日,地区级,黑龙江,大庆,,,,,,,,,
2月12日,地区级,黑龙江,牡丹江,,,,,,,,,
2月12日,地区级,黑龙江,鹤岗,,,,,,,,,
2月12日,地区级,黑龙江,黑河,4.0,,,,,,,,
2月12日,地区级,黑龙江,大兴安岭,,,,,,,,,
2月12日,省级,湖北,,14840.0,802.0,242.0,,,,,3441.0,1310.0
2月12日,地区级,湖北,武汉,13436.0,538.0,216.0,,,,,,
2月12日,地区级,湖北,孝感,123.0,28.0,4.0,,,,,,
2月12日,地区级,湖北,黄冈,264.0,89.0,4.0,,,,,,
2月12日,地区级,湖北,随州,31.0,11.0,2.0,,,,,,
2月12日,地区级,湖北,荆州,321.0,22.0,2.0,,,,,,
2月12日,地区级,湖北,襄阳,13.0,6.0,1.0,,,,,,
2月12日,地区级,湖北,黄石,37.0,17.0,3.0,,,,,,
2月12日,地区级,湖北,宜昌,26.0,10.0,3.0,,,,,,
2月12日,地区级,湖北,荆门,231.0,11.0,,,,,,,
2月12日,地区级,湖北,鄂州,204.0,23.0,2.0,,,,,,
2月12日,地区级,湖北,咸宁,9.0,19.0,1.0,,,,,,
2月12日,地区级,湖北,十堰,26.0,11.0,,,,,,,
2月12日,地区级,湖北,仙桃,20.0,5.0,3.0,,,,,,
2月12日,地区级,湖北,天门,69.0,1.0,,,,,,,
2月12日,地区级,湖北,恩施州,26.0,10.0,1.0,,,,,,
2月12日,地区级,湖北,潜江,4.0,,,,,,,,
2月12日,地区级,湖北,神农架,,1.0,,,,,,,
2月12日,省级,湖南,,22.0,49.0,,,,,,312.0,
2月12日,地区级,湖南,长沙,5.0,9.0,,,,,,,
2月12日,地区级,湖南,岳阳,2.0,18.0,,,,,,,
2月12日,地区级,湖南,邵阳,5.0,8.0,,,,,,,
2月12日,地区级,湖南,常德,2.0,6.0,,,,,,,
2月12日,地区级,湖南,娄底,3.0,4.0,,,,,,,
2月12日,地区级,湖南,株洲,4.0,2.0,,,,,,,
2月12日,地区级,湖南,益阳,1.0,,,,,,,,
2月12日,地区级,湖南,衡阳,,,,,,,,,
2月12日,地区级,湖南,永州,,,,,,,,,
2月12日,地区级,湖南,怀化,,,,,,,,,
2月12日,地区级,湖南,郴州,,1.0,,,,,,,
2月12日,地区级,湖南,湘潭,,1.0,,,,,,,
2月12日,地区级,湖南,湘西自治州,,,,,,,,,
2月12日,地区级,湖南,张家界,,,,,,,,,
2月12日,省级,吉林,,1.0,4.0,,,,,,22.0,1.0
2月12日,地区级,吉林,长春,,,,,,,,,
2月12日,地区级,吉林,四平,1.0,2.0,,,,,,,
2月12日,地区级,吉林,辽源,,1.0,,,,,,,
2月12日,地区级,吉林,吉林,,1.0,,,,,,,
2月12日,地区级,吉林,延边,,,,,,,,,
2月12日,地区级,吉林,通化,,,,,,,,,
2月12日,地区级,吉林,松原,,,,,,,,,
2月12日,地区级,吉林,白城,,,,,,,,,
2月12日,省级,江苏,,27.0,37.0,,,,,,131.0,
2月12日,地区级,江苏,南京,3.0,2.0,,,,,,,
2月12日,地区级,江苏,苏州,1.0,3.0,,,,,,,
2月12日,地区级,江苏,徐州,5.0,6.0,,,,,,,
2月12日,地区级,江苏,淮安,4.0,,,,,,,,
2月12日,地区级,江苏,无锡,1.0,4.0,,,,,,,
2月12日,地区级,江苏,连云港,3.0,,,,,,,,
2月12日,地区级,江苏,南通,1.0,5.0,,,,,,,
2月12日,地区级,江苏,泰州,1.0,9.0,,,,,,,
2月12日,地区级,江苏,常州,2.0,5.0,,,,,,,
2月12日,地区级,江苏,扬州,2.0,,,,,,,,
2月12日,地区级,江苏,盐城,4.0,3.0,,,,,,,
2月12日,地区级,江苏,镇江,,,,,,,,,
2月12日,地区级,江苏,宿迁,,,,,,,,,
2月12日,省级,江西,,28.0,18.0,,,,,,170.0,1.0
2月12日,地区级,江西,南昌,5.0,8.0,,1.0,,,,,
2月12日,地区级,江西,新余,4.0,2.0,,,,,,,
2月12日,地区级,江西,上饶,3.0,2.0,,,,,,,
2月12日,地区级,江西,九江,4.0,,,,,,,,
2月12日,地区级,江西,宜春,7.0,,,,,,,,
2月12日,地区级,江西,赣州,4.0,2.0,,,,,,,
2月12日,地区级,江西,抚州,1.0,3.0,,,,,,,
2月12日,地区级,江西,萍乡,,,,,,,,,
2月12日,地区级,江西,吉安,,,,-1.0,,,,,
2月12日,地区级,江西,鹰潭,,1.0,,,,,,,
2月12日,地区级,江西,景德镇,,,,,,,,,
2月12日,地区级,江西,赣江新区,,,,,,,,,
2月12日,省级,辽宁,,,1.0,1.0,,,,,20.0,1.0
2月12日,地区级,辽宁,沈阳,,,,,,,,,
2月12日,地区级,辽宁,大连,,,,,,,,,
2月12日,地区级,辽宁,锦州,,,,,,,,,
2月12日,地区级,辽宁,盘锦,,,,,,,,,
2月12日,地区级,辽宁,葫芦岛,,,1.0,,,,,,
2月12日,地区级,辽宁,阜新,,,,,,,,,
2月12日,地区级,辽宁,丹东,,,,,,,,,
2月12日,地区级,辽宁,朝阳市,,,,,,,,,
2月12日,地区级,辽宁,铁岭,,,,,,,,,
2月12日,地区级,辽宁,辽阳,,1.0,,,,,,,
2月12日,地区级,辽宁,鞍山,,,,,,,,,
2月12日,地区级,辽宁,本溪,,,,,,,,,
2月12日,地区级,辽宁,营口,,,,,,,,,
2月12日,省级,内蒙古,,1.0,1.0,,,,,,6.0,0.0
2月12日,地区级,内蒙古,包头,,,,,,,,,
2月12日,地区级,内蒙古,鄂尔多斯,,,,,,,,,
2月12日,地区级,内蒙古,呼和浩特,,,,,,,,,
2月12日,地区级,内蒙古,通辽,,,,,,,,,
2月12日,地区级,内蒙古,巴彦淖尔,,,,,,,,,
2月12日,地区级,内蒙古,呼伦贝尔,,,,,,,,,
2月12日,地区级,内蒙古,赤峰,,1.0,,,,,,,
2月12日,地区级,内蒙古,乌兰察布,,,,,,,,,
2月12日,地区级,内蒙古,锡林郭勒,1.0,,,,,,,,
2月12日,地区级,内蒙古,乌海,,,,,,,,,
2月12日,地区级,内蒙古,兴安盟,,,,,,,,,
2月12日,省级,宁夏,,6.0,2.0,,,,,,24.0,0.0
2月12日,地区级,宁夏,银川,1.0,2.0,,,,,,,
2月12日,地区级,宁夏,吴忠,3.0,,,,,,,,
2月12日,地区级,宁夏,固原,2.0,,,,,,,,
2月12日,地区级,宁夏,中卫,,,,,,,,,
2月12日,地区级,宁夏,石嘴山,,,,,,,,,
2月12日,地区级,宁夏,宁东,,,,,,,,,
2月12日,省级,青海,,,4.0,,,,,,9.0,0.0
2月12日,地区级,青海,西宁,,4.0,,,,,,,
2月12日,地区级,青海,海北州,,,,,,,,,
2月12日,省级,山东,,9.0,18.0,1.0,,,,,98.0,2.0
2月12日,地区级,山东,青岛,,1.0,,,,,,,
2月12日,地区级,山东,济南,,,,,,,,,
2月12日,地区级,山东,临沂,,2.0,,,,,,,
2月12日,地区级,山东,济宁,1.0,3.0,,,,,,,
2月12日,地区级,山东,烟台,3.0,4.0,,,,,,,
2月12日,地区级,山东,潍坊,,1.0,,,,,,,
2月12日,地区级,山东,威海,,1.0,,,,,,,
2月12日,地区级,山东,聊城,,1.0,,,,,,,
2月12日,地区级,山东,德州,2.0,,1.0,,,,,,
2月12日,地区级,山东,泰安,,3.0,,,,,,,
2月12日,地区级,山东,枣庄,,1.0,,,,,,,
2月12日,地区级,山东,淄博,3.0,,,,,,,,
2月12日,地区级,山东,菏泽,,1.0,,,,,,,
2月12日,地区级,山东,日照,,,,,,,,,
2月12日,地区级,山东,滨州,,,,,,,,,
2月12日,省级,山西,,2.0,3.0,,,,,,33.0,0.0
2月12日,地区级,山西,太原,,,,,,,,,
2月12日,地区级,山西,大同,1.0,1.0,,,,,,,
2月12日,地区级,山西,阳泉,,,,,,,,,
2月12日,地区级,山西,长治,,,,,,,,,
2月12日,地区级,山西,晋城,,,,,,,,,
2月12日,地区级,山西,朔州,,,,,,,,,
2月12日,地区级,山西,晋中,1.0,,,,,,,,
2月12日,地区级,山西,忻州,,,,,,,,,
2月12日,地区级,山西,运城,,2.0,,,,,,,
2月12日,地区级,山西,临汾,,,,,,,,,
2月12日,地区级,山西,吕梁,,,,,,,,,
2月12日,省级,陕西,,4.0,6.0,,,,,,42.0,0.0
2月12日,地区级,陕西,西安,4.0,,,,,,,,
2月12日,地区级,陕西,安康,,,,,,,,,
2月12日,地区级,陕西,汉中,,,,,,,,,
2月12日,地区级,陕西,咸阳,,,,,,,,,
2月12日,地区级,陕西,渭南,,,,,,,,,
2月12日,地区级,陕西,宝鸡,,3.0,,,,,,,
2月12日,地区级,陕西,延安,,3.0,,,,,,,
2月12日,地区级,陕西,铜川,,,,,,,,,
2月12日,地区级,陕西,商洛,,,,,,,,,
2月12日,地区级,陕西,榆林,,,,,,,,,
2月12日,省级,上海,,7.0,4.0,,,,,,57.0,1.0
2月12日,地区级,上海,外地来沪,,,,,,,,,
2月12日,地区级,上海,浦东,,2.0,,,,,,,
2月12日,地区级,上海,宝山,,,,,,,,,
2月12日,地区级,上海,闵行,1.0,1.0,,,,,,,
2月12日,地区级,上海,静安,,,,,,,,,
2月12日,地区级,上海,徐汇,1.0,1.0,,,,,,,
2月12日,地区级,上海,松江,,,,,,,,,
2月12日,地区级,上海,长宁,1.0,,,,,,,,
2月12日,地区级,上海,奉贤,,,,,,,,,
2月12日,地区级,上海,普陀,3.0,,,,,,,,
2月12日,地区级,上海,嘉定,,,,,,,,,
2月12日,地区级,上海,虹口,,,,,,,,,
2月12日,地区级,上海,杨浦,,,,,,,,,
2月12日,地区级,上海,黄浦,,,,,,,,,
2月12日,地区级,上海,青浦,,,,,,,,,
2月12日,地区级,上海,金山,,,,,,,,,
2月12日,地区级,上海,崇明,1.0,,,,,,,,
2月12日,省级,四川,,15.0,8.0,,,,,,93.0,1.0
2月12日,地区级,四川,成都,6.0,1.0,,,,,,,
2月12日,地区级,四川,自贡,,,,,,,,,
2月12日,地区级,四川,攀枝花,,,,,,,,,
2月12日,地区级,四川,泸州,,,,,,,,,
2月12日,地区级,四川,德阳,1.0,,,,,,,,
2月12日,地区级,四川,绵阳,,,,,,,,,
2月12日,地区级,四川,广元,,,,,,,,,
2月12日,地区级,四川,遂宁,,2.0,,,,,,,
2月12日,地区级,四川,内江,1.0,1.0,,,,,,,
2月12日,地区级,四川,乐山,,,,,,,,,
2月12日,地区级,四川,南充,1.0,1.0,,,,,,,
2月12日,地区级,四川,宜宾,1.0,,,,,,,,
2月12日,地区级,四川,广安,,2.0,,,,,,,
2月12日,地区级,四川,达州,3.0,,,,,,,,
2月12日,地区级,四川,巴中,,,,,,,,,
2月12日,地区级,四川,雅安,1.0,,,,,,,,
2月12日,地区级,四川,眉山,,,,,,,,,
2月12日,地区级,四川,资阳,,,,,,,,,
2月12日,地区级,四川,阿坝,,,,,,,,,
2月12日,地区级,四川,甘孜,1.0,1.0,,,,,,,
2月12日,地区级,四川,凉山,,,,,,,,,
2月12日,省级,台湾,,,,,,,,,1.0,0.0
2月12日,地区级,台湾,台湾,,,,,,,,,
2月12日,省级,天津,,6.0,1.0,,,,,,11.0,2.0
2月12日,地区级,天津,宝坻区,4.0,,,,,,,,
2月12日,地区级,天津,河北区,1.0,,,,,,,,
2月12日,地区级,天津,河东区,,,,,,,,,
2月12日,地区级,天津,外地来津,,,,,,,,,
2月12日,地区级,天津,和平区,,,,,,,,,
2月12日,地区级,天津,河西区,,,,,,,,,
2月12日,地区级,天津,宁河区,,,,,,,,,
2月12日,地区级,天津,西青区,,1.0,,,,,,,
2月12日,地区级,天津,东丽区,,,,,,,,,
2月12日,地区级,天津,滨海新区,,,,,,,,,
2月12日,地区级,天津,南开区,,,,,,,,,
2月12日,地区级,天津,红桥区,,,,,,,,,
2月12日,地区级,天津,北辰区,1.0,,,,,,,,
2月12日,地区级,天津,津南区,,,,,,,,,
2月12日,地区级,天津,武清区,,,,,,,,,
2月12日,省级,西藏,,,,,,,,,1.0,0.0
2月12日,地区级,西藏,拉萨,,,,,,,,,
2月12日,省级,香港,,1.0,1.0,,,,,,2.0,1.0
2月12日,地区级,香港,香港,1.0,1.0,,,,,,,
2月12日,省级,新疆,,4.0,,1.0,,,,,3.0,1.0
2月12日,地区级,新疆,乌鲁木齐,1.0,,,,,,,,
2月12日,地区级,新疆,伊犁州,2.0,,,,,,,,
2月12日,地区级,新疆,昌吉州,,,,,,,,,
2月12日,地区级,新疆,巴州,,,,,,,,,
2月12日,地区级,新疆,阿克苏,,,,,,,,,
2月12日,地区级,新疆,兵团第一师,,,,,,,,,
2月12日,地区级,新疆,兵团第二师,,,,,,,,,
2月12日,地区级,新疆,兵团第三师,,,,,,,,,
2月12日,地区级,新疆,兵团第四师,1.0,,,,,,,,
2月12日,地区级,新疆,兵团第五师,,,,,,,,,
2月12日,地区级,新疆,兵团第六师,,,,,,,,,
2月12日,地区级,新疆,兵团第七师,,,,,,,,,
2月12日,地区级,新疆,兵团第八师,,,1.0,,,,,,
2月12日,地区级,新疆,兵团第九师,,,,,,,,,
2月12日,地区级,新疆,兵团第十师,,,,,,,,,
2月12日,地区级,新疆,兵团第十一师,,,,,,,,,
2月12日,地区级,新疆,兵团第十二师,,,,,,,,,
2月12日,地区级,新疆,兵团第十三师,,,,,,,,,
2月12日,地区级,新疆,兵团第十四师,,,,,,,,,
2月12日,地区级,新疆,吐鲁番,,,,,,,,,
2月12日,省级,云南,,1.0,3.0,,,,,,23.0,0.0
2月12日,地区级,云南,昆明,1.0,1.0,,,,,,,
2月12日,地区级,云南,西双版纳州,,,,,,,,,
2月12日,地区级,云南,玉溪,,,,,,,,,
2月12日,地区级,云南,大理,,1.0,,,,,,,
2月12日,地区级,云南,昭通,,,,,,,,,
2月12日,地区级,云南,曲靖,,,,,,,,,
2月12日,地区级,云南,保山,,,,,,,,,
2月12日,地区级,云南,丽江,,,,,,,,,
2月12日,地区级,云南,红河,,1.0,,,,,,,
2月12日,地区级,云南,德宏州,,,,,,,,,
2月12日,地区级,云南,普洱,,,,,,,,,
2月12日,地区级,云南,楚雄州,,,,,,,,,
2月12日,地区级,云南,文山州,,,,,,,,,
2月12日,地区级,云南,临沧,,,,,,,,,
2月12日,省级,浙江,,14.0,48.0,,,,,,327.0,
2月12日,地区级,浙江,温州,9.0,13.0,,,,,,,
2月12日,地区级,浙江,杭州,3.0,12.0,,,,,,,
2月12日,地区级,浙江,宁波,,7.0,,,,,,,
2月12日,地区级,浙江,台州,1.0,8.0,,,,,,,
2月12日,地区级,浙江,金华,1.0,4.0,,,,,,,
2月12日,地区级,浙江,绍兴,,2.0,,,,,,,
2月12日,地区级,浙江,嘉兴,,,,,,,,,
2月12日,地区级,浙江,丽水,,2.0,,,,,,,
2月12日,地区级,浙江,衢州,,,,,,,,,
2月12日,地区级,浙江,湖州,,,,,,,,,
2月12日,地区级,浙江,舟山,,,,,,,,,
2月12日,省级,重庆,,13.0,23.0,,,,,,102.0,3.0
2月12日,地区级,重庆,万州区,2.0,2.0,,,,,,,
2月12日,地区级,重庆,江北区,,,,,,,,,
2月12日,地区级,重庆,垫江县,,,,,,,,,
2月12日,地区级,重庆,云阳县,,1.0,,,,,,,
2月12日,地区级,重庆,九龙坡区,,2.0,,,,,,,
2月12日,地区级,重庆,渝中区,,,,,,,,,
2月12日,地区级,重庆,忠县,,1.0,,,,,,,
2月12日,地区级,重庆,合川区,1.0,,,,,,,,
2月12日,地区级,重庆,开州区,,1.0,,,,,,,
2月12日,地区级,重庆,两江新区,1.0,2.0,,,,,,,
2月12日,地区级,重庆,长寿区,1.0,5.0,,,,,,,
2月12日,地区级,重庆,綦江区,5.0,1.0,,,,,,,
2月12日,地区级,重庆,奉节县,1.0,,,,,,,,
2月12日,地区级,重庆,渝北区,,1.0,,,,,,,
2月12日,地区级,重庆,潼南区,,,,,,,,,
2月12日,地区级,重庆,大足区,,,,,,,,,
2月12日,地区级,重庆,巫溪县,,2.0,,,,,,,
2月12日,地区级,重庆,石柱县,,,,,,,,,
2月12日,地区级,重庆,巫山县,,,,,,,,,
2月12日,地区级,重庆,丰都县,,,,,,,,,
2月12日,地区级,重庆,璧山区,,1.0,,,,,,,
2月12日,地区级,重庆,荣昌区,,,,,,,,,
2月12日,地区级,重庆,铜梁区,,,,,,,,,
2月12日,地区级,重庆,南岸区,2.0,1.0,,,,,,,
2月12日,地区级,重庆,大渡口区,,2.0,,,,,,,
2月12日,地区级,重庆,永川区,,,,,,,,,
2月12日,地区级,重庆,巴南区,,,,,,,,,
2月12日,地区级,重庆,江津区,,,,,,,,,
2月12日,地区级,重庆,高新区,,,,,,,,,
2月12日,地区级,重庆,梁平区,,1.0,,,,,,,
2月12日,地区级,重庆,涪陵区,,,,,,,,,
2月12日,地区级,重庆,沙坪坝区,,,,,,,,,
2月12日,地区级,重庆,城口县,,,,,,,,,
2月12日,地区级,重庆,彭水县,,,,,,,,,
2月12日,地区级,重庆,黔江区,,,,,,,,,
2月12日,地区级,重庆,万盛经开区,,,,,,,,,
2月12日,地区级,重庆,酉阳县,,,,,,,,,
2月12日,地区级,重庆,武隆区,,,,,,,,,
2月12日,地区级,重庆,秀山县,,,,,,,,,
2月12日,国家级,,,15152.0,1171.0,254.0,-1.0,,,,,
2月12日,省级,北京,,14.0,12.0,,,,,,68.0,3.0
2月12日,地区级,北京,朝阳,,,,,,,,,
2月12日,地区级,北京,海淀,,,,,,,,,
2月12日,地区级,北京,西城,3.0,,,,,,,,
2月12日,地区级,北京,大兴,1.0,,,,,,,,
2月12日,地区级,北京,丰台,4.0,,,,,,,,
2月12日,地区级,北京,外地来京,1.0,,,,,,,,
2月12日,地区级,北京,昌平,5.0,,,,,,,,
2月12日,地区级,北京,通州,,,,,,,,,
2月12日,地区级,北京,房山,,,,,,,,,
2月12日,地区级,北京,石景山,,,,,,,,,
2月12日,地区级,北京,顺义,,,,,,,,,
2月12日,地区级,北京,东城,,,,,,,,,
2月12日,地区级,北京,怀柔,,,,,,,,,
2月12日,地区级,北京,密云,,,,,,,,,
2月12日,地区级,北京,门头沟,,,,,,,,,
2月12日,地区级,北京,延庆,,,,,,,,,
2月12日,地区级,北京,地区待确认,,12.0,,,,,,,
2月12日,省级,河南,,34.0,27.0,2.0,,,,,258.0,10.0
2月12日,地区级,河南,信阳,9.0,11.0,,,,,,,
2月12日,地区级,河南,南阳,7.0,,,,,,,,
2月12日,地区级,河南,郑州,4.0,3.0,,,,,,,
2月12日,地区级,河南,驻马店,6.0,,,,,,,,
2月12日,地区级,河南,商丘,1.0,,,,,,,,
2月12日,地区级,河南,周口,2.0,,,,,,,,
2月12日,地区级,河南,平顶山,1.0,3.0,,,,,,,
2月12日,地区级,河南,新乡,1.0,,,,,,,,
2月12日,地区级,河南,安阳,1.0,,,,,,,,
2月12日,地区级,河南,许昌,,1.0,,,,,,,
2月12日,地区级,河南,漯河,,,,,,,,,
2月12日,地区级,河南,洛阳,1.0,2.0,,,,,,,
2月12日,地区级,河南,焦作,1.0,,,,,,,,
2月12日,地区级,河南,开封,,,,,,,,,
2月12日,地区级,河南,鹤壁,,,,,,,,,
2月12日,地区级,河南,濮阳,,,,,,,,,
2月12日,地区级,河南,三门峡,,,,,,,,,
2月12日,地区级,河南,济源示范区,,,,,,,,,
2月12日,地区级,河南,地区待确认,,7.0,2.0,,,,,,
2月12日,省级,广东,,22.0,43.0,1.0,,,,,284.0,2.0
2月12日,地区级,广东,深圳,5.0,15.0,,,,,,,
2月12日,地区级,广东,广州,4.0,8.0,,,,,,,
2月12日,地区级,广东,珠海,2.0,4.0,,,,,,,
2月12日,地区级,广东,佛山,3.0,2.0,,,,,,,
2月12日,地区级,广东,东莞,3.0,,1.0,,,,,,
2月12日,地区级,广东,中山,2.0,,,,,,,,
2月12日,地区级,广东,惠州,1.0,3.0,,,,,,,
2月12日,地区级,广东,汕头,,2.0,,,,,,,
2月12日,地区级,广东,湛江,,,,,,,,,
2月12日,地区级,广东,江门,1.0,,,,,,,,
2月12日,地区级,广东,肇庆,,,,,,,,,
2月12日,地区级,广东,梅州,,1.0,,,,,,,
2月12日,地区级,广东,阳江,,4.0,,,,,,,
2月12日,地区级,广东,茂名,,1.0,,,,,,,
2月12日,地区级,广东,清远,,,,,,,,,
2月12日,地区级,广东,揭阳,,,,,,,,,
2月12日,地区级,广东,韶关,1.0,,,,,,,,
2月12日,地区级,广东,潮州,,,,,,,,,
2月12日,地区级,广东,汕尾,,,,,,,,,
2月12日,地区级,广东,河源,,,,,,,,,
2月12日,地区级,广东,地区待确认,,3.0,,,,,,,
2月13日,省级,安徽,,24.0,38.0,1.0,,,,,,
2月13日,地区级,安徽,合肥,5.0,7.0,,,,,,,
2月13日,地区级,安徽,蚌埠,3.0,1.0,1.0,,,,,,
2月13日,地区级,安徽,阜阳,4.0,6.0,,,,,,,
2月13日,地区级,安徽,亳州,6.0,4.0,,,,,,,
2月13日,地区级,安徽,安庆,1.0,14.0,,,,,,,
2月13日,地区级,安徽,六安,1.0,,,,,,,,
2月13日,地区级,安徽,马鞍山,2.0,2.0,,,,,,,
2月13日,地区级,安徽,宿州,1.0,2.0,,,,,,,
2月13日,地区级,安徽,芜湖,,1.0,,,,,,,
2月13日,地区级,安徽,铜陵,,1.0,,,,,,,
2月13日,地区级,安徽,淮北,,,,,,,,,
2月13日,地区级,安徽,淮南,,,,,,,,,
2月13日,地区级,安徽,池州,1.0,,,,,,,,
2月13日,地区级,安徽,滁州,,,,,,,,,
2月13日,地区级,安徽,黄山,,,,,,,,,
2月13日,地区级,安徽,宣城,,,,,,,,,
2月13日,省级,澳门,,,1.0,,,,,,,
2月13日,地区级,澳门,澳门,,1.0,,,,,,,
2月13日,省级,福建,,2.0,5.0,,,,,,,
2月13日,地区级,福建,福州,2.0,2.0,,,,,,,
2月13日,地区级,福建,莆田,,,,,,,,,
2月13日,地区级,福建,泉州,,,,,,,,,
2月13日,地区级,福建,厦门,,,,,,,,,
2月13日,地区级,福建,宁德,,1.0,,,,,,,
2月13日,地区级,福建,南平,,,,,,,,,
2月13日,地区级,福建,漳州,,,,,,,,,
2月13日,地区级,福建,三明,,,,,,,,,
2月13日,地区级,福建,龙岩,,,,,,,,,
2月13日,地区级,福建,地区待确认,,2.0,,,,,,,
2月13日,省级,甘肃,,3.0,8.0,,,,,,,
2月13日,地区级,甘肃,兰州,,2.0,,,,,,,
2月13日,地区级,甘肃,天水,,,,,,,,,
2月13日,地区级,甘肃,定西,1.0,2.0,,,,,,,
2月13日,地区级,甘肃,平凉,1.0,,,,,,,,
2月13日,地区级,甘肃,甘南州,1.0,1.0,,,,,,,
2月13日,地区级,甘肃,陇南,,,,,,,,,
2月13日,地区级,甘肃,白银,,,,,,,,,
2月13日,地区级,甘肃,庆阳,,1.0,,,,,,,
2月13日,地区级,甘肃,临夏,,1.0,,,,,,,
2月13日,地区级,甘肃,张掖,,1.0,,,,,,,
2月13日,地区级,甘肃,金昌,,,,,,,,,
2月13日,省级,广西,,4.0,2.0,,,,,,,
2月13日,地区级,广西,南宁,3.0,,,,,,,,
2月13日,地区级,广西,北海,1.0,,,,,,,,
2月13日,地区级,广西,桂林,,,,,,,,,
2月13日,地区级,广西,柳州,,,,,,,,,
2月13日,地区级,广西,河池,,,,,,,,,
2月13日,地区级,广西,防城港,,,,,,,,,
2月13日,地区级,广西,来宾,,,,,,,,,
2月13日,地区级,广西,玉林,,,,,,,,,
2月13日,地区级,广西,贵港,,2.0,,,,,,,
2月13日,地区级,广西,钦州,,,,,,,,,
2月13日,地区级,广西,梧州,,,,,,,,,
2月13日,地区级,广西,贺州,,,,,,,,,
2月13日,地区级,广西,百色,,,,,,,,,
2月13日,地区级,广西,崇左,,,,,,,,,
2月13日,省级,贵州,,5.0,8.0,,,,,,,
2月13日,地区级,贵州,贵阳,1.0,1.0,,,,,,,
2月13日,地区级,贵州,毕节,1.0,2.0,,,,,,,
2月13日,地区级,贵州,遵义,3.0,,,,,,,,
2月13日,地区级,贵州,六盘水,,2.0,,,,,,,
2月13日,地区级,贵州,黔南州,,2.0,,,,,,,
2月13日,地区级,贵州,黔东南州,,,,,,,,,
2月13日,地区级,贵州,铜仁,,1.0,,,,,,,
2月13日,地区级,贵州,黔西南州,,,,,,,,,
2月13日,地区级,贵州,安顺,,,,,,,,,
2月13日,省级,海南,,,3.0,,,,,,,
2月13日,地区级,海南,三亚,,3.0,,,,,,,
2月13日,地区级,海南,海口,,,,,,,,,
2月13日,地区级,海南,万宁,,,,,,,,,
2月13日,地区级,海南,儋州,,,,,,,,,
2月13日,地区级,海南,澄迈县,,,,,,,,,
2月13日,地区级,海南,临高县,,,,,,,,,
2月13日,地区级,海南,琼海,,,,,,,,,
2月13日,地区级,海南,昌江县,,,,,,,,,
2月13日,地区级,海南,陵水县,,,,,,,,,
2月13日,地区级,海南,保亭,,,,,,,,,
2月13日,地区级,海南,文昌,,,,,,,,,
2月13日,地区级,海南,东方,,,,,,,,,
2月13日,地区级,海南,定安县,,,,,,,,,
2月13日,地区级,海南,乐东,,,,,,,,,
2月13日,地区级,海南,琼中县,,,,,,,,,
2月13日,省级,河北,,18.0,15.0,,,,,,,
2月13日,地区级,河北,沧州,3.0,,,,,,,,
2月13日,地区级,河北,唐山,8.0,1.0,,,,,,,
2月13日,地区级,河北,邯郸,,2.0,,,,,,,
2月13日,地区级,河北,保定,,,,,,,,,
2月13日,地区级,河北,石家庄,,1.0,,,,,,,
2月13日,地区级,河北,廊坊,,4.0,,,,,,,
2月13日,地区级,河北,邢台,1.0,3.0,,,,,,,
2月13日,地区级,河北,张家口,6.0,1.0,,,,,,,
2月13日,地区级,河北,衡水,,2.0,,,,,,,
2月13日,地区级,河北,承德,,,,,,,,,
2月13日,地区级,河北,秦皇岛,,1.0,,,,,,,
2月13日,省级,黑龙江,,23.0,6.0,2.0,,,,,,
2月13日,地区级,黑龙江,哈尔滨,5.0,,2.0,,,,,,
2月13日,地区级,黑龙江,双鸭山,9.0,,,,,,,,
2月13日,地区级,黑龙江,绥化,,,,,,,,,
2月13日,地区级,黑龙江,鸡西,,,,,,,,,
2月13日,地区级,黑龙江,齐齐哈尔,3.0,4.0,,,,,,,
2月13日,地区级,黑龙江,七台河,,1.0,,,,,,,
2月13日,地区级,黑龙江,佳木斯,,,,,,,,,
2月13日,地区级,黑龙江,大庆,3.0,1.0,,,,,,,
2月13日,地区级,黑龙江,牡丹江,,,,,,,,,
2月13日,地区级,黑龙江,鹤岗,,,,,,,,,
2月13日,地区级,黑龙江,黑河,3.0,,,,,,,,
2月13日,地区级,黑龙江,大兴安岭,,,,,,,,,
2月13日,省级,湖北,,4823.0,690.0,116.0,-1043.0,-269.0,-108.0,,,
2月13日,地区级,湖北,武汉,3910.0,370.0,88.0,-913.0,,,,,
2月13日,地区级,湖北,孝感,135.0,48.0,8.0,,,,,,
2月13日,地区级,湖北,黄冈,163.0,77.0,1.0,-34.0,,,,,
2月13日,地区级,湖北,随州,46.0,10.0,2.0,,,,,,
2月13日,地区级,湖北,荆州,54.0,57.0,4.0,-38.0,,,,,
2月13日,地区级,湖北,襄阳,10.0,7.0,3.0,,,,,,
2月13日,地区级,湖北,黄石,32.0,24.0,2.0,,,,,,
2月13日,地区级,湖北,宜昌,67.0,9.0,2.0,,,,,,
2月13日,地区级,湖北,荆门,21.0,13.0,1.0,-47.0,,,,,
2月13日,地区级,湖北,鄂州,69.0,21.0,2.0,-9.0,,,,,
2月13日,地区级,湖北,咸宁,200.0,15.0,1.0,-2.0,,,,,
2月13日,地区级,湖北,十堰,24.0,8.0,1.0,,,,,,
2月13日,地区级,湖北,仙桃,20.0,10.0,1.0,,,,,,
2月13日,地区级,湖北,天门,54.0,8.0,,,,,,,
2月13日,地区级,湖北,恩施州,8.0,10.0,,,,,,,
2月13日,地区级,湖北,潜江,10.0,3.0,,,,,,,
2月13日,地区级,湖北,神农架,,,,,,,,,
2月13日,地区级,湖北,地区待确认,,,,,-269.0,-108.0,,,
2月13日,省级,湖南,,20.0,40.0,,,,,,,
2月13日,地区级,湖南,长沙,10.0,6.0,,,,,,,
2月13日,地区级,湖南,岳阳,1.0,2.0,,,,,,,
2月13日,地区级,湖南,邵阳,1.0,8.0,,,,,,,
2月13日,地区级,湖南,常德,1.0,2.0,,,,,,,
2月13日,地区级,湖南,娄底,1.0,3.0,,,,,,,
2月13日,地区级,湖南,株洲,2.0,7.0,,,,,,,
2月13日,地区级,湖南,益阳,,,,,,,,,
2月13日,地区级,湖南,衡阳,1.0,2.0,,,,,,,
2月13日,地区级,湖南,永州,,5.0,,,,,,,
2月13日,地区级,湖南,怀化,,5.0,,,,,,,
2月13日,地区级,湖南,郴州,1.0,,,,,,,,
2月13日,地区级,湖南,湘潭,2.0,,,,,,,,
2月13日,地区级,湖南,湘西自治州,,,,,,,,,
2月13日,地区级,湖南,张家界,,,,,,,,,
2月13日,省级,吉林,,2.0,3.0,,,,,,,
2月13日,地区级,吉林,长春,1.0,2.0,,,,,,,
2月13日,地区级,吉林,四平,1.0,,,,,,,,
2月13日,地区级,吉林,辽源,,,,,,,,,
2月13日,地区级,吉林,吉林,,,,,,,,,
2月13日,地区级,吉林,延边,,,,,,,,,
2月13日,地区级,吉林,通化,,1.0,,,,,,,
2月13日,地区级,吉林,松原,,,,,,,,,
2月13日,地区级,吉林,白城,,,,,,,,,
2月13日,省级,江苏,,23.0,6.0,,,,,,,
2月13日,地区级,江苏,南京,1.0,2.0,,,,,,,
2月13日,地区级,江苏,苏州,,1.0,,,,,,,
2月13日,地区级,江苏,徐州,5.0,1.0,,,,,,,
2月13日,地区级,江苏,淮安,5.0,,,,,,,,
2月13日,地区级,江苏,无锡,2.0,1.0,,,,,,,
2月13日,地区级,江苏,连云港,3.0,1.0,,,,,,,
2月13日,地区级,江苏,南通,1.0,,,,,,,,
2月13日,地区级,江苏,泰州,,,,,,,,,
2月13日,地区级,江苏,常州,5.0,,,,,,,,
2月13日,地区级,江苏,扬州,,,,,,,,,
2月13日,地区级,江苏,盐城,1.0,,,,,,,,
2月13日,地区级,江苏,镇江,,,,,,,,,
2月13日,地区级,江苏,宿迁,,,,,,,,,
2月13日,省级,江西,,28.0,17.0,,,,,,,
2月13日,地区级,江西,南昌,7.0,7.0,,,-1.0,,,,
2月13日,地区级,江西,新余,3.0,3.0,,,,,,,
2月13日,地区级,江西,上饶,3.0,1.0,,,,,,,
2月13日,地区级,江西,九江,5.0,2.0,,,,,,,
2月13日,地区级,江西,宜春,6.0,2.0,,,,,,,
2月13日,地区级,江西,赣州,,2.0,,,,,,,
2月13日,地区级,江西,抚州,2.0,,,,,,,,
2月13日,地区级,江西,萍乡,2.0,,,,,,,,
2月13日,地区级,江西,吉安,,,,,1.0,,,,
2月13日,地区级,江西,鹰潭,,,,,,,,,
2月13日,地区级,江西,景德镇,,,,,,,,,
2月13日,地区级,江西,赣江新区,,,,,,,,,
2月13日,省级,辽宁,,1.0,2.0,,,,,,,
2月13日,地区级,辽宁,沈阳,,,,,,,,,
2月13日,地区级,辽宁,大连,1.0,,,,,,,,
2月13日,地区级,辽宁,锦州,,,,,,,,,
2月13日,地区级,辽宁,盘锦,,,,,,,,,
2月13日,地区级,辽宁,葫芦岛,,,,,,,,,
2月13日,地区级,辽宁,阜新,,,,,,,,,
2月13日,地区级,辽宁,丹东,,1.0,,,,,,,
2月13日,地区级,辽宁,朝阳市,,,,,,,,,
2月13日,地区级,辽宁,铁岭,,,,,,,,,
2月13日,地区级,辽宁,辽阳,,,,,,,,,
2月13日,地区级,辽宁,鞍山,,,,,,,,,
2月13日,地区级,辽宁,本溪,,1.0,,,,,,,
2月13日,地区级,辽宁,营口,,,,,,,,,
2月13日,省级,内蒙古,,4.0,,,,,,,,
2月13日,地区级,内蒙古,包头,,,,,,,,,
2月13日,地区级,内蒙古,鄂尔多斯,,,,,,,,,
2月13日,地区级,内蒙古,呼和浩特,,,,,,,,,
2月13日,地区级,内蒙古,通辽,,,,,,,,,
2月13日,地区级,内蒙古,巴彦淖尔,,,,,,,,,
2月13日,地区级,内蒙古,呼伦贝尔,,,,,,,,,
2月13日,地区级,内蒙古,赤峰,2.0,,,,,,,,
2月13日,地区级,内蒙古,乌兰察布,,,,,,,,,
2月13日,地区级,内蒙古,锡林郭勒,2.0,,,,,,,,
2月13日,地区级,内蒙古,乌海,,,,,,,,,
2月13日,地区级,内蒙古,兴安盟,,,,,,,,,
2月13日,省级,宁夏,,3.0,,,,,,,,
2月13日,地区级,宁夏,银川,,,,,,,,,
2月13日,地区级,宁夏,吴忠,3.0,,,,,,,,
2月13日,地区级,宁夏,固原,,,,,,,,,
2月13日,地区级,宁夏,中卫,,,,,,,,,
2月13日,地区级,宁夏,石嘴山,,,,,,,,,
2月13日,地区级,宁夏,宁东,,,,,,,,,
2月13日,省级,青海,,,2.0,,,,,,,
2月13日,地区级,青海,西宁,,,,,,,,,
2月13日,地区级,青海,海北州,,2.0,,,,,,,
2月13日,省级,山东,,13.0,13.0,,,,,,,
2月13日,地区级,山东,青岛,,2.0,,,,,,,
2月13日,地区级,山东,济南,,4.0,,,,,,,
2月13日,地区级,山东,临沂,2.0,1.0,,,,,,,
2月13日,地区级,山东,济宁,3.0,2.0,,,,,,,
2月13日,地区级,山东,烟台,,3.0,,,,,,,
2月13日,地区级,山东,潍坊,3.0,1.0,,,,,,,
2月13日,地区级,山东,威海,,,,,,,,,
2月13日,地区级,山东,聊城,,,,,,,,,
2月13日,地区级,山东,德州,,,,,,,,,
2月13日,地区级,山东,泰安,,,,,,,,,
2月13日,地区级,山东,枣庄,,,,,,,,,
2月13日,地区级,山东,淄博,3.0,,,,,,,,
2月13日,地区级,山东,菏泽,,,,,,,,,
2月13日,地区级,山东,日照,,,,,,,,,
2月13日,地区级,山东,滨州,2.0,,,,,,,,
2月13日,省级,山西,,,3.0,,,,,,,
2月13日,地区级,山西,晋中,,3.0,,,,,,,
2月13日,地区级,山西,运城,,,,,,,,,
2月13日,地区级,山西,太原,,,,,,,,,
2月13日,地区级,山西,大同,,,,,,,,,
2月13日,地区级,山西,晋城,,,,,,,,,
2月13日,地区级,山西,忻州,,,,,,,,,
2月13日,地区级,山西,长治,,,,,,,,,
2月13日,地区级,山西,朔州,,,,,,,,,
2月13日,地区级,山西,吕梁,,,,,,,,,
2月13日,地区级,山西,阳泉,,,,,,,,,
2月13日,地区级,山西,临汾,,,,,,,,,
2月13日,省级,陕西,,1.0,7.0,,,,,,,
2月13日,地区级,陕西,西安,,5.0,,,,,,,
2月13日,地区级,陕西,安康,1.0,,,,,,,,
2月13日,地区级,陕西,汉中,,,,,,,,,
2月13日,地区级,陕西,咸阳,,,,,,,,,
2月13日,地区级,陕西,渭南,,,,,,,,,
2月13日,地区级,陕西,宝鸡,,2.0,,,,,,,
2月13日,地区级,陕西,延安,,,,,,,,,
2月13日,地区级,陕西,铜川,,,,,,,,,
2月13日,地区级,陕西,商洛,,,,,,,,,
2月13日,地区级,陕西,榆林,,,,,,,,,
2月13日,省级,上海,,5.0,5.0,,,,,,,
2月13日,地区级,上海,外地来沪,3.0,1.0,,,,,,,
2月13日,地区级,上海,浦东,,,,,,,,,
2月13日,地区级,上海,宝山,,1.0,,,,,,,
2月13日,地区级,上海,闵行,,1.0,,,,,,,
2月13日,地区级,上海,静安,,,,,,,,,
2月13日,地区级,上海,徐汇,,,,,,,,,
2月13日,地区级,上海,松江,,,,,,,,,
2月13日,地区级,上海,长宁,,,,,,,,,
2月13日,地区级,上海,奉贤,,,,,,,,,
2月13日,地区级,上海,普陀,,,,,,,,,
2月13日,地区级,上海,嘉定,1.0,,,,,,,,
2月13日,地区级,上海,虹口,,,,,,,,,
2月13日,地区级,上海,杨浦,1.0,1.0,,,,,,,
2月13日,地区级,上海,黄浦,,,,,,,,,
2月13日,地区级,上海,青浦,,,,,,,,,
2月13日,地区级,上海,金山,,1.0,,,,,,,
2月13日,地区级,上海,崇明,,,,,,,,,
2月13日,省级,四川,,12.0,12.0,,,,,,,
2月13日,地区级,四川,成都,4.0,1.0,,,,,,,
2月13日,地区级,四川,南充,,1.0,,,,,,,
2月13日,地区级,四川,广安,,2.0,,,,,,,
2月13日,地区级,四川,达州,,,,,,,,,
2月13日,地区级,四川,甘孜,6.0,,,,,,,,
2月13日,地区级,四川,巴中,2.0,,,,,,,,
2月13日,地区级,四川,绵阳,,1.0,,,,,,,
2月13日,地区级,四川,内江,,,,,,,,,
2月13日,地区级,四川,泸州,,,,,,,,,
2月13日,地区级,四川,德阳,,,,,,,,,
2月13日,地区级,四川,攀枝花,,1.0,,,,,,,
2月13日,地区级,四川,遂宁,,,,,,,,,
2月13日,地区级,四川,凉山,,2.0,,,,,,,
2月13日,地区级,四川,宜宾,,,,,,,,,
2月13日,地区级,四川,自贡,,,,,,,,,
2月13日,地区级,四川,眉山,,1.0,,,,,,,
2月13日,地区级,四川,广元,,,,,,,,,
2月13日,地区级,四川,雅安,,,,,,,,,
2月13日,地区级,四川,乐山,,2.0,,,,,,,
2月13日,地区级,四川,资阳,,1.0,,,,,,,
2月13日,地区级,四川,阿坝,,,,,,,,,
2月13日,省级,台湾,,,,,,,,,,
2月13日,地区级,台湾,台湾,,,,,,,,,
2月13日,省级,天津,,7.0,10.0,1.0,,,,,,
2月13日,地区级,天津,宝坻区,3.0,2.0,1.0,,,,,,
2月13日,地区级,天津,河北区,,1.0,,,,,,,
2月13日,地区级,天津,河东区,1.0,2.0,,,,,,,
2月13日,地区级,天津,外地来津,,,,,,,,,
2月13日,地区级,天津,和平区,,1.0,,,,,,,
2月13日,地区级,天津,河西区,,1.0,,,,,,,
2月13日,地区级,天津,宁河区,,,,,,,,,
2月13日,地区级,天津,西青区,,,,,,,,,
2月13日,地区级,天津,东丽区,,1.0,,,,,,,
2月13日,地区级,天津,滨海新区,,,,,,,,,
2月13日,地区级,天津,南开区,2.0,,,,,,,,
2月13日,地区级,天津,红桥区,,,,,,,,,
2月13日,地区级,天津,北辰区,1.0,1.0,,,,,,,
2月13日,地区级,天津,津南区,,,,,,,,,
2月13日,地区级,天津,武清区,,1.0,,,,,,,
2月13日,省级,西藏,,,,,,,,,,
2月13日,地区级,西藏,拉萨,,,,,,,,,
2月13日,省级,香港,,3.0,,,,,,,,
2月13日,地区级,香港,香港,3.0,,,,,,,,
2月13日,省级,新疆,,2.0,3.0,,,,,,,
2月13日,地区级,新疆,乌鲁木齐,2.0,1.0,,,,,,,
2月13日,地区级,新疆,伊犁州,,,,,,,,,
2月13日,地区级,新疆,昌吉州,,,,,,,,,
2月13日,地区级,新疆,巴州,,,,,,,,,
2月13日,地区级,新疆,阿克苏,,1.0,,,,,,,
2月13日,地区级,新疆,兵团第一师,,,,,,,,,
2月13日,地区级,新疆,兵团第二师,,,,,,,,,
2月13日,地区级,新疆,兵团第三师,,,,,,,,,
2月13日,地区级,新疆,兵团第四师,,,,,,,,,
2月13日,地区级,新疆,兵团第五师,,,,,,,,,
2月13日,地区级,新疆,兵团第六师,,,,,,,,,
2月13日,地区级,新疆,兵团第七师,,1.0,,,,,,,
2月13日,地区级,新疆,兵团第八师,,,,,,,,,
2月13日,地区级,新疆,兵团第九师,,,,,,,,,
2月13日,地区级,新疆,兵团第十师,,,,,,,,,
2月13日,地区级,新疆,兵团第十一师,,,,,,,,,
2月13日,地区级,新疆,兵团第十二师,,,,,,,,,
2月13日,地区级,新疆,兵团第十三师,,,,,,,,,
2月13日,地区级,新疆,兵团第十四师,,,,,,,,,
2月13日,地区级,新疆,吐鲁番,,,,,,,,,
2月13日,省级,云南,,7.0,4.0,,,,,,,
2月13日,地区级,云南,昆明,1.0,1.0,,,,,,,
2月13日,地区级,云南,西双版纳州,,,,,,,,,
2月13日,地区级,云南,玉溪,,,,,,,,,
2月13日,地区级,云南,大理,,,,,,,,,
2月13日,地区级,云南,昭通,5.0,,,,,,,,
2月13日,地区级,云南,曲靖,,,,,,,,,
2月13日,地区级,云南,保山,,,,,,,,,
2月13日,地区级,云南,丽江,,,,,,,,,
2月13日,地区级,云南,红河,1.0,,,,,,,,
2月13日,地区级,云南,德宏州,,2.0,,,,,,,
2月13日,地区级,云南,普洱,,,,,,,,,
2月13日,地区级,云南,楚雄州,,1.0,,,,,,,
2月13日,地区级,云南,文山州,,,,,,,,,
2月13日,地区级,云南,临沧,,,,,,,,,
2月13日,省级,浙江,,10.0,40.0,,,,,,,
2月13日,地区级,浙江,温州,6.0,20.0,,,,,,,
2月13日,地区级,浙江,杭州,3.0,6.0,,,,,,,
2月13日,地区级,浙江,宁波,,4.0,,,,,,,
2月13日,地区级,浙江,台州,,3.0,,,,,,,
2月13日,地区级,浙江,金华,,1.0,,,,,,,
2月13日,地区级,浙江,绍兴,1.0,1.0,,,,,,,
2月13日,地区级,浙江,嘉兴,,2.0,,,,,,,
2月13日,地区级,浙江,丽水,,,,,,,,,
2月13日,地区级,浙江,衢州,,3.0,,,,,,,
2月13日,地区级,浙江,湖州,,,,,,,,,
2月13日,地区级,浙江,舟山,,,,,,,,,
2月13日,省级,重庆,,11.0,26.0,1.0,,,,,,
2月13日,地区级,重庆,万州区,,7.0,1.0,,,,,,
2月13日,地区级,重庆,江北区,,,,,,,,,
2月13日,地区级,重庆,垫江县,,2.0,,,,,,,
2月13日,地区级,重庆,云阳县,1.0,1.0,,,,,,,
2月13日,地区级,重庆,九龙坡区,,,,,,,,,
2月13日,地区级,重庆,渝中区,,2.0,,,,,,,
2月13日,地区级,重庆,忠县,,,,,,,,,
2月13日,地区级,重庆,合川区,2.0,2.0,,,,,,,
2月13日,地区级,重庆,开州区,,1.0,,,,,,,
2月13日,地区级,重庆,两江新区,,1.0,,,,,,,
2月13日,地区级,重庆,长寿区,,,,,,,,,
2月13日,地区级,重庆,綦江区,,,,,,,,,
2月13日,地区级,重庆,奉节县,2.0,1.0,,,,,,,
2月13日,地区级,重庆,渝北区,,1.0,,,,,,,
2月13日,地区级,重庆,潼南区,1.0,,,,,,,,
2月13日,地区级,重庆,大足区,,,,,,,,,
2月13日,地区级,重庆,巫溪县,,1.0,,,,,,,
2月13日,地区级,重庆,石柱县,,,,,,,,,
2月13日,地区级,重庆,巫山县,,1.0,,,,,,,
2月13日,地区级,重庆,丰都县,,,,,,,,,
2月13日,地区级,重庆,璧山区,,1.0,,,,,,,
2月13日,地区级,重庆,荣昌区,,,,,,,,,
2月13日,地区级,重庆,铜梁区,,1.0,,,,,,,
2月13日,地区级,重庆,南岸区,4.0,,,,,,,,
2月13日,地区级,重庆,大渡口区,,1.0,,,,,,,
2月13日,地区级,重庆,永川区,,,,,,,,,
2月13日,地区级,重庆,巴南区,1.0,,,,,,,,
2月13日,地区级,重庆,江津区,,,,,,,,,
2月13日,地区级,重庆,高新区,,1.0,,,,,,,
2月13日,地区级,重庆,梁平区,,,,,,,,,
2月13日,地区级,重庆,涪陵区,,1.0,,,,,,,
2月13日,地区级,重庆,沙坪坝区,,,,,,,,,
2月13日,地区级,重庆,城口县,,1.0,,,,,,,
2月13日,地区级,重庆,彭水县,,,,,,,,,
2月13日,地区级,重庆,黔江区,,,,,,,,,
2月13日,地区级,重庆,万盛经开区,,,,,,,,,
2月13日,地区级,重庆,酉阳县,,,,,,,,,
2月13日,地区级,重庆,武隆区,,,,,,,,,
2月13日,地区级,重庆,秀山县,,,,,,,,,
2月13日,国家级,,,5090.0,1081.0,121.0,-1043.0,,,,,
2月13日,省级,北京,,6.0,11.0,,,,,,,
2月13日,地区级,北京,朝阳,2.0,,,,,,,,
2月13日,地区级,北京,海淀,2.0,,,,,,,,
2月13日,地区级,北京,西城,,,,,,,,,
2月13日,地区级,北京,大兴,1.0,,,,,,,,
2月13日,地区级,北京,丰台,,,,,,,,,
2月13日,地区级,北京,外地来京,,,,,,,,,
2月13日,地区级,北京,昌平,,,,,,,,,
2月13日,地区级,北京,通州,,,,,,,,,
2月13日,地区级,北京,房山,,,,,,,,,
2月13日,地区级,北京,石景山,1.0,,,,,,,,
2月13日,地区级,北京,顺义,,,,,,,,,
2月13日,地区级,北京,东城,,,,,,,,,
2月13日,地区级,北京,怀柔,,,,,,,,,
2月13日,地区级,北京,密云,,,,,,,,,
2月13日,地区级,北京,门头沟,,,,,,,,,
2月13日,地区级,北京,延庆,,,,,,,,,
2月13日,地区级,北京,地区待确认,,11.0,,,,,,,
2月13日,省级,河南,,15.0,55.0,1.0,,,,,,
2月13日,地区级,河南,信阳,3.0,11.0,1.0,,,,,,
2月13日,地区级,河南,南阳,1.0,,,,,,,,
2月13日,地区级,河南,郑州,1.0,,,,,,,,
2月13日,地区级,河南,驻马店,3.0,,,,,,,,
2月13日,地区级,河南,商丘,1.0,,,,,,,,
2月13日,地区级,河南,周口,1.0,,,,,,,,
2月13日,地区级,河南,平顶山,1.0,,,,,,,,
2月13日,地区级,河南,新乡,1.0,1.0,,,,,,,
2月13日,地区级,河南,安阳,,3.0,,,,,,,
2月13日,地区级,河南,许昌,3.0,,,,,,,,
2月13日,地区级,河南,漯河,,,,,,,,,
2月13日,地区级,河南,洛阳,,,,,,,,,
2月13日,地区级,河南,焦作,,,,,,,,,
2月13日,地区级,河南,开封,,,,,,,,,
2月13日,地区级,河南,鹤壁,,,,,,,,,
2月13日,地区级,河南,濮阳,,,,,,,,,
2月13日,地区级,河南,三门峡,,,,,,,,,
2月13日,地区级,河南,济源示范区,,,,,,,,,
2月13日,地区级,河南,地区待确认,,40.0,,,,,,,
2月13日,省级,广东,,20.0,48.0,,,,,,,
2月13日,地区级,广东,深圳,9.0,13.0,,,,,,,
2月13日,地区级,广东,广州,1.0,15.0,,,,,,,
2月13日,地区级,广东,珠海,2.0,6.0,,,,,,,
2月13日,地区级,广东,佛山,1.0,1.0,,,,,,,
2月13日,地区级,广东,东莞,3.0,,,,,,,,
2月13日,地区级,广东,中山,,1.0,,,,,,,
2月13日,地区级,广东,惠州,1.0,7.0,,,,,,,
2月13日,地区级,广东,汕头,,1.0,,,,,,,
2月13日,地区级,广东,湛江,1.0,2.0,,,,,,,
2月13日,地区级,广东,江门,,,,,,,,,
2月13日,地区级,广东,肇庆,1.0,,,,,,,,
2月13日,地区级,广东,梅州,1.0,,,,,,,,
2月13日,地区级,广东,阳江,,,,,,,,,
2月13日,地区级,广东,茂名,,,,,,,,,
2月13日,地区级,广东,清远,,,,,,,,,
2月13日,地区级,广东,揭阳,,,,,,,,,
2月13日,地区级,广东,韶关,,,,,,,,,
2月13日,地区级,广东,潮州,,,,,,,,,
2月13日,地区级,广东,汕尾,,,,,,,,,
2月13日,地区级,广东,河源,,,,,,,,,
2月13日,地区级,广东,地区待确认,,2.0,,,,,,,
2月14日,省级,安徽,,16.0,32.0,,,,,,,
2月14日,地区级,安徽,合肥,2.0,3.0,,,,,,,
2月14日,地区级,安徽,蚌埠,4.0,4.0,,,,,,,
2月14日,地区级,安徽,阜阳,4.0,5.0,,,,,,,
2月14日,地区级,安徽,亳州,1.0,3.0,,,,,,,
2月14日,地区级,安徽,安庆,1.0,3.0,,,,,,,
2月14日,地区级,安徽,六安,2.0,5.0,,,,,,,
2月14日,地区级,安徽,马鞍山,1.0,1.0,,,,,,,
2月14日,地区级,安徽,宿州,,1.0,,,,,,,
2月14日,地区级,安徽,芜湖,,3.0,,,,,,,
2月14日,地区级,安徽,铜陵,,,,,,,,,
2月14日,地区级,安徽,淮北,1.0,,,,,,,,
2月14日,地区级,安徽,淮南,,,,,,,,,
2月14日,地区级,安徽,池州,,1.0,,,,,,,
2月14日,地区级,安徽,滁州,,3.0,,,,,,,
2月14日,地区级,安徽,黄山,,,,,,,,,
2月14日,地区级,安徽,宣城,,,,,,,,,
2月14日,省级,澳门,,,,,,,,,,
2月14日,地区级,澳门,澳门,,,,,,,,,
2月14日,省级,福建,,4.0,7.0,,,,,,,
2月14日,地区级,福建,福州,,1.0,,,,,,,
2月14日,地区级,福建,莆田,1.0,,,,,,,,
2月14日,地区级,福建,泉州,2.0,,,,,,,,
2月14日,地区级,福建,厦门,,,,,,,,,
2月14日,地区级,福建,宁德,,,,,,,,,
2月14日,地区级,福建,南平,,1.0,,,,,,,
2月14日,地区级,福建,漳州,1.0,1.0,,,,,,,
2月14日,地区级,福建,三明,,2.0,,,,,,,
2月14日,地区级,福建,龙岩,,,,,,,,,
2月14日,地区级,福建,地区待确认,,2.0,,,,,,,
2月14日,省级,甘肃,,,5.0,,,,,,,
2月14日,地区级,甘肃,兰州,,,,,,,,,
2月14日,地区级,甘肃,天水,,3.0,,,,,,,
2月14日,地区级,甘肃,定西,,,,,,,,,
2月14日,地区级,甘肃,平凉,,,,,,,,,
2月14日,地区级,甘肃,甘南州,,,,,,,,,
2月14日,地区级,甘肃,陇南,,2.0,,,,,,,
2月14日,地区级,甘肃,白银,,,,,,,,,
2月14日,地区级,甘肃,庆阳,,,,,,,,,
2月14日,地区级,甘肃,临夏,,,,,,,,,
2月14日,地区级,甘肃,张掖,,,,,,,,,
2月14日,地区级,甘肃,金昌,,,,,,,,,
2月14日,省级,广西,,9.0,5.0,,,,,,,
2月14日,地区级,广西,南宁,2.0,1.0,,,,,,,
2月14日,地区级,广西,北海,3.0,3.0,,,,,,,
2月14日,地区级,广西,桂林,,,,,,,,,
2月14日,地区级,广西,柳州,2.0,,,,,,,,
2月14日,地区级,广西,河池,1.0,,,,,,,,
2月14日,地区级,广西,防城港,,,,,,,,,
2月14日,地区级,广西,来宾,,,,,,,,,
2月14日,地区级,广西,玉林,1.0,,,,,,,,
2月14日,地区级,广西,贵港,,,,,,,,,
2月14日,地区级,广西,钦州,,1.0,,,,,,,
2月14日,地区级,广西,梧州,,,,,,,,,
2月14日,地区级,广西,贺州,,,,,,,,,
2月14日,地区级,广西,百色,,,,,,,,,
2月14日,地区级,广西,崇左,,,,,,,,,
2月14日,省级,贵州,,3.0,5.0,,,,,,,
2月14日,地区级,贵州,贵阳,,,,,,,,,
2月14日,地区级,贵州,毕节,,1.0,,,,,,,
2月14日,地区级,贵州,遵义,3.0,2.0,,,,,,,
2月14日,地区级,贵州,六盘水,,,,,,,,,
2月14日,地区级,贵州,黔南州,,,,,,,,,
2月14日,地区级,贵州,黔东南州,,1.0,,,,,,,
2月14日,地区级,贵州,铜仁,,,,,,,,,
2月14日,地区级,贵州,黔西南州,,1.0,,,,,,,
2月14日,地区级,贵州,安顺,,,,,,,,,
2月14日,省级,海南,,5.0,8.0,,,,,,,
2月14日,地区级,海南,三亚,,1.0,,,,,,,
2月14日,地区级,海南,海口,4.0,2.0,,,,,,,
2月14日,地区级,海南,万宁,,2.0,,,,,,,
2月14日,地区级,海南,儋州,,,,,,,,,
2月14日,地区级,海南,澄迈县,1.0,1.0,,,,,,,
2月14日,地区级,海南,临高县,,1.0,,,,,,,
2月14日,地区级,海南,琼海,,1.0,,,,,,,
2月14日,地区级,海南,昌江县,,,,,,,,,
2月14日,地区级,海南,陵水县,,,,,,,,,
2月14日,地区级,海南,保亭,,,,,,,,,
2月14日,地区级,海南,文昌,,,,,,,,,
2月14日,地区级,海南,东方,,,,,,,,,
2月14日,地区级,海南,定安县,,,,,,,,,
2月14日,地区级,海南,乐东,,,,,,,,,
2月14日,地区级,海南,琼中县,,,,,,,,,
2月14日,省级,河北,,8.0,17.0,,,,,,,
2月14日,地区级,河北,沧州,1.0,2.0,,,,,,,
2月14日,地区级,河北,唐山,3.0,,,,,,,,
2月14日,地区级,河北,邯郸,,2.0,,,,,,,
2月14日,地区级,河北,保定,1.0,6.0,,,,,,,
2月14日,地区级,河北,石家庄,,3.0,,,,,,,
2月14日,地区级,河北,廊坊,,,,,,,,,
2月14日,地区级,河北,邢台,,,,,,,,,
2月14日,地区级,河北,张家口,2.0,3.0,,,,,,,
2月14日,地区级,河北,衡水,,,,,,,,,
2月14日,地区级,河北,承德,,1.0,,,,,,,
2月14日,地区级,河北,秦皇岛,1.0,,,,,,,,
2月14日,省级,黑龙江,,7.0,11.0,,,,,,,
2月14日,地区级,黑龙江,哈尔滨,3.0,4.0,,,,,,,
2月14日,地区级,黑龙江,双鸭山,,,,,,,,,
2月14日,地区级,黑龙江,绥化,1.0,4.0,,,,,,,
2月14日,地区级,黑龙江,鸡西,1.0,,,,,,,,
2月14日,地区级,黑龙江,齐齐哈尔,,,,,,,,,
2月14日,地区级,黑龙江,七台河,,,,,,,,,
2月14日,地区级,黑龙江,佳木斯,,2.0,,,,,,,
2月14日,地区级,黑龙江,大庆,1.0,,,,,,,,
2月14日,地区级,黑龙江,牡丹江,,,,,,,,,
2月14日,地区级,黑龙江,鹤岗,,1.0,,,,,,,
2月14日,地区级,黑龙江,黑河,,,,,,,,,
2月14日,地区级,黑龙江,大兴安岭,,,,,,,,,
2月14日,地区级,黑龙江,伊春,1.0,,,,,,,,
2月14日,省级,湖北,,2442.0,912.0,139.0,-22.0,,,,,
2月14日,地区级,湖北,武汉,1923.0,486.0,107.0,,,,,,
2月14日,地区级,湖北,孝感,105.0,58.0,5.0,,,,,,
2月14日,地区级,湖北,黄冈,26.0,107.0,9.0,,,,,,
2月14日,地区级,湖北,随州,28.0,24.0,3.0,-2.0,,,,,
2月14日,地区级,湖北,荆州,43.0,33.0,5.0,-12.0,,,,,
2月14日,地区级,湖北,襄阳,17.0,12.0,2.0,,,,,,
2月14日,地区级,湖北,黄石,37.0,33.0,2.0,,,,,,
2月14日,地区级,湖北,宜昌,29.0,11.0,2.0,,,,,,
2月14日,地区级,湖北,荆门,6.0,7.0,3.0,-5.0,,,,,
2月14日,地区级,湖北,鄂州,67.0,83.0,1.0,,,,,,
2月14日,地区级,湖北,咸宁,108.0,28.0,,,,,,,
2月14日,地区级,湖北,十堰,12.0,11.0,,-1.0,,,,,
2月14日,地区级,湖北,仙桃,14.0,5.0,,,,,,,
2月14日,地区级,湖北,天门,8.0,,,-2.0,,,,,
2月14日,地区级,湖北,恩施州,7.0,13.0,,,,,,,
2月14日,地区级,湖北,潜江,12.0,1.0,,,,,,,
2月14日,地区级,湖北,神农架,,,,,,,,,
2月14日,省级,湖南,,13.0,37.0,,,,,,,
2月14日,地区级,湖南,长沙,3.0,3.0,,,,,,,
2月14日,地区级,湖南,岳阳,4.0,4.0,,,,,,,
2月14日,地区级,湖南,邵阳,,9.0,,,,,,,
2月14日,地区级,湖南,常德,,1.0,,,,,,,
2月14日,地区级,湖南,娄底,2.0,4.0,,,,,,,
2月14日,地区级,湖南,株洲,1.0,2.0,,,,,,,
2月14日,地区级,湖南,益阳,,2.0,,,,,,,
2月14日,地区级,湖南,衡阳,1.0,1.0,,,,,,,
2月14日,地区级,湖南,永州,,,,,,,,,
2月14日,地区级,湖南,怀化,1.0,2.0,,,,,,,
2月14日,地区级,湖南,郴州,,7.0,,,,,,,
2月14日,地区级,湖南,湘潭,1.0,2.0,,,,,,,
2月14日,地区级,湖南,湘西自治州,,,,,,,,,
2月14日,地区级,湖南,张家界,,,,,,,,,
2月14日,省级,吉林,,2.0,,,,,,,,
2月14日,地区级,吉林,长春,1.0,,,,,,,,
2月14日,地区级,吉林,四平,,,,,,,,,
2月14日,地区级,吉林,辽源,1.0,,,,,,,,
2月14日,地区级,吉林,吉林,,,,,,,,,
2月14日,地区级,吉林,延边,,,,,,,,,
2月14日,地区级,吉林,通化,,,,,,,,,
2月14日,地区级,吉林,松原,,,,,,,,,
2月14日,地区级,吉林,白城,,,,,,,,,
2月14日,省级,江苏,,11.0,23.0,,,,,,,
2月14日,地区级,江苏,南京,,1.0,,,,,,,
2月14日,地区级,江苏,苏州,1.0,,,,,,,,
2月14日,地区级,江苏,徐州,1.0,3.0,,,,,,,
2月14日,地区级,江苏,淮安,4.0,5.0,,,,,,,
2月14日,地区级,江苏,无锡,1.0,6.0,,,,,,,
2月14日,地区级,江苏,连云港,1.0,4.0,,,,,,,
2月14日,地区级,江苏,南通,1.0,3.0,,,,,,,
2月14日,地区级,江苏,泰州,,1.0,,,,,,,
2月14日,地区级,江苏,常州,,,,,,,,,
2月14日,地区级,江苏,扬州,1.0,,,,,,,,
2月14日,地区级,江苏,盐城,1.0,,,,,,,,
2月14日,地区级,江苏,镇江,,,,,,,,,
2月14日,地区级,江苏,宿迁,,,,,,,,,
2月14日,省级,江西,,13.0,23.0,,,,,,,
2月14日,地区级,江西,南昌,5.0,5.0,,,,,,,
2月14日,地区级,江西,新余,3.0,3.0,,,,,,,
2月14日,地区级,江西,上饶,1.0,2.0,,,,,,,
2月14日,地区级,江西,九江,1.0,2.0,,,,,,,
2月14日,地区级,江西,宜春,1.0,2.0,,,,,,,
2月14日,地区级,江西,赣州,,2.0,,,,,,,
2月14日,地区级,江西,抚州,1.0,3.0,,,,,,,
2月14日,地区级,江西,萍乡,1.0,2.0,,,,,,,
2月14日,地区级,江西,吉安,,1.0,,,,,,,
2月14日,地区级,江西,鹰潭,,1.0,,,,,,,
2月14日,地区级,江西,景德镇,,,,,,,,,
2月14日,地区级,江西,赣江新区,,,,,,,,,
2月14日,省级,辽宁,,2.0,7.0,,,,,,,
2月14日,地区级,辽宁,沈阳,,2.0,,,,,,,
2月14日,地区级,辽宁,大连,1.0,,,,,,,,
2月14日,地区级,辽宁,锦州,,5.0,,,,,,,
2月14日,地区级,辽宁,盘锦,,,,,,,,,
2月14日,地区级,辽宁,葫芦岛,,,,,,,,,
2月14日,地区级,辽宁,阜新,,,,,,,,,
2月14日,地区级,辽宁,丹东,,,,,,,,,
2月14日,地区级,辽宁,朝阳市,,,,,,,,,
2月14日,地区级,辽宁,铁岭,,,,,,,,,
2月14日,地区级,辽宁,辽阳,,,,,,,,,
2月14日,地区级,辽宁,鞍山,1.0,,,,,,,,
2月14日,地区级,辽宁,本溪,,,,,,,,,
2月14日,地区级,辽宁,营口,,,,,,,,,
2月14日,省级,内蒙古,,3.0,,,,,,,,
2月14日,地区级,内蒙古,包头,,,,,,,,,
2月14日,地区级,内蒙古,鄂尔多斯,,,,,,,,,
2月14日,地区级,内蒙古,呼和浩特,,,,,,,,,
2月14日,地区级,内蒙古,通辽,,,,,,,,,
2月14日,地区级,内蒙古,巴彦淖尔,2.0,,,,,,,,
2月14日,地区级,内蒙古,呼伦贝尔,,,,,,,,,
2月14日,地区级,内蒙古,赤峰,,,,,,,,,
2月14日,地区级,内蒙古,乌兰察布,,,,,,,,,
2月14日,地区级,内蒙古,锡林郭勒,1.0,,,,,,,,
2月14日,地区级,内蒙古,乌海,,,,,,,,,
2月14日,地区级,内蒙古,兴安盟,,,,,,,,,
2月14日,省级,宁夏,,3.0,3.0,,,,,,,
2月14日,地区级,宁夏,银川,1.0,3.0,,,,,,,
2月14日,地区级,宁夏,吴忠,2.0,,,,,,,,
2月14日,地区级,宁夏,固原,,,,,,,,,
2月14日,地区级,宁夏,中卫,,,,,,,,,
2月14日,地区级,宁夏,石嘴山,,,,,,,,,
2月14日,地区级,宁夏,宁东,,,,,,,,,
2月14日,省级,青海,,,,,,,,,,
2月14日,地区级,青海,西宁,,,,,,,,,
2月14日,地区级,青海,海北州,,,,,,,,,
2月14日,省级,山东,,11.0,28.0,,,,,,,
2月14日,地区级,山东,青岛,3.0,4.0,,,,,,,
2月14日,地区级,山东,济南,,,,,,,,,
2月14日,地区级,山东,临沂,,12.0,,,,,,,
2月14日,地区级,山东,济宁,3.0,1.0,,,,,,,
2月14日,地区级,山东,烟台,,2.0,,,,,,,
2月14日,地区级,山东,潍坊,1.0,1.0,,,,,,,
2月14日,地区级,山东,威海,,,,,,,,,
2月14日,地区级,山东,聊城,,,,,,,,,
2月14日,地区级,山东,德州,1.0,1.0,,,,,,,
2月14日,地区级,山东,泰安,,,,,,,,,
2月14日,地区级,山东,枣庄,1.0,,,,,,,,
2月14日,地区级,山东,淄博,2.0,3.0,,,,,,,
2月14日,地区级,山东,菏泽,,2.0,,,,,,,
2月14日,地区级,山东,日照,,,,,,,,,
2月14日,地区级,山东,滨州,,2.0,,,,,,,
2月14日,省级,山西,,1.0,2.0,,,,,,,
2月14日,地区级,山西,晋中,,,,,,,,,
2月14日,地区级,山西,运城,,2.0,,,,,,,
2月14日,地区级,山西,太原,1.0,,,,,,,,
2月14日,地区级,山西,大同,,,,,,,,,
2月14日,地区级,山西,晋城,,,,,,,,,
2月14日,地区级,山西,忻州,,,,,,,,,
2月14日,地区级,山西,长治,,,,,,,,,
2月14日,地区级,山西,朔州,,,,,,,,,
2月14日,地区级,山西,吕梁,,,,,,,,,
2月14日,地区级,山西,阳泉,,,,,,,,,
2月14日,地区级,山西,临汾,,,,,,,,,
2月14日,省级,陕西,,2.0,4.0,,,,,,,
2月14日,地区级,陕西,西安,,3.0,,,,,,,
2月14日,地区级,陕西,安康,1.0,,,,,,,,
2月14日,地区级,陕西,汉中,,,,,,,,,
2月14日,地区级,陕西,咸阳,,1.0,,,,,,,
2月14日,地区级,陕西,渭南,1.0,,,,,,,,
2月14日,地区级,陕西,宝鸡,,,,,,,,,
2月14日,地区级,陕西,延安,,,,,,,,,
2月14日,地区级,陕西,铜川,,,,,,,,,
2月14日,地区级,陕西,商洛,,,,,,,,,
2月14日,地区级,陕西,榆林,,,,,,,,,
2月14日,省级,上海,,8.0,28.0,,,,,,,
2月14日,地区级,上海,外地来沪,7.0,8.0,,,,,,,
2月14日,地区级,上海,浦东,,11.0,,,,,,,
2月14日,地区级,上海,宝山,,1.0,,,,,,,
2月14日,地区级,上海,闵行,,1.0,,,,,,,
2月14日,地区级,上海,静安,,2.0,,,,,,,
2月14日,地区级,上海,徐汇,1.0,2.0,,,,,,,
2月14日,地区级,上海,松江,,,,,,,,,
2月14日,地区级,上海,长宁,,,,,,,,,
2月14日,地区级,上海,奉贤,,,,,,,,,
2月14日,地区级,上海,普陀,,1.0,,,,,,,
2月14日,地区级,上海,嘉定,,,,,,,,,
2月14日,地区级,上海,虹口,,,,,,,,,
2月14日,地区级,上海,杨浦,,,,,,,,,
2月14日,地区级,上海,黄浦,,,,,,,,,
2月14日,地区级,上海,青浦,,1.0,,,,,,,
2月14日,地区级,上海,金山,,1.0,,,,,,,
2月14日,地区级,上海,崇明,,,,,,,,,
2月14日,省级,四川,,7.0,10.0,,,,,,,
2月14日,地区级,四川,成都,4.0,1.0,,,,,,,
2月14日,地区级,四川,南充,,1.0,,,,,,,
2月14日,地区级,四川,广安,,1.0,,,,,,,
2月14日,地区级,四川,达州,,,,,,,,,
2月14日,地区级,四川,甘孜,1.0,,,,,,,,
2月14日,地区级,四川,巴中,,,,,,,,,
2月14日,地区级,四川,绵阳,,,,,,,,,
2月14日,地区级,四川,内江,1.0,2.0,,,,,,,
2月14日,地区级,四川,泸州,,,,,,,,,
2月14日,地区级,四川,德阳,,,,,,,,,
2月14日,地区级,四川,攀枝花,,,,,,,,,
2月14日,地区级,四川,遂宁,,,,,,,,,
2月14日,地区级,四川,凉山,1.0,1.0,,,,,,,
2月14日,地区级,四川,宜宾,,3.0,,,,,,,
2月14日,地区级,四川,自贡,,,,,,,,,
2月14日,地区级,四川,眉山,,,,,,,,,
2月14日,地区级,四川,广元,,1.0,,,,,,,
2月14日,地区级,四川,雅安,,,,,,,,,
2月14日,地区级,四川,乐山,,,,,,,,,
2月14日,地区级,四川,资阳,,,,,,,,,
2月14日,地区级,四川,阿坝,,,,,,,,,
2月14日,省级,台湾,,0.0,0.0,0.0,,,,,,
2月14日,地区级,台湾,台湾,0.0,0.0,0.0,,,,,,
2月14日,省级,天津,,1.0,11.0,,,,,,,
2月14日,地区级,天津,宝坻区,,4.0,,,,,,,
2月14日,地区级,天津,河北区,,4.0,,,,,,,
2月14日,地区级,天津,河东区,,1.0,,,,,,,
2月14日,地区级,天津,外地来津,,,,,,,,,
2月14日,地区级,天津,和平区,,,,,,,,,
2月14日,地区级,天津,河西区,,,,,,,,,
2月14日,地区级,天津,宁河区,,,,,,,,,
2月14日,地区级,天津,西青区,,,,,,,,,
2月14日,地区级,天津,东丽区,,,,,,,,,
2月14日,地区级,天津,滨海新区,,,,,,,,,
2月14日,地区级,天津,南开区,,1.0,,,,,,,
2月14日,地区级,天津,红桥区,,1.0,,,,,,,
2月14日,地区级,天津,北辰区,,,,,,,,,
2月14日,地区级,天津,津南区,,,,,,,,,
2月14日,地区级,天津,武清区,1.0,,,,,,,,
2月14日,省级,西藏,,,,,,,,,,
2月14日,地区级,西藏,拉萨,,,,,,,,,
2月14日,省级,香港,,3.0,,,,,,,,
2月14日,地区级,香港,香港,3.0,,,,,,,,
2月14日,省级,新疆,,5.0,,,,,,,,
2月14日,地区级,新疆,乌鲁木齐,,,,,,,,,
2月14日,地区级,新疆,伊犁州,2.0,,,,,,,,
2月14日,地区级,新疆,昌吉州,,,,,,,,,
2月14日,地区级,新疆,巴州,,,,,,,,,
2月14日,地区级,新疆,阿克苏,,,,,,,,,
2月14日,地区级,新疆,兵团第一师,,,,,,,,,
2月14日,地区级,新疆,兵团第二师,,,,,,,,,
2月14日,地区级,新疆,兵团第三师,,,,,,,,,
2月14日,地区级,新疆,兵团第四师,,,,,,,,,
2月14日,地区级,新疆,兵团第五师,,,,,,,,,
2月14日,地区级,新疆,兵团第六师,1.0,,,,,,,,
2月14日,地区级,新疆,兵团第七师,,,,,,,,,
2月14日,地区级,新疆,兵团第八师,1.0,,,,,,,,
2月14日,地区级,新疆,兵团第九师,,,,,,,,,
2月14日,地区级,新疆,兵团第十师,,,,,,,,,
2月14日,地区级,新疆,兵团第十一师,,,,,,,,,
2月14日,地区级,新疆,兵团第十二师,,,,,,,,,
2月14日,地区级,新疆,兵团第十三师,,,,,,,,,
2月14日,地区级,新疆,兵团第十四师,,,,,,,,,
2月14日,地区级,新疆,吐鲁番,1.0,,,,,,,,
2月14日,省级,云南,,6.0,8.0,,,,,,,
2月14日,地区级,云南,昆明,,,,,,,,,
2月14日,地区级,云南,西双版纳州,,1.0,,,,,,,
2月14日,地区级,云南,玉溪,,,,,,,,,
2月14日,地区级,云南,大理,,3.0,,,,,,,
2月14日,地区级,云南,昭通,6.0,,,,,,,,
2月14日,地区级,云南,曲靖,,4.0,,,,,,,
2月14日,地区级,云南,保山,,,,,,,,,
2月14日,地区级,云南,丽江,,,,,,,,,
2月14日,地区级,云南,红河,,,,,,,,,
2月14日,地区级,云南,德宏州,,,,,,,,,
2月14日,地区级,云南,普洱,,,,,,,,,
2月14日,地区级,云南,楚雄州,,,,,,,,,
2月14日,地区级,云南,文山州,,,,,,,,,
2月14日,地区级,云南,临沧,,,,,,,,,
2月14日,省级,浙江,,7.0,42.0,,,,,,,
2月14日,地区级,浙江,温州,3.0,19.0,,,,,,,
2月14日,地区级,浙江,杭州,1.0,4.0,,,,,,,
2月14日,地区级,浙江,宁波,1.0,11.0,,,,,,,
2月14日,地区级,浙江,台州,1.0,4.0,,,,,,,
2月14日,地区级,浙江,金华,,,,,,,,,
2月14日,地区级,浙江,绍兴,,1.0,,,,,,,
2月14日,地区级,浙江,嘉兴,1.0,2.0,,,,,,,
2月14日,地区级,浙江,丽水,,1.0,,,,,,,
2月14日,地区级,浙江,衢州,,,,,,,,,
2月14日,地区级,浙江,湖州,,,,,,,,,
2月14日,地区级,浙江,舟山,,,,,,,,,
2月14日,省级,重庆,,8.0,24.0,1.0,,,,,,
2月14日,地区级,重庆,万州区,1.0,4.0,1.0,,,,,,
2月14日,地区级,重庆,江北区,1.0,1.0,,,,,,,
2月14日,地区级,重庆,垫江县,,1.0,,,,,,,
2月14日,地区级,重庆,云阳县,1.0,1.0,,,,,,,
2月14日,地区级,重庆,九龙坡区,,,,,,,,,
2月14日,地区级,重庆,渝中区,,2.0,,,,,,,
2月14日,地区级,重庆,忠县,,2.0,,,,,,,
2月14日,地区级,重庆,合川区,,,,,,,,,
2月14日,地区级,重庆,开州区,,,,,,,,,
2月14日,地区级,重庆,两江新区,,,,,,,,,
2月14日,地区级,重庆,长寿区,1.0,,,,,,,,
2月14日,地区级,重庆,綦江区,1.0,2.0,,,,,,,
2月14日,地区级,重庆,奉节县,,1.0,,,,,,,
2月14日,地区级,重庆,渝北区,,1.0,,,,,,,
2月14日,地区级,重庆,潼南区,1.0,2.0,,,,,,,
2月14日,地区级,重庆,大足区,,,,,,,,,
2月14日,地区级,重庆,巫溪县,,,,,,,,,
2月14日,地区级,重庆,石柱县,,2.0,,,,,,,
2月14日,地区级,重庆,巫山县,,,,,,,,,
2月14日,地区级,重庆,丰都县,,1.0,,,,,,,
2月14日,地区级,重庆,璧山区,,1.0,,,,,,,
2月14日,地区级,重庆,荣昌区,1.0,,,,,,,,
2月14日,地区级,重庆,铜梁区,1.0,,,,,,,,
2月14日,地区级,重庆,南岸区,,1.0,,,,,,,
2月14日,地区级,重庆,大渡口区,,,,,,,,,
2月14日,地区级,重庆,永川区,,1.0,,,,,,,
2月14日,地区级,重庆,巴南区,,,,,,,,,
2月14日,地区级,重庆,江津区,,1.0,,,,,,,
2月14日,地区级,重庆,高新区,,,,,,,,,
2月14日,地区级,重庆,梁平区,,,,,,,,,
2月14日,地区级,重庆,涪陵区,,,,,,,,,
2月14日,地区级,重庆,沙坪坝区,,,,,,,,,
2月14日,地区级,重庆,城口县,,,,,,,,,
2月14日,地区级,重庆,彭水县,,,,,,,,,
2月14日,地区级,重庆,黔江区,,,,,,,,,
2月14日,地区级,重庆,万盛经开区,,,,,,,,,
2月14日,地区级,重庆,酉阳县,,,,,,,,,
2月14日,地区级,重庆,武隆区,,,,,,,,,
2月14日,地区级,重庆,秀山县,,,,,,,,,
2月14日,国家级,,,2663.0,1373.0,143.0,-22.0,,,,,
2月14日,省级,北京,,3.0,18.0,1.0,,,,,,
2月14日,地区级,北京,朝阳,,,,,,,,,
2月14日,地区级,北京,海淀,1.0,,,,,,,,
2月14日,地区级,北京,西城,,,,,,,,,
2月14日,地区级,北京,大兴,,,,,,,,,
2月14日,地区级,北京,丰台,2.0,,,,,,,,
2月14日,地区级,北京,外地来京,,,,,,,,,
2月14日,地区级,北京,昌平,,,,,,,,,
2月14日,地区级,北京,通州,,,,,,,,,
2月14日,地区级,北京,房山,,,,,,,,,
2月14日,地区级,北京,石景山,,,,,,,,,
2月14日,地区级,北京,顺义,,,,,,,,,
2月14日,地区级,北京,东城,,,,,,,,,
2月14日,地区级,北京,怀柔,,,,,,,,,
2月14日,地区级,北京,密云,,,,,,,,,
2月14日,地区级,北京,门头沟,,,,,,,,,
2月14日,地区级,北京,延庆,,,,,,,,,
2月14日,地区级,北京,地区待确认,,18.0,1.0,,,,,,
2月14日,省级,河南,,28.0,45.0,2.0,,-2.0,,,,
2月14日,地区级,河南,信阳,9.0,6.0,,,,,,,
2月14日,地区级,河南,南阳,4.0,1.0,,,,,,,
2月14日,地区级,河南,郑州,2.0,3.0,,,,,,,
2月14日,地区级,河南,驻马店,1.0,,,,,,,,
2月14日,地区级,河南,商丘,2.0,,,,,,,,
2月14日,地区级,河南,周口,1.0,,,,,,,,
2月14日,地区级,河南,平顶山,1.0,1.0,,,,,,,
2月14日,地区级,河南,新乡,,2.0,,,,,,,
2月14日,地区级,河南,安阳,1.0,,,,,,,,
2月14日,地区级,河南,许昌,,3.0,,,,,,,
2月14日,地区级,河南,漯河,1.0,3.0,,,,,,,
2月14日,地区级,河南,洛阳,1.0,4.0,,,,,,,
2月14日,地区级,河南,焦作,1.0,,,,,,,,
2月14日,地区级,河南,开封,,,,,,,,,
2月14日,地区级,河南,鹤壁,,,,,,,,,
2月14日,地区级,河南,濮阳,4.0,,,,,,,,
2月14日,地区级,河南,三门峡,,,,,,,,,
2月14日,地区级,河南,济源示范区,,,,,,,,,
2月14日,地区级,河南,地区待确认,,22.0,2.0,,-2.0,,,,
2月14日,省级,广东,,33.0,54.0,,,,,,,
2月14日,地区级,广东,深圳,6.0,10.0,,,,,,,
2月14日,地区级,广东,广州,7.0,13.0,,,,,,,
2月14日,地区级,广东,珠海,4.0,7.0,,,,,,,
2月14日,地区级,广东,佛山,2.0,4.0,,,,,,,
2月14日,地区级,广东,东莞,8.0,3.0,,,,,,,
2月14日,地区级,广东,中山,1.0,4.0,,,,,,,
2月14日,地区级,广东,惠州,2.0,4.0,,,,,,,
2月14日,地区级,广东,汕头,,1.0,,,,,,,
2月14日,地区级,广东,湛江,,,,,,,,,
2月14日,地区级,广东,江门,,1.0,,,,,,,
2月14日,地区级,广东,肇庆,,,,,,,,,
2月14日,地区级,广东,梅州,1.0,2.0,,,,,,,
2月14日,地区级,广东,阳江,,,,,,,,,
2月14日,地区级,广东,茂名,,1.0,,,,,,,
2月14日,地区级,广东,清远,,2.0,,,,,,,
2月14日,地区级,广东,揭阳,,1.0,,,,,,,
2月14日,地区级,广东,韶关,2.0,,,,,,,,
2月14日,地区级,广东,潮州,,,,,,,,,
2月14日,地区级,广东,汕尾,,,,,,,,,
2月14日,地区级,广东,河源,,,,,,,,,
2月14日,地区级,广东,地区待确认,,1.0,,,,,,,
2月15日,省级,安徽,,12.0,34.0,,,,,,,
2月15日,地区级,安徽,合肥,1.0,5.0,,,,,,,
2月15日,地区级,安徽,蚌埠,4.0,2.0,,,,,,,
2月15日,地区级,安徽,阜阳,2.0,4.0,,,,,,,
2月15日,地区级,安徽,亳州,1.0,6.0,,,,,,,
2月15日,地区级,安徽,安庆,,1.0,,,,,,,
2月15日,地区级,安徽,六安,2.0,7.0,,,,,,,
2月15日,地区级,安徽,马鞍山,1.0,1.0,,,,,,,
2月15日,地区级,安徽,宿州,,,,,,,,,
2月15日,地区级,安徽,芜湖,,3.0,,,,,,,
2月15日,地区级,安徽,铜陵,,,,,,,,,
2月15日,地区级,安徽,淮北,,4.0,,,,,,,
2月15日,地区级,安徽,淮南,1.0,1.0,,,,,,,
2月15日,地区级,安徽,池州,,,,,,,,,
2月15日,地区级,安徽,滁州,,,,,,,,,
2月15日,地区级,安徽,黄山,,,,,,,,,
2月15日,地区级,安徽,宣城,,,,,,,,,
2月15日,省级,澳门,,,,,,,,,,
2月15日,地区级,澳门,澳门,,,,,,,,,
2月15日,省级,福建,,2.0,11.0,,,,,,,
2月15日,地区级,福建,福州,2.0,2.0,,,,,,,
2月15日,地区级,福建,莆田,,,,,,,,,
2月15日,地区级,福建,泉州,,,,,,,,,
2月15日,地区级,福建,厦门,,2.0,,,,,,,
2月15日,地区级,福建,宁德,,,,,,,,,
2月15日,地区级,福建,南平,,1.0,,,,,,,
2月15日,地区级,福建,漳州,,1.0,,,,,,,
2月15日,地区级,福建,三明,,,,,,,,,
2月15日,地区级,福建,龙岩,,,,,,,,,
2月15日,地区级,福建,地区待确认,,5.0,,,,,,,
2月15日,省级,甘肃,,,5.0,,,,,,,
2月15日,地区级,甘肃,兰州,,,,,,,,,
2月15日,地区级,甘肃,天水,,,,,,,,,
2月15日,地区级,甘肃,定西,,4.0,,,,,,,
2月15日,地区级,甘肃,平凉,,,,,,,,,
2月15日,地区级,甘肃,甘南州,,,,,,,,,
2月15日,地区级,甘肃,陇南,,,,,,,,,
2月15日,地区级,甘肃,白银,,1.0,,,,,,,
2月15日,地区级,甘肃,庆阳,,,,,,,,,
2月15日,地区级,甘肃,临夏,,,,,,,,,
2月15日,地区级,甘肃,张掖,,,,,,,,,
2月15日,地区级,甘肃,金昌,,,,,,,,,
2月15日,省级,广西,,2.0,6.0,,,,,,,
2月15日,地区级,广西,南宁,1.0,,,,,,,,
2月15日,地区级,广西,北海,,,,,,,,,
2月15日,地区级,广西,桂林,,5.0,,,,,,,
2月15日,地区级,广西,柳州,,1.0,,,,,,,
2月15日,地区级,广西,河池,,,,,,,,,
2月15日,地区级,广西,防城港,1.0,,,,,,,,
2月15日,地区级,广西,来宾,,,,,,,,,
2月15日,地区级,广西,玉林,,,,,,,,,
2月15日,地区级,广西,贵港,,,,,,,,,
2月15日,地区级,广西,钦州,,,,,,,,,
2月15日,地区级,广西,梧州,,,,,,,,,
2月15日,地区级,广西,贺州,,,,,,,,,
2月15日,地区级,广西,百色,,,,,,,,,
2月15日,地区级,广西,崇左,,,,,,,,,
2月15日,省级,贵州,,1.0,4.0,,,,,,,
2月15日,地区级,贵州,贵阳,,2.0,,,,,,,
2月15日,地区级,贵州,毕节,,1.0,,,,,,,
2月15日,地区级,贵州,遵义,1.0,,,,,,,,
2月15日,地区级,贵州,六盘水,,,,,,,,,
2月15日,地区级,贵州,黔南州,,,,,,,,,
2月15日,地区级,贵州,黔东南州,,,,,,,,,
2月15日,地区级,贵州,铜仁,,1.0,,,,,,,
2月15日,地区级,贵州,黔西南州,,,,,,,,,
2月15日,地区级,贵州,安顺,,,,,,,,,
2月15日,省级,海南,,,1.0,,,,,,,
2月15日,地区级,海南,三亚,,,,,,,,,
2月15日,地区级,海南,海口,,,,,,,,,
2月15日,地区级,海南,万宁,,,,,,,,,
2月15日,地区级,海南,儋州,,,,,,,,,
2月15日,地区级,海南,澄迈县,,,,,,,,,
2月15日,地区级,海南,临高县,,,,,,,,,
2月15日,地区级,海南,琼海,,,,,,,,,
2月15日,地区级,海南,昌江县,,,,,,,,,
2月15日,地区级,海南,陵水县,,,,,,,,,
2月15日,地区级,海南,保亭,,,,,,,,,
2月15日,地区级,海南,文昌,,,,,,,,,
2月15日,地区级,海南,东方,,1.0,,,,,,,
2月15日,地区级,海南,定安县,,,,,,,,,
2月15日,地区级,海南,乐东,,,,,,,,,
2月15日,地区级,海南,琼中县,,,,,,,,,
2月15日,省级,河北,,9.0,14.0,,,,,,,
2月15日,地区级,河北,沧州,1.0,,,,,,,,
2月15日,地区级,河北,唐山,5.0,5.0,,,,,,,
2月15日,地区级,河北,邯郸,,,,,,,,,
2月15日,地区级,河北,保定,,2.0,,,,,,,
2月15日,地区级,河北,石家庄,1.0,,,,,,,,
2月15日,地区级,河北,廊坊,1.0,2.0,,,,,,,
2月15日,地区级,河北,邢台,,2.0,,,,,,,
2月15日,地区级,河北,张家口,1.0,2.0,,,,,,,
2月15日,地区级,河北,衡水,,,,,,,,,
2月15日,地区级,河北,承德,,,,,,,,,
2月15日,地区级,河北,秦皇岛,,1.0,,,,,,,
2月15日,省级,黑龙江,,20.0,22.0,,,,,,,
2月15日,地区级,黑龙江,哈尔滨,15.0,11.0,,,,,,,
2月15日,地区级,黑龙江,双鸭山,1.0,,,,,,,,
2月15日,地区级,黑龙江,绥化,,5.0,,,,,,,
2月15日,地区级,黑龙江,鸡西,1.0,,,,,,,,
2月15日,地区级,黑龙江,齐齐哈尔,2.0,,,,,,,,
2月15日,地区级,黑龙江,七台河,,3.0,,,,,,,
2月15日,地区级,黑龙江,佳木斯,,2.0,,,,,,,
2月15日,地区级,黑龙江,大庆,,1.0,,,,,,,
2月15日,地区级,黑龙江,牡丹江,,,,,,,,,
2月15日,地区级,黑龙江,鹤岗,,,,,,,,,
2月15日,地区级,黑龙江,黑河,1.0,,,,,,,,
2月15日,地区级,黑龙江,大兴安岭,,,,,,,,,
2月15日,省级,湖北,,1848.0,849.0,139.0,-5.0,,,,,
2月15日,地区级,湖北,武汉,1548.0,413.0,110.0,,,,,,
2月15日,地区级,湖北,孝感,87.0,40.0,3.0,,,,,,
2月15日,地区级,湖北,黄冈,6.0,105.0,7.0,,,,,,
2月15日,地区级,湖北,随州,22.0,17.0,3.0,,,,,,
2月15日,地区级,湖北,荆州,12.0,71.0,4.0,,,,,,
2月15日,地区级,湖北,襄阳,16.0,29.0,1.0,,,,,,
2月15日,地区级,湖北,黄石,8.0,22.0,1.0,,,,,,
2月15日,地区级,湖北,宜昌,,48.0,6.0,-5.0,,,,,
2月15日,地区级,湖北,荆门,7.0,5.0,2.0,,,,,,
2月15日,地区级,湖北,鄂州,38.0,23.0,1.0,,,,,,
2月15日,地区级,湖北,咸宁,12.0,25.0,,,,,,,
2月15日,地区级,湖北,十堰,5.0,16.0,,,,,,,
2月15日,地区级,湖北,仙桃,9.0,24.0,,,,,,,
2月15日,地区级,湖北,天门,25.0,6.0,,,,,,,
2月15日,地区级,湖北,恩施州,3.0,5.0,,,,,,,
2月15日,地区级,湖北,潜江,50.0,,1.0,,,,,,
2月15日,地区级,湖北,神农架,,,,,,,,,
2月15日,省级,湖南,,3.0,41.0,1.0,,,,,,
2月15日,地区级,湖南,长沙,,7.0,1.0,,,,,,
2月15日,地区级,湖南,岳阳,1.0,3.0,,,,,,,
2月15日,地区级,湖南,邵阳,1.0,9.0,,,,,,,
2月15日,地区级,湖南,常德,1.0,1.0,,,,,,,
2月15日,地区级,湖南,娄底,,5.0,,,,,,,
2月15日,地区级,湖南,株洲,,6.0,,,,,,,
2月15日,地区级,湖南,益阳,,1.0,,,,,,,
2月15日,地区级,湖南,衡阳,,2.0,,,,,,,
2月15日,地区级,湖南,永州,,4.0,,,,,,,
2月15日,地区级,湖南,怀化,,2.0,,,,,,,
2月15日,地区级,湖南,郴州,,,,,,,,,
2月15日,地区级,湖南,湘潭,,,,,,,,,
2月15日,地区级,湖南,湘西自治州,,,,,,,,,
2月15日,地区级,湖南,张家界,,1.0,,,,,,,
2月15日,省级,吉林,,1.0,3.0,,,,,,,
2月15日,地区级,吉林,长春,1.0,1.0,,,,,,,
2月15日,地区级,吉林,四平,,2.0,,,,,,,
2月15日,地区级,吉林,辽源,,,,,,,,,
2月15日,地区级,吉林,吉林,,,,,,,,,
2月15日,地区级,吉林,延边,,,,,,,,,
2月15日,地区级,吉林,通化,,,,,,,,,
2月15日,地区级,吉林,松原,,,,,,,,,
2月15日,地区级,吉林,白城,,,,,,,,,
2月15日,省级,江苏,,13.0,30.0,,,,,,,
2月15日,地区级,江苏,南京,1.0,2.0,,,,,,,
2月15日,地区级,江苏,苏州,,9.0,,,,,,,
2月15日,地区级,江苏,徐州,1.0,3.0,,,,,,,
2月15日,地区级,江苏,淮安,3.0,2.0,,,,,,,
2月15日,地区级,江苏,无锡,1.0,3.0,,,,,,,
2月15日,地区级,江苏,连云港,2.0,2.0,,,,,,,
2月15日,地区级,江苏,南通,,2.0,,,,,,,
2月15日,地区级,江苏,泰州,,,,,,,,,
2月15日,地区级,江苏,常州,3.0,,,,,,,,
2月15日,地区级,江苏,扬州,1.0,1.0,,,,,,,
2月15日,地区级,江苏,盐城,,3.0,,,,,,,
2月15日,地区级,江苏,镇江,,2.0,,,,,,,
2月15日,地区级,江苏,宿迁,1.0,1.0,,,,,,,
2月15日,省级,江西,,12.0,29.0,,,,,,,
2月15日,地区级,江西,南昌,5.0,3.0,,,,,,,
2月15日,地区级,江西,新余,2.0,3.0,,,,,,,
2月15日,地区级,江西,上饶,,11.0,,,,,,,
2月15日,地区级,江西,九江,2.0,4.0,,,,,,,
2月15日,地区级,江西,宜春,2.0,,,,,,,,
2月15日,地区级,江西,赣州,,3.0,,,,,,,
2月15日,地区级,江西,抚州,,3.0,,,,,,,
2月15日,地区级,江西,萍乡,,,,,,,,,
2月15日,地区级,江西,吉安,1.0,2.0,,,,,,,
2月15日,地区级,江西,鹰潭,,,,,,,,,
2月15日,地区级,江西,景德镇,,,,,,,,,
2月15日,地区级,江西,赣江新区,,,,,,,,,
2月15日,省级,辽宁,,1.0,3.0,,,,,,,
2月15日,地区级,辽宁,沈阳,,,,,,,,,
2月15日,地区级,辽宁,大连,,1.0,,,,,,,
2月15日,地区级,辽宁,锦州,,1.0,,,,,,,
2月15日,地区级,辽宁,盘锦,,,,,,,,,
2月15日,地区级,辽宁,葫芦岛,1.0,,,,,,,,
2月15日,地区级,辽宁,阜新,,,,,,,,,
2月15日,地区级,辽宁,丹东,,,,,,,,,
2月15日,地区级,辽宁,朝阳市,,,,,,,,,
2月15日,地区级,辽宁,铁岭,,,,,,,,,
2月15日,地区级,辽宁,辽阳,,1.0,,,,,,,
2月15日,地区级,辽宁,鞍山,,,,,,,,,
2月15日,地区级,辽宁,本溪,,,,,,,,,
2月15日,地区级,辽宁,营口,,,,,,,,,
2月15日,省级,内蒙古,,2.0,1.0,,,,,,,
2月15日,地区级,内蒙古,包头,,,,,,,,,
2月15日,地区级,内蒙古,鄂尔多斯,,1.0,,,,,,,
2月15日,地区级,内蒙古,呼和浩特,,,,,,,,,
2月15日,地区级,内蒙古,通辽,,,,,,,,,
2月15日,地区级,内蒙古,巴彦淖尔,,,,,,,,,
2月15日,地区级,内蒙古,呼伦贝尔,,,,,,,,,
2月15日,地区级,内蒙古,赤峰,2.0,,,,,,,,
2月15日,地区级,内蒙古,乌兰察布,,,,,,,,,
2月15日,地区级,内蒙古,锡林郭勒,,,,,,,,,
2月15日,地区级,内蒙古,乌海,,,,,,,,,
2月15日,地区级,内蒙古,兴安盟,,,,,,,,,
2月15日,省级,宁夏,,,6.0,,,,,,,
2月15日,地区级,宁夏,银川,,5.0,,,,,,,
2月15日,地区级,宁夏,吴忠,,,,,,,,,
2月15日,地区级,宁夏,固原,,,,,,,,,
2月15日,地区级,宁夏,中卫,,1.0,,,,,,,
2月15日,地区级,宁夏,石嘴山,,,,,,,,,
2月15日,地区级,宁夏,宁东,,,,,,,,,
2月15日,省级,青海,,,2.0,,,,,,,
2月15日,地区级,青海,西宁,,2.0,,,,,,,
2月15日,地区级,青海,海北州,,,,,,,,,
2月15日,省级,山东,,7.0,25.0,,,,,,,
2月15日,地区级,山东,青岛,1.0,3.0,,,,,,,
2月15日,地区级,山东,济南,,,,,,,,,
2月15日,地区级,山东,临沂,,4.0,,,,,,,
2月15日,地区级,山东,济宁,2.0,3.0,,,,,,,
2月15日,地区级,山东,烟台,,1.0,,,,,,,
2月15日,地区级,山东,潍坊,1.0,2.0,,,,,,,
2月15日,地区级,山东,威海,,,,,,,,,
2月15日,地区级,山东,聊城,,7.0,,,,,,,
2月15日,地区级,山东,德州,1.0,,,,,,,,
2月15日,地区级,山东,泰安,,1.0,,,,,,,
2月15日,地区级,山东,枣庄,,,,,,,,,
2月15日,地区级,山东,淄博,1.0,,,,,,,,
2月15日,地区级,山东,菏泽,,2.0,,,,,,,
2月15日,地区级,山东,日照,1.0,1.0,,,,,,,
2月15日,地区级,山东,滨州,,1.0,,,,,,,
2月15日,省级,山西,,1.0,8.0,,,,,,,
2月15日,地区级,山西,晋中,,1.0,,,,,,,
2月15日,地区级,山西,运城,,3.0,,,,,,,
2月15日,地区级,山西,太原,0.0,3.0,,,,,,,
2月15日,地区级,山西,大同,,,,,,,,,
2月15日,地区级,山西,晋城,1.0,,,,,,,,
2月15日,地区级,山西,忻州,,,,,,,,,
2月15日,地区级,山西,长治,,,,,,,,,
2月15日,地区级,山西,朔州,,,,,,,,,
2月15日,地区级,山西,吕梁,,1.0,,,,,,,
2月15日,地区级,山西,阳泉,,,,,,,,,
2月15日,地区级,山西,临汾,,,,,,,,,
2月15日,省级,陕西,,4.0,11.0,,,,,,,
2月15日,地区级,陕西,西安,,7.0,,,,,,,
2月15日,地区级,陕西,安康,,,,,,,,,
2月15日,地区级,陕西,汉中,4.0,,,,,,,,
2月15日,地区级,陕西,咸阳,,,,,,,,,
2月15日,地区级,陕西,渭南,,2.0,,,,,,,
2月15日,地区级,陕西,宝鸡,,,,,,,,,
2月15日,地区级,陕西,延安,,,,,,,,,
2月15日,地区级,陕西,铜川,,,,,,,,,
2月15日,地区级,陕西,商洛,,2.0,,,,,,,
2月15日,地区级,陕西,榆林,,,,,,,,,
2月15日,省级,上海,,2.0,34.0,,,,,,,
2月15日,地区级,上海,外地来沪,,13.0,,,,,,,
2月15日,地区级,上海,浦东,1.0,4.0,,,,,,,
2月15日,地区级,上海,宝山,1.0,3.0,,,,,,,
2月15日,地区级,上海,闵行,,2.0,,,,,,,
2月15日,地区级,上海,静安,,2.0,,,,,,,
2月15日,地区级,上海,徐汇,,,,,,,,,
2月15日,地区级,上海,松江,,1.0,,,,,,,
2月15日,地区级,上海,长宁,,3.0,,,,,,,
2月15日,地区级,上海,奉贤,,,,,,,,,
2月15日,地区级,上海,普陀,,1.0,,,,,,,
2月15日,地区级,上海,嘉定,,1.0,,,,,,,
2月15日,地区级,上海,虹口,,1.0,,,,,,,
2月15日,地区级,上海,杨浦,,1.0,,,,,,,
2月15日,地区级,上海,黄浦,,1.0,,,,,,,
2月15日,地区级,上海,青浦,,1.0,,,,,,,
2月15日,地区级,上海,金山,,,,,,,,,
2月15日,地区级,上海,崇明,,,,,,,,,
2月15日,省级,四川,,11.0,12.0,2.0,,,,,,
2月15日,地区级,四川,成都,1.0,5.0,2.0,,,,,,
2月15日,地区级,四川,南充,,2.0,,,,,,,
2月15日,地区级,四川,广安,,2.0,,,,,,,
2月15日,地区级,四川,达州,,,,,,,,,
2月15日,地区级,四川,甘孜,6.0,,,,,,,,
2月15日,地区级,四川,巴中,,,,,,,,,
2月15日,地区级,四川,绵阳,,1.0,,,,,,,
2月15日,地区级,四川,内江,,,,,,,,,
2月15日,地区级,四川,泸州,,,,,,,,,
2月15日,地区级,四川,德阳,,,,,,,,,
2月15日,地区级,四川,攀枝花,,1.0,,,,,,,
2月15日,地区级,四川,遂宁,2.0,,,,,,,,
2月15日,地区级,四川,凉山,2.0,1.0,,,,,,,
2月15日,地区级,四川,宜宾,,,,,,,,,
2月15日,地区级,四川,自贡,,,,,,,,,
2月15日,地区级,四川,眉山,,,,,,,,,
2月15日,地区级,四川,广元,,,,,,,,,
2月15日,地区级,四川,雅安,,,,,,,,,
2月15日,地区级,四川,乐山,,,,,,,,,
2月15日,地区级,四川,资阳,,,,,,,,,
2月15日,地区级,四川,阿坝,,,,,,,,,
2月15日,省级,台湾,,,1.0,,,,,,,
2月15日,地区级,台湾,台湾,,1.0,,,,,,,
2月15日,省级,天津,,2.0,5.0,,,,,,,
2月15日,地区级,天津,宝坻区,2.0,2.0,,,,,,,
2月15日,地区级,天津,河北区,,,,,,,,,
2月15日,地区级,天津,河东区,,2.0,,,,,,,
2月15日,地区级,天津,外地来津,,1.0,,,,,,,
2月15日,地区级,天津,和平区,,,,,,,,,
2月15日,地区级,天津,河西区,,,,,,,,,
2月15日,地区级,天津,宁河区,,,,,,,,,
2月15日,地区级,天津,西青区,,,,,,,,,
2月15日,地区级,天津,东丽区,,,,,,,,,
2月15日,地区级,天津,滨海新区,,,,,,,,,
2月15日,地区级,天津,南开区,,,,,,,,,
2月15日,地区级,天津,红桥区,,,,,,,,,
2月15日,地区级,天津,北辰区,,,,,,,,,
2月15日,地区级,天津,津南区,,,,,,,,,
2月15日,地区级,天津,武清区,,,,,,,,,
2月15日,省级,西藏,,,,,,,,,,
2月15日,地区级,西藏,拉萨,,,,,,,,,
2月15日,省级,香港,,,,,,,,,,
2月15日,地区级,香港,香港,,,,,,,,,
2月15日,省级,新疆,,1.0,5.0,,,,,,,
2月15日,地区级,新疆,乌鲁木齐,,1.0,,,,,,,
2月15日,地区级,新疆,伊犁州,,3.0,,,,,,,
2月15日,地区级,新疆,昌吉州,,,,,,,,,
2月15日,地区级,新疆,巴州,,,,,,,,,
2月15日,地区级,新疆,阿克苏,,,,,,,,,
2月15日,地区级,新疆,兵团第一师,,,,,,,,,
2月15日,地区级,新疆,兵团第二师,,,,,,,,,
2月15日,地区级,新疆,兵团第三师,,,,,,,,,
2月15日,地区级,新疆,兵团第四师,,,,,,,,,
2月15日,地区级,新疆,兵团第五师,,,,,,,,,
2月15日,地区级,新疆,兵团第六师,,,,,,,,,
2月15日,地区级,新疆,兵团第七师,,,,,,,,,
2月15日,地区级,新疆,兵团第八师,,1.0,,,,,,,
2月15日,地区级,新疆,兵团第九师,,,,,,,,,
2月15日,地区级,新疆,兵团第十师,,,,,,,,,
2月15日,地区级,新疆,兵团第十一师,,,,,,,,,
2月15日,地区级,新疆,兵团第十二师,,,,,,,,,
2月15日,地区级,新疆,兵团第十三师,,,,,,,,,
2月15日,地区级,新疆,兵团第十四师,,,,,,,,,
2月15日,地区级,新疆,吐鲁番,1.0,,,,,,,,
2月15日,省级,云南,,1.0,7.0,,,,,,,
2月15日,地区级,云南,昆明,1.0,,,,,,,,
2月15日,地区级,云南,西双版纳州,,,,,,,,,
2月15日,地区级,云南,玉溪,,,,,,,,,
2月15日,地区级,云南,大理,,,,,,,,,
2月15日,地区级,云南,昭通,,,,,,,,,
2月15日,地区级,云南,曲靖,,,,,,,,,
2月15日,地区级,云南,保山,,2.0,,,,,,,
2月15日,地区级,云南,丽江,,3.0,,,,,,,
2月15日,地区级,云南,红河,,,,,,,,,
2月15日,地区级,云南,德宏州,,,,,,,,,
2月15日,地区级,云南,普洱,,1.0,,,,,,,
2月15日,地区级,云南,楚雄州,,,,,,,,,
2月15日,地区级,云南,文山州,,,,,,,,,
2月15日,地区级,云南,临沧,,1.0,,,,,,,
2月15日,省级,浙江,,5.0,28.0,,,,,,,
2月15日,地区级,浙江,温州,3.0,10.0,,,,,,,
2月15日,地区级,浙江,杭州,,2.0,,,,,,,
2月15日,地区级,浙江,宁波,1.0,7.0,,,,,,,
2月15日,地区级,浙江,台州,1.0,7.0,,,,,,,
2月15日,地区级,浙江,金华,,,,,,,,,
2月15日,地区级,浙江,绍兴,,,,,,,,,
2月15日,地区级,浙江,嘉兴,,1.0,,,,,,,
2月15日,地区级,浙江,丽水,,,,,,,,,
2月15日,地区级,浙江,衢州,,1.0,,,,,,,
2月15日,地区级,浙江,湖州,,,,,,,,,
2月15日,地区级,浙江,舟山,,,,,,,,,
2月15日,省级,重庆,,7.0,32.0,,,,,,,
2月15日,地区级,重庆,万州区,1.0,7.0,,,,,,,
2月15日,地区级,重庆,江北区,1.0,,,,,,,,
2月15日,地区级,重庆,垫江县,,1.0,,,,,,,
2月15日,地区级,重庆,云阳县,,3.0,,,,,,,
2月15日,地区级,重庆,九龙坡区,,4.0,,,,,,,
2月15日,地区级,重庆,渝中区,,2.0,,,,,,,
2月15日,地区级,重庆,忠县,1.0,,,,,,,,
2月15日,地区级,重庆,合川区,,1.0,,,,,,,
2月15日,地区级,重庆,开州区,,,,,,,,,
2月15日,地区级,重庆,两江新区,,3.0,,,,,,,
2月15日,地区级,重庆,长寿区,2.0,1.0,,,,,,,
2月15日,地区级,重庆,綦江区,1.0,2.0,,,,,,,
2月15日,地区级,重庆,奉节县,,1.0,,,,,,,
2月15日,地区级,重庆,渝北区,,,,,,,,,
2月15日,地区级,重庆,潼南区,1.0,,,,,,,,
2月15日,地区级,重庆,大足区,,1.0,,,,,,,
2月15日,地区级,重庆,巫溪县,,1.0,,,,,,,
2月15日,地区级,重庆,石柱县,,,,,,,,,
2月15日,地区级,重庆,巫山县,,,,,,,,,
2月15日,地区级,重庆,丰都县,,1.0,,,,,,,
2月15日,地区级,重庆,璧山区,,,,,,,,,
2月15日,地区级,重庆,荣昌区,,,,,,,,,
2月15日,地区级,重庆,铜梁区,,1.0,,,,,,,
2月15日,地区级,重庆,南岸区,,,,,,,,,
2月15日,地区级,重庆,大渡口区,,,,,,,,,
2月15日,地区级,重庆,永川区,,,,,,,,,
2月15日,地区级,重庆,巴南区,,,,,,,,,
2月15日,地区级,重庆,江津区,,,,,,,,,
2月15日,地区级,重庆,高新区,,,,,,,,,
2月15日,地区级,重庆,梁平区,,2.0,,,,,,,
2月15日,地区级,重庆,涪陵区,,,,,,,,,
2月15日,地区级,重庆,沙坪坝区,,,,,,,,,
2月15日,地区级,重庆,城口县,,,,,,,,,
2月15日,地区级,重庆,彭水县,,,,,,,,,
2月15日,地区级,重庆,黔江区,,,,,,,,,
2月15日,地区级,重庆,万盛经开区,,,,,,,,,
2月15日,地区级,重庆,酉阳县,,,,,,,,,
2月15日,地区级,重庆,武隆区,,1.0,,,,,,,
2月15日,地区级,重庆,秀山县,,,,,,,,,
2月15日,国家级,,,2014.0,1323.0,142.0,-6.0,,,,,
2月15日,省级,北京,,5.0,8.0,,,,,,,
2月15日,地区级,北京,朝阳,,,,,,,,,
2月15日,地区级,北京,海淀,1.0,,,,,,,,
2月15日,地区级,北京,西城,,,,,,,,,
2月15日,地区级,北京,大兴,,,,,,,,,
2月15日,地区级,北京,丰台,1.0,,,,,,,,
2月15日,地区级,北京,外地来京,,,,,,,,,
2月15日,地区级,北京,昌平,1.0,,,,,,,,
2月15日,地区级,北京,通州,1.0,,,,,,,,
2月15日,地区级,北京,房山,1.0,,,,,,,,
2月15日,地区级,北京,石景山,,,,,,,,,
2月15日,地区级,北京,顺义,,,,,,,,,
2月15日,地区级,北京,东城,,,,,,,,,
2月15日,地区级,北京,怀柔,,,,,,,,,
2月15日,地区级,北京,密云,,,,,,,,,
2月15日,地区级,北京,门头沟,,,,,,,,,
2月15日,地区级,北京,延庆,,,,,,,,,
2月15日,地区级,北京,地区待确认,,8.0,,,,,,,
2月15日,省级,河南,,19.0,42.0,,,-1.0,,,,
2月15日,地区级,河南,信阳,9.0,4.0,,,,,,,
2月15日,地区级,河南,南阳,1.0,,,,,,,,
2月15日,地区级,河南,郑州,4.0,,,,,,,,
2月15日,地区级,河南,驻马店,,,,,,,,,
2月15日,地区级,河南,商丘,1.0,,,,,,,,
2月15日,地区级,河南,周口,1.0,,,,,,,,
2月15日,地区级,河南,平顶山,,1.0,,,,,,,
2月15日,地区级,河南,新乡,1.0,2.0,,,,,,,
2月15日,地区级,河南,安阳,,1.0,,,,,,,
2月15日,地区级,河南,许昌,1.0,2.0,,,,,,,
2月15日,地区级,河南,漯河,,3.0,,,,,,,
2月15日,地区级,河南,洛阳,,2.0,,,,,,,
2月15日,地区级,河南,焦作,,,,,,,,,
2月15日,地区级,河南,开封,1.0,,,,,,,,
2月15日,地区级,河南,鹤壁,,,,,,,,,
2月15日,地区级,河南,濮阳,,1.0,,,,,,,
2月15日,地区级,河南,三门峡,,,,,,,,,
2月15日,地区级,河南,济源示范区,,,,,,,,,
2月15日,地区级,河南,地区待确认,,26.0,,,-1.0,,,,
2月15日,省级,广东,,22.0,50.0,,,,,,,
2月15日,地区级,广东,深圳,8.0,11.0,,,,,,,
2月15日,地区级,广东,广州,3.0,15.0,,,,,,,
2月15日,地区级,广东,珠海,1.0,3.0,,,,,,,
2月15日,地区级,广东,佛山,,1.0,,,,,,,
2月15日,地区级,广东,东莞,8.0,2.0,,,,,,,
2月15日,地区级,广东,中山,,5.0,,,,,,,
2月15日,地区级,广东,惠州,,8.0,,,,,,,
2月15日,地区级,广东,汕头,,2.0,,,,,,,
2月15日,地区级,广东,湛江,,,,,,,,,
2月15日,地区级,广东,江门,1.0,,,,,,,,
2月15日,地区级,广东,肇庆,,1.0,,,,,,,
2月15日,地区级,广东,梅州,1.0,,,,,,,,
2月15日,地区级,广东,阳江,,2.0,,,,,,,
2月15日,地区级,广东,茂名,,,,,,,,,
2月15日,地区级,广东,清远,,,,,,,,,
2月15日,地区级,广东,揭阳,,,,,,,,,
2月15日,地区级,广东,韶关,,1.0,,,,,,,
2月15日,地区级,广东,潮州,,1.0,,,,,,,
2月15日,地区级,广东,汕尾,,,,,,,,,
2月15日,地区级,广东,河源,,,,,,,,,
2月15日,地区级,广东,地区待确认,,-2.0,,,,,,,
2月16日,地区级,安徽,合肥,2.0,6.0,,,,,171.0,,
2月16日,地区级,安徽,淮北,1.0,,,,,,27.0,,
2月16日,地区级,安徽,亳州,,10.0,,,,,108.0,,
2月16日,地区级,安徽,宿州,1.0,2.0,,,,,40.0,,
2月16日,地区级,安徽,蚌埠,1.0,4.0,,,,,158.0,,
2月16日,地区级,安徽,阜阳,1.0,5.0,,,,,153.0,,
2月16日,地区级,安徽,滁州,,,,,,,13.0,,
2月16日,地区级,安徽,六安,3.0,1.0,,,,,68.0,,
2月16日,地区级,安徽,铜陵,,,,,,,28.0,,
2月16日,地区级,安徽,马鞍山,,,,,,,36.0,,
2月16日,地区级,安徽,池州,,2.0,,,,,17.0,,
2月16日,地区级,安徽,安庆,1.0,1.0,,,,,83.0,,
2月16日,地区级,安徽,淮南,1.0,1.0,,,,,25.0,,
2月16日,地区级,安徽,芜湖,,2.0,,,,,31.0,,
2月16日,地区级,安徽,宣城,,,,,,,6.0,,
2月16日,地区级,安徽,黄山,,,,,,,9.0,,
2月16日,省级,安徽,,11.0,34.0,,,,,973.0,266.0,6.0
2月16日,地区级,澳门,澳门,,2.0,,,,,10.0,5.0,
2月16日,省级,澳门,,,2.0,,,,,10.0,5.0,
2月16日,地区级,北京,东城,,,,,,,12.0,,
2月16日,地区级,北京,西城,,,,,,,46.0,,
2月16日,地区级,北京,朝阳,,,,,,,58.0,,
2月16日,地区级,北京,丰台,,,,,,,39.0,,
2月16日,地区级,北京,石景山,,,,,,,14.0,,
2月16日,地区级,北京,海淀,,,,,,,60.0,,
2月16日,地区级,北京,门头沟,,,,,,,3.0,,
2月16日,地区级,北京,房山,1.0,,,,,,16.0,,
2月16日,地区级,北京,通州,,,,,,,18.0,,
2月16日,地区级,北京,顺义,,,,,,,10.0,,
2月16日,地区级,北京,昌平,,,,,,,25.0,,
2月16日,地区级,北京,大兴,,,,,,,39.0,,
2月16日,地区级,北京,怀柔,,,,,,,7.0,,
2月16日,地区级,北京,平谷,,,,,,,,,
2月16日,地区级,北京,密云,,,,,,,7.0,,
2月16日,地区级,北京,延庆,,,,,,,1.0,,
2月16日,地区级,北京,外地来京,,,,,,,26.0,,
2月16日,地区级,北京,地区待确认,,9.0,,,,,,114.0,4.0
2月16日,省级,北京,,1.0,9.0,,,,,381.0,114.0,4.0
2月16日,地区级,重庆,万州区,3.0,1.0,,,,,108.0,35.0,3.0
2月16日,地区级,重庆,黔江区,,,,,,,2.0,2.0,
2月16日,地区级,重庆,涪陵区,,,,,,,3.0,1.0,
2月16日,地区级,重庆,渝中区,,5.0,,,,,20.0,12.0,
2月16日,地区级,重庆,大渡口区,,1.0,,,,,7.0,5.0,
2月16日,地区级,重庆,江北区,1.0,,,,,,28.0,3.0,
2月16日,地区级,重庆,沙坪坝区,,1.0,,,,,8.0,1.0,
2月16日,地区级,重庆,九龙坡区,,1.0,,,,,20.0,8.0,1.0
2月16日,地区级,重庆,南岸区,,1.0,,,,,15.0,3.0,
2月16日,地区级,重庆,北碚区,,,,,,,,,
2月16日,地区级,重庆,渝北区,,2.0,,,,,15.0,7.0,
2月16日,地区级,重庆,巴南区,,,,,,,6.0,1.0,
2月16日,地区级,重庆,长寿区,1.0,,,,,,21.0,9.0,
2月16日,地区级,重庆,江津区,,,,,,,4.0,2.0,
2月16日,地区级,重庆,合川区,,,,,,,23.0,6.0,
2月16日,地区级,重庆,永川区,,,,,,,5.0,2.0,
2月16日,地区级,重庆,南川区,,,,,,,,,
2月16日,地区级,重庆,綦江区,,1.0,,,,,23.0,6.0,
2月16日,地区级,重庆,大足区,,1.0,,,,,14.0,3.0,
2月16日,地区级,重庆,璧山区,1.0,1.0,,,,,9.0,5.0,
2月16日,地区级,重庆,铜梁区,,1.0,,,,,9.0,3.0,
2月16日,地区级,重庆,潼南区,,,,,,,18.0,2.0,
2月16日,地区级,重庆,荣昌区,,3.0,,,,,9.0,3.0,
2月16日,地区级,重庆,开州区,,1.0,,,,,20.0,13.0,1.0
2月16日,地区级,重庆,梁平区,,,,,,,4.0,4.0,
2月16日,地区级,重庆,武隆区,,,,,,,1.0,1.0,
2月16日,地区级,重庆,城口县,,,,,,,2.0,2.0,
2月16日,地区级,重庆,丰都县,,,,,,,10.0,3.0,
2月16日,地区级,重庆,垫江县,,1.0,,,,,20.0,6.0,
2月16日,地区级,重庆,忠县,,1.0,,,,,20.0,10.0,
2月16日,地区级,重庆,云阳县,1.0,,,,,,24.0,16.0,
2月16日,地区级,重庆,奉节县,,1.0,,,,,20.0,6.0,
2月16日,地区级,重庆,巫山县,,,,,,,10.0,5.0,
2月16日,地区级,重庆,巫溪县,,,,,,,13.0,8.0,
2月16日,地区级,重庆,石柱县,,,,,,,14.0,5.0,
2月16日,地区级,重庆,秀山县,,,,,,,1.0,1.0,
2月16日,地区级,重庆,酉阳县,,,,,,,1.0,,
2月16日,地区级,重庆,彭水县,,,,,,,2.0,,
2月16日,地区级,重庆,两江新区,,,,,,,17.0,7.0,
2月16日,地区级,重庆,高新区,,,,,,,4.0,1.0,
2月16日,地区级,重庆,万盛经开区,,,,,,,1.0,,
2月16日,省级,重庆,,7.0,23.0,,,,,551.0,207.0,5.0
2月16日,地区级,福建,地区待确认,,7.0,,,,,,84.0,
2月16日,地区级,福建,厦门,1.0,,,,,,35.0,,
2月16日,地区级,福建,漳州,,,,,,,20.0,,
2月16日,地区级,福建,泉州,,,,,,,46.0,,
2月16日,地区级,福建,南平,,,,,,,20.0,,
2月16日,地区级,福建,福州,1.0,,,,,,69.0,,
2月16日,地区级,福建,莆田,,,,,,,55.0,,
2月16日,地区级,福建,宁德,,,,,,,25.0,,
2月16日,地区级,福建,三明,1.0,,,,,,14.0,,
2月16日,地区级,福建,龙岩,,,,,,,6.0,,
2月16日,省级,福建,,3.0,7.0,,,,,290.0,84.0,
2月16日,地区级,甘肃,兰州,,3.0,,,,,35.0,20.0,2.0
2月16日,地区级,甘肃,天水,,,,,,,12.0,9.0,
2月16日,地区级,甘肃,定西,,,,,,,9.0,8.0,
2月16日,地区级,甘肃,平凉,,,,,,,9.0,1.0,
2月16日,地区级,甘肃,甘南州,,2.0,,,,,8.0,4.0,
2月16日,地区级,甘肃,白银,,,,,,,4.0,1.0,
2月16日,地区级,甘肃,陇南,,,,,,,4.0,3.0,
2月16日,地区级,甘肃,庆阳,,,,,,,3.0,2.0,
2月16日,地区级,甘肃,临夏,,,,,,,3.0,3.0,
2月16日,地区级,甘肃,张掖,,,,,,,2.0,2.0,
2月16日,地区级,甘肃,金昌,,,,,,,1.0,1.0,
2月16日,地区级,甘肃,嘉峪关,,,,,,,,,
2月16日,地区级,甘肃,酒泉,,,,,,,,,
2月16日,地区级,甘肃,武威,,,,,,,,,
2月16日,省级,甘肃,,,5.0,,,,,90.0,54.0,2.0
2月16日,地区级,广东,深圳,1.0,16.0,2.0,,,,415.0,131.0,2.0
2月16日,地区级,广东,广州,1.0,10.0,,,,,339.0,131.0,
2月16日,地区级,广东,珠海,1.0,4.0,,,,,97.0,41.0,
2月16日,地区级,广东,佛山,,,,,,,84.0,23.0,
2月16日,地区级,广东,东莞,,3.0,,,,,89.0,15.0,1.0
2月16日,地区级,广东,中山,1.0,3.0,,,,,66.0,34.0,
2月16日,地区级,广东,惠州,,,,,,,58.0,26.0,
2月16日,地区级,广东,汕头,,2.0,,,,,25.0,13.0,
2月16日,地区级,广东,江门,,,,,,,23.0,3.0,
2月16日,地区级,广东,湛江,,,,,,,22.0,11.0,
2月16日,地区级,广东,肇庆,,,,,,,17.0,8.0,1.0
2月16日,地区级,广东,梅州,,,,,,,16.0,7.0,
2月16日,地区级,广东,阳江,,,,,,,13.0,7.0,
2月16日,地区级,广东,茂名,1.0,,,,,,14.0,3.0,
2月16日,地区级,广东,清远,,,,,,,12.0,7.0,
2月16日,地区级,广东,韶关,,,,,,,10.0,4.0,
2月16日,地区级,广东,揭阳,,,,,,,8.0,4.0,
2月16日,地区级,广东,汕尾,,,,,,,5.0,1.0,
2月16日,地区级,广东,潮州,,,,,,,5.0,1.0,
2月16日,地区级,广东,河源,1.0,,,,,,4.0,1.0,
2月16日,地区级,广东,地区待确认,,-1.0,,,,,,2.0,
2月16日,省级,广东,,6.0,37.0,2.0,,,,1322.0,473.0,4.0
2月16日,地区级,广西,南宁,1.0,3.0,,,,,51.0,,
2月16日,地区级,广西,柳州,,,,,,,24.0,,
2月16日,地区级,广西,桂林,,,,,,,31.0,,
2月16日,地区级,广西,梧州,,,,,,,5.0,,
2月16日,地区级,广西,北海,,2.0,,,,,43.0,,1.0
2月16日,地区级,广西,防城港,,,,,,,18.0,,
2月16日,地区级,广西,钦州,,,,,,,8.0,,
2月16日,地区级,广西,贵港,,,,,,,8.0,,
2月16日,地区级,广西,玉林,,,,,,,10.0,,
2月16日,地区级,广西,百色,,,,,,,3.0,,
2月16日,地区级,广西,贺州,,,,,,,4.0,,
2月16日,地区级,广西,河池,,,,,,,22.0,,1.0
2月16日,地区级,广西,来宾,,,,,,,11.0,,
2月16日,地区级,广西,地区待确认,,,,,,,,,
2月16日,省级,广西,,1.0,5.0,,,,,238.0,51.0,2.0
2月16日,地区级,贵州,贵阳,2.0,4.0,,,,,36.0,10.0,
2月16日,地区级,贵州,六盘水,,,,,,,10.0,3.0,1.0
2月16日,地区级,贵州,铜仁,,,,,,,10.0,7.0,
2月16日,地区级,贵州,黔东南州,,1.0,,,,,10.0,4.0,
2月16日,地区级,贵州,遵义,,2.0,,,,,32.0,5.0,
2月16日,地区级,贵州,安顺,,1.0,,,,,4.0,1.0,
2月16日,地区级,贵州,黔南州,,1.0,,,,,17.0,6.0,
2月16日,地区级,贵州,毕节,,1.0,,,,,23.0,7.0,
2月16日,地区级,贵州,黔西南州,,,,,,,4.0,4.0,
2月16日,省级,贵州,,2.0,10.0,,,,,146.0,47.0,1.0
2月16日,地区级,海南,海口,,3.0,,,,,33.0,12.0,
2月16日,地区级,海南,三亚,,,,,,,54.0,15.0,1.0
2月16日,地区级,海南,三沙,,,,,,,,,
2月16日,地区级,海南,儋州,,5.0,,,,,15.0,7.0,
2月16日,地区级,海南,五指山,,,,,,,,,
2月16日,地区级,海南,琼海,,2.0,,,,,6.0,3.0,1.0
2月16日,地区级,海南,文昌,,,,,,,3.0,1.0,
2月16日,地区级,海南,万宁,,1.0,,,,,13.0,4.0,
2月16日,地区级,海南,东方,,,,,,,3.0,2.0,
2月16日,地区级,海南,定安县,,1.0,,,,,3.0,2.0,1.0
2月16日,地区级,海南,屯昌县,,,,,,,,,
2月16日,地区级,海南,澄迈县,,,,,,,9.0,1.0,1.0
2月16日,地区级,海南,临高县,,,,,,,6.0,3.0,
2月16日,地区级,海南,白沙县,,,,,,,,,
2月16日,地区级,海南,昌江县,,,,,,,7.0,,
2月16日,地区级,海南,乐东,,,,,,,2.0,,
2月16日,地区级,海南,陵水县,,,,,,,4.0,,
2月16日,地区级,海南,保亭,,1.0,,,,,3.0,1.0,
2月16日,地区级,海南,琼中县,,,,,,,1.0,1.0,
2月16日,地区级,海南,地区待确认,,,,,,,,,
2月16日,省级,海南,,,13.0,,,,,162.0,52.0,4.0
2月16日,地区级,河北,沧州,,4.0,,,,,47.0,18.0,2.0
2月16日,地区级,河北,唐山,,,,,,,51.0,9.0,
2月16日,地区级,河北,张家口,,,,,,,34.0,9.0,
2月16日,地区级,河北,保定,,2.0,,,,,32.0,21.0,
2月16日,地区级,河北,邯郸,,1.0,,,,,31.0,10.0,
2月16日,地区级,河北,廊坊,,,,,,,30.0,14.0,
2月16日,地区级,河北,石家庄,,,,,,,28.0,7.0,
2月16日,地区级,河北,邢台,1.0,,,,,,23.0,10.0,1.0
2月16日,地区级,河北,秦皇岛,,,,,,,10.0,3.0,
2月16日,地区级,河北,衡水,,,,,,,8.0,4.0,
2月16日,地区级,河北,承德,,2.0,,,,,7.0,4.0,
2月16日,地区级,河北,地区待确认,,,,,,,,,
2月16日,省级,河北,,1.0,9.0,,,,,301.0,109.0,3.0
2月16日,地区级,黑龙江,哈尔滨,6.0,2.0,,,,,188.0,32.0,3.0
2月16日,地区级,黑龙江,齐齐哈尔,4.0,2.0,,,,,42.0,10.0,1.0
2月16日,地区级,黑龙江,鸡西,,1.0,,,,,46.0,2.0,
2月16日,地区级,黑龙江,鹤岗,,,,,,,5.0,2.0,
2月16日,地区级,黑龙江,双鸭山,1.0,,,,,,50.0,1.0,2.0
2月16日,地区级,黑龙江,大庆,1.0,1.0,,,,,20.0,3.0,1.0
2月16日,地区级,黑龙江,伊春,,,,,,,1.0,,
2月16日,地区级,黑龙江,佳木斯,,2.0,,,,,15.0,11.0,
2月16日,地区级,黑龙江,七台河,,,,,,,16.0,4.0,
2月16日,地区级,黑龙江,牡丹江,,,,,,,12.0,1.0,
2月16日,地区级,黑龙江,黑河,,,,,,,14.0,,
2月16日,地区级,黑龙江,绥化,,1.0,,,,,46.0,13.0,4.0
2月16日,地区级,黑龙江,大兴安岭,,1.0,,,,,2.0,1.0,
2月16日,地区级,黑龙江,地区待确认,,,,,,,,,
2月16日,省级,黑龙江,,12.0,10.0,,,,,457.0,80.0,11.0
2月16日,地区级,河南,信阳,1.0,10.0,,,,,262.0,10.0,
2月16日,地区级,河南,南阳,3.0,,,,,,154.0,,
2月16日,地区级,河南,郑州,3.0,,,,,,151.0,,
2月16日,地区级,河南,驻马店,,,,,,,138.0,,
2月16日,地区级,河南,商丘,,,,,,,91.0,,
2月16日,地区级,河南,周口,4.0,,,,,,75.0,,
2月16日,地区级,河南,平顶山,,4.0,,,,,58.0,4.0,
2月16日,地区级,河南,新乡,1.0,9.0,,,,,57.0,9.0,
2月16日,地区级,河南,安阳,,1.0,,,,,51.0,1.0,
2月16日,地区级,河南,许昌,,1.0,,,,,38.0,1.0,
2月16日,地区级,河南,漯河,,,,,,,34.0,,
2月16日,地区级,河南,洛阳,,1.0,,,,,31.0,1.0,
2月16日,地区级,河南,焦作,2.0,,,,,,32.0,,
2月16日,地区级,河南,开封,,,,,,,26.0,,
2月16日,地区级,河南,鹤壁,,1.0,,,,,19.0,1.0,
2月16日,地区级,河南,濮阳,,,,,,,17.0,,
2月16日,地区级,河南,三门峡,,,,,,,7.0,,
2月16日,地区级,河南,济源示范区,1.0,,,,,,5.0,,
2月16日,地区级,河南,地区待确认,,14.0,3.0,,,,,411.0,16.0
2月16日,省级,河南,,15.0,41.0,3.0,,,,1246.0,438.0,16.0
2月16日,地区级,湖北,武汉,1690.0,543.0,76.0,,,,41152.0,,1309.0
2月16日,地区级,湖北,孝感,78.0,96.0,5.0,,,,3279.0,,70.0
2月16日,地区级,湖北,黄冈,8.0,122.0,3.0,,,,2831.0,,78.0
2月16日,地区级,湖北,随州,13.0,27.0,2.0,,,,1267.0,,24.0
2月16日,地区级,湖北,荆州,11.0,42.0,1.0,,,,1501.0,,37.0
2月16日,地区级,湖北,襄阳,11.0,37.0,1.0,,,,1155.0,,20.0
2月16日,地区级,湖北,黄石,,14.0,1.0,-5.0,,,983.0,,15.0
2月16日,地区级,湖北,宜昌,,16.0,3.0,-6.0,,,895.0,,24.0
2月16日,地区级,湖北,荆门,6.0,15.0,3.0,,,,915.0,,33.0
2月16日,地区级,湖北,鄂州,44.0,22.0,1.0,,,,1274.0,,35.0
2月16日,地区级,湖北,咸宁,9.0,29.0,2.0,,,,861.0,,10.0
2月16日,地区级,湖北,十堰,10.0,10.0,,,,,612.0,,2.0
2月16日,地区级,湖北,仙桃,8.0,20.0,2.0,,,,531.0,,19.0
2月16日,地区级,湖北,天门,38.0,12.0,,,,,485.0,,10.0
2月16日,地区级,湖北,恩施州,2.0,5.0,,,,,249.0,,4.0
2月16日,地区级,湖北,潜江,16.0,6.0,,,,,182.0,,6.0
2月16日,地区级,湖北,神农架,,,,,,,10.0,,
2月16日,地区级,湖北,地区待确认,,,,,,,,,
2月16日,省级,湖北,,1944.0,1016.0,100.0,-11.0,,,58182.0,6639.0,1696.0
2月16日,地区级,湖南,长沙,,15.0,,,,,241.0,88.0,1.0
2月16日,地区级,湖南,株洲,,4.0,,,,,78.0,33.0,
2月16日,地区级,湖南,湘潭,,1.0,,,,,35.0,15.0,
2月16日,地区级,湖南,衡阳,1.0,,,,,,48.0,28.0,
2月16日,地区级,湖南,邵阳,,5.0,,,,,101.0,64.0,1.0
2月16日,地区级,湖南,岳阳,,3.0,,,,,154.0,54.0,1.0
2月16日,地区级,湖南,常德,,3.0,,,,,79.0,31.0,
2月16日,地区级,湖南,张家界,,,,,,,5.0,4.0,
2月16日,地区级,湖南,益阳,,2.0,,,,,59.0,27.0,
2月16日,地区级,湖南,郴州,,,,,,,39.0,22.0,
2月16日,地区级,湖南,永州,,1.0,,,,,43.0,28.0,
2月16日,地区级,湖南,怀化,,2.0,,,,,40.0,32.0,
2月16日,地区级,湖南,娄底,1.0,1.0,,,,,76.0,35.0,
2月16日,地区级,湖南,湘西自治州,,,,,,,8.0,6.0,
2月16日,省级,湖南,,2.0,37.0,,,,,1006.0,467.0,3.0
2月16日,地区级,江苏,南京,,3.0,,,,,92.0,32.0,
2月16日,地区级,江苏,无锡,2.0,1.0,,,,,55.0,19.0,
2月16日,地区级,江苏,徐州,1.0,5.0,,,,,79.0,28.0,
2月16日,地区级,江苏,常州,3.0,9.0,,,,,49.0,20.0,
2月16日,地区级,江苏,苏州,,,,,,,86.0,26.0,
2月16日,地区级,江苏,南通,,1.0,,,,,40.0,16.0,
2月16日,地区级,江苏,连云港,,1.0,,,,,48.0,13.0,
2月16日,地区级,江苏,淮安,2.0,8.0,,,,,65.0,21.0,
2月16日,地区级,江苏,盐城,,3.0,,,,,27.0,12.0,
2月16日,地区级,江苏,扬州,1.0,1.0,,,,,23.0,8.0,
2月16日,地区级,江苏,镇江,,,,,,,12.0,4.0,
2月16日,地区级,江苏,泰州,,4.0,,,,,37.0,20.0,
2月16日,地区级,江苏,宿迁,,,,,,,13.0,7.0,
2月16日,地区级,江苏,地区待确认,,,,,,,,,
2月16日,省级,江苏,,9.0,36.0,,,,,626.0,226.0,
2月16日,地区级,江西,南昌,1.0,14.0,,,,,228.0,89.0,
2月16日,地区级,江西,景德镇,1.0,2.0,,,,,6.0,3.0,
2月16日,地区级,江西,萍乡,1.0,1.0,,,,,33.0,5.0,
2月16日,地区级,江西,九江,,,,,,,117.0,22.0,
2月16日,地区级,江西,新余,,7.0,,,,,129.0,44.0,
2月16日,地区级,江西,鹰潭,,,,,,,18.0,3.0,
2月16日,地区级,江西,赣州,,1.0,,,,,76.0,18.0,1.0
2月16日,地区级,江西,吉安,,1.0,,,,,21.0,10.0,
2月16日,地区级,江西,宜春,2.0,4.0,,,,,106.0,24.0,
2月16日,地区级,江西,抚州,,2.0,,,,,72.0,22.0,
2月16日,地区级,江西,上饶,,4.0,,,,,123.0,35.0,
2月16日,地区级,江西,赣江新区,,,,,,,1.0,,
2月16日,省级,江西,,5.0,36.0,,,,,930.0,275.0,1.0
2月16日,地区级,吉林,长春,,2.0,,,,,45.0,16.0,
2月16日,地区级,吉林,吉林,,,,,,,5.0,3.0,
2月16日,地区级,吉林,四平,,,,,,,20.0,6.0,1.0
2月16日,地区级,吉林,辽源,,,,,,,7.0,1.0,
2月16日,地区级,吉林,通化,,,,,,,4.0,1.0,
2月16日,地区级,吉林,白山,,,,,,,,,
2月16日,地区级,吉林,松原,,,,,,,2.0,1.0,
2月16日,地区级,吉林,白城,,,,,,,1.0,,
2月16日,地区级,吉林,延边,,,,,,,5.0,2.0,
2月16日,地区级,吉林,地区待确认,,,,,,,,,
2月16日,省级,吉林,,,2.0,,,,,89.0,30.0,1.0
2月16日,地区级,辽宁,沈阳,,2.0,,,,,28.0,11.0,
2月16日,地区级,辽宁,大连,1.0,,,,,,19.0,5.0,
2月16日,地区级,辽宁,鞍山,,,,,,,4.0,,
2月16日,地区级,辽宁,抚顺,,,,,,,,,
2月16日,地区级,辽宁,本溪,,,,,,,3.0,1.0,
2月16日,地区级,辽宁,丹东,,,,,,,7.0,4.0,
2月16日,地区级,辽宁,锦州,,,,,,,12.0,7.0,
2月16日,地区级,辽宁,营口,,,,,,,1.0,1.0,
2月16日,地区级,辽宁,阜新,,3.0,,,,,8.0,3.0,
2月16日,地区级,辽宁,辽阳,,,,,,,3.0,2.0,
2月16日,地区级,辽宁,盘锦,,2.0,,,,,11.0,2.0,
2月16日,地区级,辽宁,铁岭,,1.0,,,,,7.0,2.0,
2月16日,地区级,辽宁,朝阳市,,1.0,,,,,6.0,3.0,
2月16日,地区级,辽宁,葫芦岛,,,,,,,12.0,,1.0
2月16日,省级,辽宁,,1.0,9.0,,,,,121.0,41.0,1.0
2月16日,地区级,内蒙古,呼和浩特,,,,,,,7.0,,
2月16日,地区级,内蒙古,包头,,,,,,,11.0,,
2月16日,地区级,内蒙古,乌海,,,,,,,2.0,,
2月16日,地区级,内蒙古,赤峰,,,,,,,9.0,2.0,
2月16日,地区级,内蒙古,通辽,,,,,,,6.0,,
2月16日,地区级,内蒙古,鄂尔多斯,,,,,,,11.0,3.0,
2月16日,地区级,内蒙古,呼伦贝尔,,,,,,,6.0,1.0,
2月16日,地区级,内蒙古,巴彦淖尔,,,,,,,8.0,,
2月16日,地区级,内蒙古,乌兰察布,,1.0,,,,,3.0,1.0,
2月16日,地区级,内蒙古,兴安盟,,,,,,,1.0,,
2月16日,地区级,内蒙古,锡林郭勒,2.0,,,,,,8.0,1.0,
2月16日,省级,内蒙古,,2.0,1.0,,,,,72.0,8.0,
2月16日,地区级,宁夏,银川,,,,,,,33.0,20.0,
2月16日,地区级,宁夏,吴忠,,,,,,,27.0,6.0,
2月16日,地区级,宁夏,固原,,,,,,,5.0,2.0,
2月16日,地区级,宁夏,中卫,,,,,,,3.0,3.0,
2月16日,地区级,宁夏,宁东,,,,,,,1.0,1.0,
2月16日,地区级,宁夏,石嘴山,,,,,,,1.0,1.0,
2月16日,地区级,宁夏,地区待确认,,,,,,,,,
2月16日,省级,宁夏,,,,,,,,70.0,33.0,
2月16日,地区级,青海,西宁,,,,,,,15.0,11.0,
2月16日,地区级,青海,海东,,,,,,,,,
2月16日,地区级,青海,海北州,,,,,,,3.0,2.0,
2月16日,地区级,青海,黄南州,,,,,,,,,
2月16日,地区级,青海,海南州,,,,,,,,,
2月16日,地区级,青海,果洛州,,,,,,,,,
2月16日,地区级,青海,玉树州,,,,,,,,,
2月16日,地区级,青海,海西州,,,,,,,,,
2月16日,地区级,青海,地区待确认,,,,,,,,,
2月16日,省级,青海,,,,,,,,18.0,13.0,
2月16日,国家级,,,2059.0,1425.0,105.0,-11.0,,,70548.0,10844.0,1770.0
2月16日,地区级,陕西,西安,3.0,5.0,,,,,117.0,30.0,
2月16日,地区级,陕西,铜川,,,,,,,8.0,4.0,
2月16日,地区级,陕西,宝鸡,,1.0,,,,,13.0,8.0,
2月16日,地区级,陕西,咸阳,,1.0,,,,,18.0,6.0,
2月16日,地区级,陕西,渭南,,1.0,,,,,16.0,3.0,
2月16日,地区级,陕西,延安,,,,,,,8.0,6.0,
2月16日,地区级,陕西,汉中,,,,,,,25.0,1.0,
2月16日,地区级,陕西,榆林,,,,,,,3.0,1.0,
2月16日,地区级,陕西,安康,1.0,2.0,,,,,25.0,7.0,
2月16日,地区级,陕西,商洛,,,,,,,7.0,2.0,
2月16日,地区级,陕西,地区待确认,,,,,,,,6.0,
2月16日,省级,陕西,,4.0,10.0,,,,,240.0,74.0,
2月16日,地区级,山东,济南,,,,,,,47.0,11.0,
2月16日,地区级,山东,青岛,,4.0,,,,,57.0,26.0,1.0
2月16日,地区级,山东,淄博,,,,,,,29.0,4.0,
2月16日,地区级,山东,枣庄,,,,,,,24.0,4.0,
2月16日,地区级,山东,东营,,,,,,,,,
2月16日,地区级,山东,烟台,1.0,,,,,,47.0,13.0,
2月16日,地区级,山东,潍坊,1.0,1.0,,,,,44.0,10.0,
2月16日,地区级,山东,济宁,1.0,,,,,,52.0,18.0,
2月16日,地区级,山东,泰安,,,,,,,32.0,5.0,
2月16日,地区级,山东,威海,,,,,,,38.0,9.0,
2月16日,地区级,山东,日照,,,,,,,16.0,3.0,
2月16日,地区级,山东,临沂,,3.0,,,,,47.0,32.0,
2月16日,地区级,山东,德州,,,,,,,37.0,7.0,1.0
2月16日,地区级,山东,聊城,,1.0,,,,,38.0,11.0,
2月16日,地区级,山东,滨州,1.0,,,,,,15.0,9.0,
2月16日,地区级,山东,菏泽,,2.0,,,,,18.0,13.0,
2月16日,省级,山东,,4.0,11.0,,,,,541.0,175.0,2.0
2月16日,地区级,上海,外地来沪,,5.0,,,,,109.0,53.0,
2月16日,地区级,上海,徐汇,,,,,,,18.0,4.0,
2月16日,地区级,上海,浦东,2.0,4.0,,,,,59.0,31.0,
2月16日,地区级,上海,宝山,,1.0,,,,,21.0,6.0,
2月16日,地区级,上海,闵行,,1.0,,,,,18.0,8.0,
2月16日,地区级,上海,静安,,,,,,,16.0,7.0,
2月16日,地区级,上海,松江,,,,,,,14.0,2.0,
2月16日,地区级,上海,长宁,,1.0,,,,,13.0,7.0,
2月16日,地区级,上海,普陀,,1.0,,,,,11.0,3.0,
2月16日,地区级,上海,杨浦,,1.0,,,,,9.0,3.0,
2月16日,地区级,上海,嘉定,,,,,,,9.0,2.0,
2月16日,地区级,上海,奉贤,,,,,,,9.0,1.0,
2月16日,地区级,上海,虹口,,1.0,,,,,7.0,4.0,
2月16日,地区级,上海,黄浦,,,,,,,6.0,2.0,
2月16日,地区级,上海,青浦,,1.0,,,,,5.0,5.0,
2月16日,地区级,上海,金山,,,,,,,3.0,2.0,
2月16日,地区级,上海,崇明,1.0,,,,,,4.0,,
2月16日,省级,上海,,3.0,16.0,,,,,331.0,140.0,1.0
2月16日,地区级,山西,太原,,,,,,,19.0,6.0,
2月16日,地区级,山西,大同,,,,,,,12.0,4.0,
2月16日,地区级,山西,阳泉,,1.0,,,,,4.0,1.0,
2月16日,地区级,山西,长治,,1.0,,,,,8.0,1.0,
2月16日,地区级,山西,晋城,,,,,,,9.0,2.0,
2月16日,地区级,山西,朔州,,,,,,,7.0,2.0,
2月16日,地区级,山西,晋中,1.0,1.0,,,,,36.0,13.0,
2月16日,地区级,山西,忻州,,1.0,,,,,7.0,1.0,
2月16日,地区级,山西,运城,,,,,,,19.0,13.0,
2月16日,地区级,山西,临汾,,,,,,,2.0,1.0,
2月16日,地区级,山西,吕梁,,,,,,,6.0,6.0,
2月16日,省级,山西,,1.0,4.0,,,,,129.0,50.0,
2月16日,地区级,四川,成都,,4.0,,,,,140.0,53.0,
2月16日,地区级,四川,自贡,,,,,,,9.0,2.0,
2月16日,地区级,四川,攀枝花,,,,,,,13.0,10.0,
2月16日,地区级,四川,泸州,,1.0,,,,,19.0,3.0,
2月16日,地区级,四川,德阳,,,,,,,17.0,,
2月16日,地区级,四川,绵阳,,,,,,,22.0,6.0,
2月16日,地区级,四川,广元,,1.0,,,,,6.0,3.0,
2月16日,地区级,四川,遂宁,5.0,,,,,,17.0,4.0,
2月16日,地区级,四川,内江,,,,,,,22.0,5.0,
2月16日,地区级,四川,乐山,,,,,,,3.0,2.0,
2月16日,地区级,四川,南充,,,,,,,35.0,9.0,
2月16日,地区级,四川,宜宾,,,,,,,11.0,6.0,
2月16日,地区级,四川,广安,,,,,,,30.0,10.0,
2月16日,地区级,四川,达州,2.0,1.0,,,,,38.0,6.0,
2月16日,地区级,四川,巴中,,2.0,,,,,24.0,3.0,
2月16日,地区级,四川,雅安,,,,,,,7.0,2.0,
2月16日,地区级,四川,眉山,,,,,,,8.0,2.0,
2月16日,地区级,四川,资阳,,,,,,,3.0,2.0,
2月16日,地区级,四川,阿坝,,,,,,,1.0,,
2月16日,地区级,四川,甘孜,7.0,,,,,,57.0,3.0,
2月16日,地区级,四川,凉山,,,,,,,13.0,5.0,
2月16日,地区级,四川,地区待确认,,,,,,,,,
2月16日,地区级,四川,地区待确认,,,,,,,,,
2月16日,地区级,四川,地区待确认,,,,,,,,,3.0
2月16日,省级,四川,,14.0,9.0,,,,,495.0,136.0,3.0
2月16日,地区级,台湾,台湾,2.0,,1.0,,,,20.0,2.0,1.0
2月16日,省级,台湾,,2.0,,1.0,,,,20.0,2.0,1.0
2月16日,地区级,天津,宝坻区,1.0,2.0,,,,,49.0,11.0,2.0
2月16日,地区级,天津,河东区,1.0,,,,,,15.0,7.0,1.0
2月16日,地区级,天津,河北区,,,,,,,12.0,7.0,
2月16日,地区级,天津,和平区,,2.0,,,,,6.0,4.0,
2月16日,地区级,天津,河西区,,,,,,,4.0,2.0,
2月16日,地区级,天津,宁河区,,,,,,,4.0,,
2月16日,地区级,天津,东丽区,,,,,,,4.0,1.0,
2月16日,地区级,天津,西青区,,1.0,,,,,4.0,3.0,
2月16日,地区级,天津,南开区,,,,,,,6.0,1.0,
2月16日,地区级,天津,滨海新区,,1.0,,,,,3.0,1.0,
2月16日,地区级,天津,红桥区,,,,,,,2.0,2.0,
2月16日,地区级,天津,津南区,,1.0,,,,,1.0,1.0,
2月16日,地区级,天津,北辰区,,,,,,,6.0,1.0,
2月16日,地区级,天津,武清区,,,,,,,2.0,1.0,
2月16日,地区级,天津,外地来津,,1.0,,,,,6.0,3.0,
2月16日,省级,天津,,2.0,8.0,,,,,124.0,45.0,3.0
2月16日,地区级,香港,香港,1.0,1.0,,,,,57.0,2.0,1.0
2月16日,省级,香港,,1.0,1.0,,,,,57.0,2.0,1.0
2月16日,地区级,新疆,乌鲁木齐,,1.0,,,,,23.0,,
2月16日,地区级,新疆,伊犁州,2.0,,,,,,18.0,,
2月16日,地区级,新疆,昌吉州,,,,,,,4.0,,
2月16日,地区级,新疆,巴州,,,,,,,3.0,,
2月16日,地区级,新疆,阿克苏,,,,,,,1.0,,
2月16日,地区级,新疆,吐鲁番,,,,,,,3.0,,
2月16日,地区级,新疆,兵团第四师,,,,,,,10.0,,
2月16日,地区级,新疆,兵团第六师,,,,,,,2.0,,
2月16日,地区级,新疆,兵团第七师,,,,,,,1.0,,
2月16日,地区级,新疆,兵团第八师,,,,,,,3.0,,
2月16日,地区级,新疆,兵团第九师,,,,,,,4.0,,
2月16日,地区级,新疆,兵团第十二师,2.0,,,,,,3.0,,
2月16日,省级,新疆,,4.0,1.0,0.0,0.0,,,75.0,12.0,1.0
2月16日,地区级,西藏,拉萨,,,,,,,1.0,1.0,
2月16日,省级,西藏,,,,,,,,1.0,1.0,
2月16日,地区级,云南,昆明,2.0,,,,,,51.0,8.0,
2月16日,地区级,云南,西双版纳州,,,,,,,15.0,3.0,
2月16日,地区级,云南,玉溪,,,,,,,14.0,3.0,
2月16日,地区级,云南,昭通,,,,,,,25.0,2.0,
2月16日,地区级,云南,曲靖,,,,,,,13.0,5.0,
2月16日,地区级,云南,大理,,,,,,,13.0,6.0,
2月16日,地区级,云南,保山,,,,,,,9.0,2.0,
2月16日,地区级,云南,丽江,,,,,,,7.0,5.0,
2月16日,地区级,云南,红河,,,,,,,8.0,3.0,
2月16日,地区级,云南,德宏州,,,,,,,5.0,2.0,
2月16日,地区级,云南,楚雄州,,,,,,,4.0,1.0,
2月16日,地区级,云南,普洱,,,,,,,4.0,1.0,
2月16日,地区级,云南,文山州,,,,,,,2.0,,
2月16日,地区级,云南,临沧,,,,,,,1.0,1.0,
2月16日,地区级,云南,地区待确认,,,,,,,,,
2月16日,省级,云南,,2.0,,,,,,171.0,42.0,
2月16日,地区级,浙江,杭州,2.0,6.0,,,,,168.0,81.0,
2月16日,地区级,浙江,宁波,1.0,9.0,,,,,156.0,62.0,
2月16日,地区级,浙江,温州,1.0,13.0,,,,,503.0,182.0,
2月16日,地区级,浙江,湖州,,,,,,,10.0,4.0,
2月16日,地区级,浙江,嘉兴,,,,,,,43.0,11.0,
2月16日,地区级,浙江,绍兴,,1.0,,,,,42.0,18.0,
2月16日,地区级,浙江,金华,,,,,,,55.0,24.0,
2月16日,地区级,浙江,衢州,,,,,,,21.0,9.0,
2月16日,地区级,浙江,舟山,,,,,,,10.0,5.0,
2月16日,地区级,浙江,台州,,3.0,,,,,146.0,63.0,
2月16日,地区级,浙江,丽水,,1.0,,,,,17.0,11.0,
2月16日,省级,浙江,,4.0,33.0,,,,,1171.0,470.0,
2月17日,地区级,安徽,合肥,2.0,1.0,,,,,173.0,,
2月17日,地区级,安徽,淮北,,1.0,,,,,27.0,,
2月17日,地区级,安徽,亳州,,,,,,,108.0,,
2月17日,地区级,安徽,宿州,1.0,3.0,,,,,41.0,,
2月17日,地区级,安徽,蚌埠,,8.0,,,,,158.0,,
2月17日,地区级,安徽,阜阳,1.0,4.0,,,,,154.0,,
2月17日,地区级,安徽,滁州,,,,,,,13.0,,
2月17日,地区级,安徽,六安,,5.0,,,,,68.0,,
2月17日,地区级,安徽,铜陵,1.0,1.0,,,,,29.0,,
2月17日,地区级,安徽,马鞍山,,2.0,,,,,36.0,,
2月17日,地区级,安徽,池州,,,,,,,17.0,,
2月17日,地区级,安徽,安庆,,,,,,,83.0,,
2月17日,地区级,安徽,淮南,2.0,,,,,,27.0,,
2月17日,地区级,安徽,芜湖,2.0,,,,,,33.0,,
2月17日,地区级,安徽,宣城,,,,,,,6.0,,
2月17日,地区级,安徽,黄山,,2.0,,,,,9.0,,
2月17日,省级,安徽,,9.0,27.0,,,,,982.0,293.0,6.0
2月17日,地区级,澳门,澳门,,,,,,,10.0,5.0,
2月17日,省级,澳门,,,,,,,,10.0,5.0,
2月17日,地区级,北京,东城,,,,,,,12.0,,
2月17日,地区级,北京,西城,1.0,,,,,,47.0,,
2月17日,地区级,北京,朝阳,,,,,,,58.0,,
2月17日,地区级,北京,丰台,1.0,,,,,,40.0,,
2月17日,地区级,北京,石景山,,,,,,,14.0,,
2月17日,地区级,北京,海淀,,,,,,,60.0,,
2月17日,地区级,北京,门头沟,,,,,,,3.0,,
2月17日,地区级,北京,房山,,,,,,,16.0,,
2月17日,地区级,北京,通州,,,,,,,18.0,,
2月17日,地区级,北京,顺义,,,,,,,10.0,,
2月17日,地区级,北京,昌平,4.0,,,,,,29.0,,
2月17日,地区级,北京,大兴,,,,,,,39.0,,
2月17日,地区级,北京,怀柔,,,,,,,7.0,,
2月17日,地区级,北京,平谷,,,,,,,,,
2月17日,地区级,北京,密云,,,,,,,7.0,,
2月17日,地区级,北京,延庆,,,,,,,1.0,,
2月17日,地区级,北京,外地来京,,,,,,,26.0,,
2月17日,地区级,北京,地区待确认,,8.0,,,,,,122.0,4.0
2月17日,省级,北京,,6.0,8.0,,,,,387.0,122.0,4.0
2月17日,地区级,重庆,万州区,,1.0,,,,,108.0,36.0,3.0
2月17日,地区级,重庆,黔江区,,,,,,,2.0,2.0,
2月17日,地区级,重庆,涪陵区,,1.0,,,,,3.0,2.0,
2月17日,地区级,重庆,渝中区,,,,,,,20.0,12.0,
2月17日,地区级,重庆,大渡口区,,,,,,,7.0,5.0,
2月17日,地区级,重庆,江北区,,2.0,,,,,28.0,5.0,
2月17日,地区级,重庆,沙坪坝区,,,,,,,8.0,1.0,
2月17日,地区级,重庆,九龙坡区,,2.0,,,,,20.0,10.0,1.0
2月17日,地区级,重庆,南岸区,,,,,,,15.0,3.0,
2月17日,地区级,重庆,北碚区,,,,,,,,,
2月17日,地区级,重庆,渝北区,1.0,,,,,,16.0,7.0,
2月17日,地区级,重庆,巴南区,,1.0,,,,,6.0,2.0,
2月17日,地区级,重庆,长寿区,,,,,,,21.0,9.0,
2月17日,地区级,重庆,江津区,,1.0,,,,,4.0,3.0,
2月17日,地区级,重庆,合川区,,1.0,,,,,23.0,7.0,
2月17日,地区级,重庆,永川区,,,,,,,5.0,2.0,
2月17日,地区级,重庆,南川区,,,,,,,,,
2月17日,地区级,重庆,綦江区,,1.0,,,,,23.0,7.0,
2月17日,地区级,重庆,大足区,,2.0,,,,,14.0,5.0,
2月17日,地区级,重庆,璧山区,,1.0,,,,,9.0,6.0,
2月17日,地区级,重庆,铜梁区,,,,,,,9.0,3.0,
2月17日,地区级,重庆,潼南区,,,,,,,18.0,2.0,
2月17日,地区级,重庆,荣昌区,,1.0,,,,,9.0,4.0,
2月17日,地区级,重庆,开州区,,,,,,,20.0,13.0,1.0
2月17日,地区级,重庆,梁平区,,,,,,,4.0,4.0,
2月17日,地区级,重庆,武隆区,,,,,,,1.0,1.0,
2月17日,地区级,重庆,城口县,,,,,,,2.0,2.0,
2月17日,地区级,重庆,丰都县,,,,,,,10.0,3.0,
2月17日,地区级,重庆,垫江县,,,,,,,20.0,6.0,
2月17日,地区级,重庆,忠县,,1.0,,,,,20.0,11.0,
2月17日,地区级,重庆,云阳县,1.0,,,,,,25.0,16.0,
2月17日,地区级,重庆,奉节县,,,,,,,20.0,6.0,
2月17日,地区级,重庆,巫山县,,,,,,,10.0,5.0,
2月17日,地区级,重庆,巫溪县,,1.0,,,,,13.0,9.0,
2月17日,地区级,重庆,石柱县,,2.0,,,,,14.0,7.0,
2月17日,地区级,重庆,秀山县,,,,,,,1.0,1.0,
2月17日,地区级,重庆,酉阳县,,,,,,,1.0,,
2月17日,地区级,重庆,彭水县,,,,,,,2.0,,
2月17日,地区级,重庆,两江新区,,,,,,,17.0,7.0,
2月17日,地区级,重庆,高新区,,,,,,,4.0,1.0,
2月17日,地区级,重庆,万盛经开区,,,,,,,1.0,,
2月17日,省级,重庆,,2.0,18.0,,,,,553.0,225.0,5.0
2月17日,地区级,福建,地区待确认,,7.0,,,,,,91.0,
2月17日,地区级,福建,厦门,,,,,,,35.0,,
2月17日,地区级,福建,漳州,,,,,,,20.0,,
2月17日,地区级,福建,泉州,,,,,,,46.0,,
2月17日,地区级,福建,南平,,,,,,,20.0,,
2月17日,地区级,福建,福州,2.0,,,,,,71.0,,
2月17日,地区级,福建,莆田,,,,,,,55.0,,
2月17日,地区级,福建,宁德,,,,,,,25.0,,
2月17日,地区级,福建,三明,,,,,,,14.0,,
2月17日,地区级,福建,龙岩,,,,,,,6.0,,
2月17日,省级,福建,,2.0,7.0,,,,,292.0,91.0,
2月17日,地区级,甘肃,兰州,1.0,,,,,,36.0,20.0,2.0
2月17日,地区级,甘肃,嘉峪关,,,,,,,,,
2月17日,地区级,甘肃,金昌,,,,,,,1.0,1.0,
2月17日,地区级,甘肃,白银,,,,,,,4.0,1.0,
2月17日,地区级,甘肃,天水,,2.0,,,,,12.0,11.0,
2月17日,地区级,甘肃,武威,,,,,,,,,
2月17日,地区级,甘肃,张掖,,,,,,,2.0,2.0,
2月17日,地区级,甘肃,平凉,,2.0,,,,,9.0,3.0,
2月17日,地区级,甘肃,酒泉,,,,,,,,,
2月17日,地区级,甘肃,庆阳,,,,,,,3.0,2.0,
2月17日,地区级,甘肃,定西,,,,,,,9.0,8.0,
2月17日,地区级,甘肃,陇南,,,,,,,4.0,3.0,
2月17日,地区级,甘肃,临夏,,,,,,,3.0,3.0,
2月17日,地区级,甘肃,甘南州,,,,,,,8.0,4.0,
2月17日,省级,甘肃,,1.0,4.0,,,,,91.0,58.0,2.0
2月17日,地区级,广东,深圳,1.0,21.0,,,,,416.0,152.0,2.0
2月17日,地区级,广东,广州,,11.0,,,,,339.0,142.0,
2月17日,地区级,广东,珠海,1.0,2.0,,,,,98.0,43.0,
2月17日,地区级,广东,佛山,,,,,,,84.0,23.0,
2月17日,地区级,广东,东莞,2.0,4.0,,,,,91.0,19.0,1.0
2月17日,地区级,广东,中山,,5.0,,,,,66.0,39.0,
2月17日,地区级,广东,惠州,1.0,8.0,,,,,59.0,34.0,
2月17日,地区级,广东,汕头,,1.0,,,,,25.0,14.0,
2月17日,地区级,广东,江门,,3.0,,,,,23.0,6.0,
2月17日,地区级,广东,湛江,,,,,,,22.0,12.0,
2月17日,地区级,广东,肇庆,1.0,,,,,,18.0,8.0,1.0
2月17日,地区级,广东,梅州,,1.0,,,,,16.0,8.0,
2月17日,地区级,广东,阳江,,2.0,,,,,13.0,9.0,
2月17日,地区级,广东,茂名,,,,,,,14.0,3.0,
2月17日,地区级,广东,清远,,2.0,,,,,12.0,9.0,
2月17日,地区级,广东,韶关,,,,,,,10.0,4.0,
2月17日,地区级,广东,揭阳,,,,,,,8.0,4.0,
2月17日,地区级,广东,汕尾,,1.0,,,,,5.0,2.0,
2月17日,地区级,广东,潮州,,1.0,,,,,5.0,2.0,
2月17日,地区级,广东,河源,,,,,,,4.0,1.0,
2月17日,地区级,广东,地区待确认,,-5.0,,,,,,-4.0,
2月17日,省级,广东,,6.0,57.0,,,,,1328.0,530.0,4.0
2月17日,地区级,广西,南宁,3.0,2.0,,,,,54.0,,
2月17日,地区级,广西,柳州,,,,,,,24.0,,
2月17日,地区级,广西,桂林,,2.0,,,,,31.0,,
2月17日,地区级,广西,梧州,,,,,,,5.0,,
2月17日,地区级,广西,北海,1.0,1.0,,,,,44.0,,1.0
2月17日,地区级,广西,防城港,,,,,,,18.0,,
2月17日,地区级,广西,钦州,,,,,,,8.0,,
2月17日,地区级,广西,贵港,,1.0,,,,,8.0,,
2月17日,地区级,广西,玉林,,1.0,,,,,10.0,,
2月17日,地区级,广西,百色,,,,,,,3.0,,
2月17日,地区级,广西,贺州,,,,,,,4.0,,
2月17日,地区级,广西,河池,,,,,,,22.0,,1.0
2月17日,地区级,广西,来宾,,,,,,,11.0,,
2月17日,地区级,广西,地区待确认,,,,,,,,,
2月17日,省级,广西,,4.0,7.0,,,,,242.0,58.0,2.0
2月17日,地区级,贵州,贵阳,,3.0,,,,,36.0,13.0,
2月17日,地区级,贵州,六盘水,,3.0,,,,,10.0,6.0,1.0
2月17日,地区级,贵州,铜仁,,2.0,,,,,10.0,9.0,
2月17日,地区级,贵州,黔东南州,,,,,,,10.0,4.0,
2月17日,地区级,贵州,遵义,,7.0,,,,,32.0,12.0,
2月17日,地区级,贵州,安顺,,,,,,,4.0,1.0,
2月17日,地区级,贵州,黔南州,,1.0,,,,,17.0,7.0,
2月17日,地区级,贵州,毕节,,3.0,,,,,23.0,10.0,
2月17日,地区级,贵州,黔西南州,,,,,,,4.0,4.0,
2月17日,省级,贵州,,,19.0,,,,,146.0,66.0,1.0
2月17日,地区级,海南,海口,1.0,4.0,,,,,34.0,16.0,
2月17日,地区级,海南,三亚,,,,,,,54.0,15.0,1.0
2月17日,地区级,海南,三沙,,,,,,,,,
2月17日,地区级,海南,儋州,,1.0,,,,,15.0,8.0,
2月17日,地区级,海南,五指山,,,,,,,,,
2月17日,地区级,海南,琼海,,,,,,,6.0,3.0,1.0
2月17日,地区级,海南,文昌,,,,,,,3.0,1.0,
2月17日,地区级,海南,万宁,,,,,,,13.0,4.0,
2月17日,地区级,海南,东方,,,,,,,3.0,2.0,
2月17日,地区级,海南,定安县,,,,,,,3.0,2.0,1.0
2月17日,地区级,海南,屯昌县,,,,,,,,,
2月17日,地区级,海南,澄迈县,,,,,,,9.0,1.0,1.0
2月17日,地区级,海南,临高县,,1.0,,,,,6.0,4.0,
2月17日,地区级,海南,白沙县,,,,,,,,,
2月17日,地区级,海南,昌江县,,1.0,,,,,7.0,1.0,
2月17日,地区级,海南,乐东,,,,,,,2.0,,
2月17日,地区级,海南,陵水县,,,,,,,4.0,,
2月17日,地区级,海南,保亭,,,,,,,3.0,1.0,
2月17日,地区级,海南,琼中县,,,,,,,1.0,1.0,
2月17日,地区级,海南,地区待确认,,,,,,,,,
2月17日,省级,海南,,1.0,7.0,,,,,163.0,59.0,4.0
2月17日,地区级,河北,沧州,1.0,,,,,,48.0,18.0,2.0
2月17日,地区级,河北,唐山,,1.0,1.0,,,,51.0,10.0,1.0
2月17日,地区级,河北,张家口,,,,,,,34.0,9.0,
2月17日,地区级,河北,保定,,5.0,,,,,32.0,26.0,
2月17日,地区级,河北,邯郸,,,,,,,31.0,10.0,
2月17日,地区级,河北,廊坊,,2.0,,,,,30.0,16.0,
2月17日,地区级,河北,石家庄,,4.0,,,,,28.0,11.0,
2月17日,地区级,河北,邢台,,,,,,,23.0,10.0,1.0
2月17日,地区级,河北,秦皇岛,,,,,,,10.0,3.0,
2月17日,地区级,河北,衡水,,2.0,,,,,8.0,6.0,
2月17日,地区级,河北,承德,,,,,,,7.0,4.0,
2月17日,地区级,河北,地区待确认,,,,,,,,,
2月17日,省级,河北,,1.0,14.0,1.0,,,,302.0,123.0,4.0
2月17日,地区级,黑龙江,哈尔滨,2.0,,,,,,190.0,32.0,3.0
2月17日,地区级,黑龙江,齐齐哈尔,1.0,,,,,,43.0,10.0,1.0
2月17日,地区级,黑龙江,鸡西,,,,,,,46.0,2.0,
2月17日,地区级,黑龙江,鹤岗,,,,,,,5.0,2.0,
2月17日,地区级,黑龙江,双鸭山,2.0,3.0,,,,,52.0,4.0,2.0
2月17日,地区级,黑龙江,大庆,,1.0,,,,,20.0,4.0,1.0
2月17日,地区级,黑龙江,伊春,,,,,,,1.0,,
2月17日,地区级,黑龙江,佳木斯,,,,,,,15.0,11.0,
2月17日,地区级,黑龙江,七台河,1.0,,,,,,17.0,4.0,
2月17日,地区级,黑龙江,牡丹江,1.0,,,,,,13.0,1.0,
2月17日,地区级,黑龙江,黑河,,,,,,,14.0,,
2月17日,地区级,黑龙江,绥化,,1.0,,,,,46.0,14.0,4.0
2月17日,地区级,黑龙江,大兴安岭,,,,,,,2.0,1.0,
2月17日,地区级,黑龙江,地区待确认,,,,,,,,,
2月17日,省级,黑龙江,,7.0,5.0,,,,,464.0,85.0,11.0
2月17日,地区级,河南,信阳,4.0,26.0,,,,,266.0,26.0,
2月17日,地区级,河南,南阳,1.0,,,,,,155.0,,
2月17日,地区级,河南,郑州,3.0,,,,,,154.0,,
2月17日,地区级,河南,驻马店,1.0,,,,,,139.0,,
2月17日,地区级,河南,商丘,,,,,,,91.0,,
2月17日,地区级,河南,周口,1.0,,,,,,76.0,,
2月17日,地区级,河南,平顶山,,3.0,,,,,58.0,3.0,
2月17日,地区级,河南,新乡,,,,,,,57.0,,
2月17日,地区级,河南,安阳,1.0,4.0,,,,,52.0,4.0,
2月17日,地区级,河南,许昌,,2.0,,,,,38.0,2.0,
2月17日,地区级,河南,漯河,,1.0,,,,,34.0,1.0,
2月17日,地区级,河南,洛阳,,,1.0,,,,31.0,,1.0
2月17日,地区级,河南,焦作,,,,,,,32.0,,
2月17日,地区级,河南,开封,,,,,,,26.0,,
2月17日,地区级,河南,鹤壁,,,,,,,19.0,,
2月17日,地区级,河南,濮阳,,,,,,,17.0,,
2月17日,地区级,河南,三门峡,,,,,,,7.0,,
2月17日,地区级,河南,济源示范区,,,,,,,5.0,,
2月17日,地区级,河南,地区待确认,,31.0,2.0,,,,,469.0,18.0
2月17日,省级,河南,,11.0,67.0,3.0,,,,1257.0,505.0,19.0
2月17日,地区级,湖北,武汉,1600.0,761.0,72.0,,,,42752.0,,1381.0
2月17日,地区级,湖北,孝感,41.0,74.0,5.0,,,,3320.0,,75.0
2月17日,地区级,湖北,黄冈,,103.0,6.0,-3.0,,,2828.0,,84.0
2月17日,地区级,湖北,随州,11.0,58.0,1.0,,,,1278.0,,25.0
2月17日,地区级,湖北,荆州,36.0,34.0,1.0,,,,1537.0,,38.0
2月17日,地区级,湖北,襄阳,8.0,31.0,1.0,,,,1163.0,,21.0
2月17日,地区级,湖北,黄石,2.0,9.0,5.0,,,,985.0,,20.0
2月17日,地区级,湖北,宜昌,9.0,30.0,,,,,904.0,,24.0
2月17日,地区级,湖北,荆门,,11.0,,-15.0,,,900.0,,33.0
2月17日,地区级,湖北,鄂州,65.0,21.0,1.0,,,,1339.0,,36.0
2月17日,地区级,湖北,咸宁,7.0,23.0,,,,,868.0,,10.0
2月17日,地区级,湖北,十堰,14.0,18.0,,,,,626.0,,2.0
2月17日,地区级,湖北,仙桃,13.0,14.0,,,,,544.0,,19.0
2月17日,地区级,湖北,天门,15.0,16.0,1.0,,,,500.0,,11.0
2月17日,地区级,湖北,恩施州,1.0,9.0,,,,,250.0,,4.0
2月17日,地区级,湖北,潜江,3.0,9.0,,,,,185.0,,6.0
2月17日,地区级,湖北,神农架,,2.0,,,,,10.0,,
2月17日,地区级,湖北,地区待确认,,,,,,,,,
2月17日,省级,湖北,,1825.0,1223.0,93.0,-18.0,,,59989.0,7862.0,1789.0
2月17日,地区级,湖南,长沙,,4.0,1.0,,,,241.0,92.0,2.0
2月17日,地区级,湖南,株洲,,2.0,,,,,78.0,35.0,
2月17日,地区级,湖南,湘潭,,1.0,,,,,35.0,16.0,
2月17日,地区级,湖南,衡阳,,,,,,,48.0,28.0,
2月17日,地区级,湖南,邵阳,,3.0,,,,,101.0,67.0,1.0
2月17日,地区级,湖南,岳阳,1.0,9.0,,,,,155.0,63.0,1.0
2月17日,地区级,湖南,常德,,3.0,,,,,79.0,34.0,
2月17日,地区级,湖南,张家界,,1.0,,,,,5.0,5.0,
2月17日,地区级,湖南,益阳,,3.0,,,,,59.0,30.0,
2月17日,地区级,湖南,郴州,,4.0,,,,,39.0,26.0,
2月17日,地区级,湖南,永州,,2.0,,,,,43.0,30.0,
2月17日,地区级,湖南,怀化,,2.0,,,,,40.0,34.0,
2月17日,地区级,湖南,娄底,,,,,,,76.0,35.0,
2月17日,地区级,湖南,湘西自治州,,,,,,,8.0,6.0,
2月17日,省级,湖南,,1.0,34.0,1.0,,,,1007.0,501.0,4.0
2月17日,地区级,江苏,南京,,,,,,,92.0,32.0,
2月17日,地区级,江苏,无锡,,2.0,,,,,55.0,21.0,
2月17日,地区级,江苏,徐州,,14.0,,,,,79.0,42.0,
2月17日,地区级,江苏,常州,1.0,,,,,,50.0,20.0,
2月17日,地区级,江苏,苏州,1.0,5.0,,,,,87.0,31.0,
2月17日,地区级,江苏,南通,,3.0,,,,,40.0,19.0,
2月17日,地区级,江苏,连云港,,1.0,,,,,48.0,14.0,
2月17日,地区级,江苏,淮安,1.0,7.0,,,,,66.0,28.0,
2月17日,地区级,江苏,盐城,,2.0,,,,,27.0,14.0,
2月17日,地区级,江苏,扬州,,1.0,,,,,23.0,9.0,
2月17日,地区级,江苏,镇江,,1.0,,,,,12.0,5.0,
2月17日,地区级,江苏,泰州,,1.0,,,,,37.0,21.0,
2月17日,地区级,江苏,宿迁,,,,,,,13.0,7.0,
2月17日,地区级,江苏,地区待确认,,,,,,,,,
2月17日,省级,江苏,,3.0,37.0,,,,,629.0,263.0,
2月17日,地区级,江西,南昌,1.0,6.0,,,,,229.0,95.0,
2月17日,地区级,江西,景德镇,,,,,,,6.0,3.0,
2月17日,地区级,江西,萍乡,,1.0,,,,,33.0,6.0,
2月17日,地区级,江西,九江,1.0,8.0,,,,,118.0,30.0,
2月17日,地区级,江西,新余,,2.0,,,,,129.0,46.0,
2月17日,地区级,江西,鹰潭,,,,,,,18.0,3.0,
2月17日,地区级,江西,赣州,,2.0,,,,,76.0,20.0,1.0
2月17日,地区级,江西,吉安,1.0,,,,,,22.0,10.0,
2月17日,地区级,江西,宜春,,6.0,,,,,106.0,30.0,
2月17日,地区级,江西,抚州,,6.0,,,,,72.0,28.0,
2月17日,地区级,江西,上饶,,4.0,,,,,123.0,39.0,
2月17日,地区级,江西,赣江新区,,,,,,,1.0,,
2月17日,省级,江西,,3.0,35.0,,,,,933.0,310.0,1.0
2月17日,地区级,吉林,长春,,3.0,,,,,45.0,19.0,
2月17日,地区级,吉林,吉林,,,,,,,5.0,3.0,
2月17日,地区级,吉林,四平,,,,,,,20.0,6.0,1.0
2月17日,地区级,吉林,辽源,,,,,,,7.0,1.0,
2月17日,地区级,吉林,通化,,1.0,,,,,4.0,2.0,
2月17日,地区级,吉林,白山,,,,,,,,,
2月17日,地区级,吉林,松原,,,,,,,2.0,1.0,
2月17日,地区级,吉林,白城,,,,,,,1.0,,
2月17日,地区级,吉林,延边,,,,,,,5.0,2.0,
2月17日,地区级,吉林,地区待确认,,,,,,,,,
2月17日,省级,吉林,,,4.0,,,,,89.0,34.0,1.0
2月17日,地区级,辽宁,沈阳,,,,,,,28.0,11.0,
2月17日,地区级,辽宁,大连,,,,,,,19.0,5.0,
2月17日,地区级,辽宁,鞍山,,,,,,,4.0,,
2月17日,地区级,辽宁,抚顺,,,,,,,,,
2月17日,地区级,辽宁,本溪,,,,,,,3.0,1.0,
2月17日,地区级,辽宁,丹东,,,,,,,7.0,4.0,
2月17日,地区级,辽宁,锦州,,,,,,,12.0,7.0,
2月17日,地区级,辽宁,营口,,,,,,,1.0,1.0,
2月17日,地区级,辽宁,阜新,,,,,,,8.0,3.0,
2月17日,地区级,辽宁,辽阳,,,,,,,3.0,2.0,
2月17日,地区级,辽宁,盘锦,,2.0,,,,,11.0,4.0,
2月17日,地区级,辽宁,铁岭,,,,,,,7.0,2.0,
2月17日,地区级,辽宁,朝阳市,,,,,,,6.0,3.0,
2月17日,地区级,辽宁,葫芦岛,,,,,,,12.0,,1.0
2月17日,省级,辽宁,,,2.0,,,,,121.0,43.0,1.0
2月17日,地区级,内蒙古,通辽,1.0,,,,,,7.0,,
2月17日,地区级,内蒙古,鄂尔多斯,,,,,,,11.0,3.0,
2月17日,地区级,内蒙古,包头,,,,,,,11.0,,
2月17日,地区级,内蒙古,赤峰,,,,,,,9.0,2.0,
2月17日,地区级,内蒙古,巴彦淖尔,,,,,,,8.0,,
2月17日,地区级,内蒙古,锡林郭勒,,,,,,,8.0,1.0,
2月17日,地区级,内蒙古,呼和浩特,,,,,,,7.0,,
2月17日,地区级,内蒙古,呼伦贝尔,,,,,,,6.0,1.0,
2月17日,地区级,内蒙古,乌兰察布,,,,,,,3.0,1.0,
2月17日,地区级,内蒙古,乌海,,,,,,,2.0,,
2月17日,地区级,内蒙古,兴安盟,,,,,,,1.0,,
2月17日,省级,内蒙古,,1.0,,,,,,73.0,8.0,
2月17日,地区级,宁夏,银川,,2.0,,,,,33.0,22.0,
2月17日,地区级,宁夏,吴忠,,,,,,,27.0,6.0,
2月17日,地区级,宁夏,固原,,,,,,,5.0,2.0,
2月17日,地区级,宁夏,中卫,,,,,,,3.0,3.0,
2月17日,地区级,宁夏,宁东,,,,,,,1.0,1.0,
2月17日,地区级,宁夏,石嘴山,,,,,,,1.0,1.0,
2月17日,地区级,宁夏,地区待确认,,,,,,,,,
2月17日,省级,宁夏,,,2.0,,,,,70.0,35.0,
2月17日,地区级,青海,西宁,,,,,,,15.0,11.0,
2月17日,地区级,青海,海东,,,,,,,,,
2月17日,地区级,青海,海北州,,,,,,,3.0,2.0,
2月17日,地区级,青海,黄南州,,,,,,,,,
2月17日,地区级,青海,海南州,,,,,,,,,
2月17日,地区级,青海,果洛州,,,,,,,,,
2月17日,地区级,青海,玉树州,,,,,,,,,
2月17日,地区级,青海,海西州,,,,,,,,,
2月17日,地区级,青海,地区待确认,,,,,,,,,
2月17日,省级,青海,,,,,,,,18.0,13.0,
2月17日,国家级,,,1904.0,1701.0,98.0,-16.0,,,72436.0,12552.0,1868.0
2月17日,地区级,陕西,西安,,2.0,,,,,117.0,2.0,
2月17日,地区级,陕西,宝鸡,,1.0,,,,,13.0,1.0,
2月17日,地区级,陕西,咸阳,,,,,,,18.0,,
2月17日,地区级,陕西,铜川,,,,,,,8.0,,
2月17日,地区级,陕西,渭南,,1.0,,,,,16.0,1.0,
2月17日,地区级,陕西,延安,,,,,,,8.0,,
2月17日,地区级,陕西,榆林,,,,,,,3.0,,
2月17日,地区级,陕西,汉中,,1.0,,,,,25.0,1.0,
2月17日,地区级,陕西,安康,,,,,,,25.0,,
2月17日,地区级,陕西,商洛,,,,,,,7.0,,
2月17日,地区级,陕西,地区待确认,,,,,,,,74.0,
2月17日,省级,陕西,,,5.0,,,,,240.0,79.0,
2月17日,地区级,山东,济南,,2.0,,,,,47.0,13.0,
2月17日,地区级,山东,青岛,1.0,,,,,,58.0,26.0,1.0
2月17日,地区级,山东,淄博,,1.0,,,,,29.0,5.0,
2月17日,地区级,山东,枣庄,,3.0,,,,,24.0,7.0,
2月17日,地区级,山东,东营,,,,,,,,,
2月17日,地区级,山东,烟台,,,,,,,47.0,13.0,
2月17日,地区级,山东,潍坊,,1.0,,,,,44.0,11.0,
2月17日,地区级,山东,济宁,,2.0,,,,,52.0,20.0,
2月17日,地区级,山东,泰安,,1.0,,,,,32.0,6.0,
2月17日,地区级,山东,威海,,,,,,,38.0,9.0,
2月17日,地区级,山东,日照,,1.0,,,,,16.0,4.0,
2月17日,地区级,山东,临沂,1.0,3.0,,,,,48.0,35.0,
2月17日,地区级,山东,德州,,2.0,,,,,37.0,9.0,1.0
2月17日,地区级,山东,聊城,,1.0,,,,,38.0,12.0,
2月17日,地区级,山东,滨州,,1.0,,,,,15.0,10.0,
2月17日,地区级,山东,菏泽,,,,,,,18.0,13.0,
2月17日,省级,山东,,2.0,18.0,,,,,543.0,193.0,2.0
2月17日,地区级,上海,外地来沪,1.0,6.0,,,,,110.0,59.0,
2月17日,地区级,上海,徐汇,,2.0,,,,,18.0,6.0,
2月17日,地区级,上海,浦东,1.0,2.0,,,,,60.0,33.0,
2月17日,地区级,上海,宝山,,1.0,,,,,21.0,7.0,
2月17日,地区级,上海,闵行,,3.0,,,,,18.0,11.0,
2月17日,地区级,上海,静安,,2.0,,,,,16.0,9.0,
2月17日,地区级,上海,松江,,3.0,,,,,14.0,5.0,
2月17日,地区级,上海,长宁,,1.0,,,,,13.0,8.0,
2月17日,地区级,上海,普陀,,1.0,,,,,11.0,4.0,
2月17日,地区级,上海,杨浦,,,,,,,9.0,3.0,
2月17日,地区级,上海,嘉定,,,,,,,9.0,2.0,
2月17日,地区级,上海,奉贤,,,,,,,9.0,1.0,
2月17日,地区级,上海,虹口,,,,,,,7.0,4.0,
2月17日,地区级,上海,黄浦,,,,,,,6.0,2.0,
2月17日,地区级,上海,青浦,,,,,,,5.0,5.0,
2月17日,地区级,上海,金山,,,,,,,3.0,2.0,
2月17日,地区级,上海,崇明,,,,,,,4.0,,
2月17日,省级,上海,,2.0,21.0,,,,,333.0,161.0,1.0
2月17日,地区级,山西,太原,,,,,,,19.0,6.0,
2月17日,地区级,山西,大同,,,,,,,12.0,5.0,
2月17日,地区级,山西,阳泉,,,,,,,4.0,1.0,
2月17日,地区级,山西,长治,,,,,,,8.0,1.0,
2月17日,地区级,山西,晋城,,,,,,,9.0,2.0,
2月17日,地区级,山西,朔州,1.0,,,,,,8.0,2.0,
2月17日,地区级,山西,晋中,,,,,,,36.0,15.0,
2月17日,地区级,山西,运城,,,,,,,19.0,13.0,
2月17日,地区级,山西,忻州,,,,,,,7.0,1.0,
2月17日,地区级,山西,临汾,,,,,,,2.0,1.0,
2月17日,地区级,山西,吕梁,,,,,,,6.0,6.0,
2月17日,地区级,山西,地区待确认,,3.0,,,,,,,
2月17日,省级,山西,,1.0,3.0,,,,,130.0,53.0,
2月17日,地区级,四川,成都,,3.0,,,,,140.0,56.0,
2月17日,地区级,四川,自贡,,,,,,,9.0,2.0,
2月17日,地区级,四川,攀枝花,3.0,1.0,,,,,16.0,11.0,
2月17日,地区级,四川,泸州,,,,,,,19.0,3.0,
2月17日,地区级,四川,德阳,,1.0,,,,,17.0,1.0,
2月17日,地区级,四川,绵阳,,3.0,,,,,22.0,9.0,
2月17日,地区级,四川,广元,,,,,,,6.0,3.0,
2月17日,地区级,四川,遂宁,,5.0,,,,,17.0,9.0,
2月17日,地区级,四川,内江,,1.0,,,,,22.0,6.0,
2月17日,地区级,四川,乐山,,,,,,,3.0,2.0,
2月17日,地区级,四川,南充,3.0,3.0,,,,,38.0,12.0,
2月17日,地区级,四川,宜宾,1.0,,,,,,12.0,6.0,
2月17日,地区级,四川,广安,,4.0,,,,,30.0,14.0,
2月17日,地区级,四川,达州,1.0,2.0,,,,,39.0,8.0,
2月17日,地区级,四川,巴中,,,,,,,24.0,3.0,
2月17日,地区级,四川,雅安,,,,,,,7.0,2.0,
2月17日,地区级,四川,眉山,,,,,,,8.0,2.0,
2月17日,地区级,四川,资阳,,,,,,,3.0,2.0,
2月17日,地区级,四川,阿坝,,1.0,,,,,1.0,1.0,
2月17日,地区级,四川,甘孜,5.0,3.0,,,,,62.0,6.0,
2月17日,地区级,四川,凉山,,,,,,,13.0,5.0,
2月17日,地区级,四川,地区待确认,,,,,,,,,
2月17日,地区级,四川,地区待确认,,,,,,,,,
2月17日,地区级,四川,地区待确认,,,,,,,,,3.0
2月17日,省级,四川,,13.0,27.0,,,,,508.0,163.0,3.0
2月17日,地区级,台湾,台湾,2.0,,,,,,22.0,2.0,1.0
2月17日,省级,台湾,,2.0,,,,,,22.0,2.0,1.0
2月17日,地区级,天津,宝坻区,1.0,1.0,,,,,50.0,12.0,2.0
2月17日,地区级,天津,河东区,,,,,,,15.0,7.0,1.0
2月17日,地区级,天津,河北区,,,,,,,12.0,7.0,
2月17日,地区级,天津,和平区,,,,,,,6.0,4.0,
2月17日,地区级,天津,河西区,,,,,,,4.0,2.0,
2月17日,地区级,天津,宁河区,,,,,,,4.0,,
2月17日,地区级,天津,东丽区,,,,,,,4.0,1.0,
2月17日,地区级,天津,西青区,,,,,,,4.0,3.0,
2月17日,地区级,天津,南开区,,,,,,,6.0,1.0,
2月17日,地区级,天津,滨海新区,,,,,,,3.0,1.0,
2月17日,地区级,天津,红桥区,,,,,,,2.0,2.0,
2月17日,地区级,天津,津南区,,,,,,,1.0,1.0,
2月17日,地区级,天津,北辰区,,,,,,,6.0,1.0,
2月17日,地区级,天津,武清区,,,,,,,2.0,1.0,
2月17日,地区级,天津,外地来津,,,,,,,6.0,3.0,
2月17日,省级,天津,,1.0,1.0,,,,,125.0,46.0,3.0
2月17日,地区级,香港,香港,3.0,,,,,,60.0,2.0,1.0
2月17日,省级,香港,,3.0,,,,,,60.0,2.0,1.0
2月17日,地区级,新疆,乌鲁木齐,,,,,,,23.0,,
2月17日,地区级,新疆,伊犁州,,,,,,,18.0,,
2月17日,地区级,新疆,昌吉州,,,,,,,4.0,,
2月17日,地区级,新疆,巴州,,,,,,,3.0,,
2月17日,地区级,新疆,阿克苏,,,,,,,1.0,,
2月17日,地区级,新疆,吐鲁番,,,,,,,3.0,,
2月17日,地区级,新疆,兵团第四师,,,,,,,10.0,,
2月17日,地区级,新疆,兵团第六师,,,,,,,2.0,,
2月17日,地区级,新疆,兵团第七师,,,,,,,1.0,,
2月17日,地区级,新疆,兵团第八师,1.0,,,,,,4.0,,
2月17日,地区级,新疆,兵团第九师,,,,,,,4.0,,
2月17日,地区级,新疆,兵团第十二师,,,,,,,3.0,,
2月17日,省级,新疆,,1.0,0.0,0.0,0.0,,,76.0,12.0,1.0
2月17日,地区级,西藏,拉萨,,,,,,,1.0,1.0,
2月17日,省级,西藏,,,,,,,,1.0,1.0,
2月17日,地区级,云南,昆明,1.0,3.0,,,,,52.0,11.0,
2月17日,地区级,云南,西双版纳州,,1.0,,,,,15.0,4.0,
2月17日,地区级,云南,玉溪,,,,,,,14.0,3.0,
2月17日,地区级,云南,昭通,,,,,,,25.0,2.0,
2月17日,地区级,云南,曲靖,,1.0,,,,,13.0,6.0,
2月17日,地区级,云南,大理,,,,,,,13.0,6.0,
2月17日,地区级,云南,保山,,,,,,,9.0,2.0,
2月17日,地区级,云南,丽江,,,,,,,7.0,5.0,
2月17日,地区级,云南,红河,,,,,,,8.0,3.0,
2月17日,地区级,云南,德宏州,,,,,,,5.0,2.0,
2月17日,地区级,云南,楚雄州,,,,,,,4.0,1.0,
2月17日,地区级,云南,普洱,,,,,,,4.0,1.0,
2月17日,地区级,云南,文山州,,,,,,,2.0,,
2月17日,地区级,云南,临沧,,,,,,,1.0,1.0,
2月17日,地区级,云南,地区待确认,,,,,,,,,
2月17日,省级,云南,,1.0,5.0,,,,,172.0,47.0,
2月17日,地区级,浙江,杭州,,13.0,,,,,168.0,94.0,
2月17日,地区级,浙江,宁波,,6.0,,,,,156.0,68.0,
2月17日,地区级,浙江,温州,1.0,12.0,,,,,504.0,194.0,
2月17日,地区级,浙江,湖州,,1.0,,,,,10.0,5.0,
2月17日,地区级,浙江,嘉兴,,3.0,,,,,43.0,14.0,
2月17日,地区级,浙江,绍兴,,1.0,,,,,42.0,19.0,
2月17日,地区级,浙江,金华,,6.0,,,,,55.0,30.0,
2月17日,地区级,浙江,衢州,,1.0,,,,,21.0,10.0,
2月17日,地区级,浙江,舟山,,,,,,,10.0,5.0,
2月17日,地区级,浙江,台州,,1.0,,,,,146.0,64.0,
2月17日,地区级,浙江,丽水,,,,,,,17.0,11.0,
2月17日,省级,浙江,,1.0,44.0,,,,,1172.0,514.0,
2月18日,地区级,安徽,合肥,,21.0,,,,,173.0,,
2月18日,地区级,安徽,淮北,,2.0,,,,,27.0,,
2月18日,地区级,安徽,亳州,,12.0,,,,,108.0,,
2月18日,地区级,安徽,宿州,,1.0,,,,,41.0,,
2月18日,地区级,安徽,蚌埠,1.0,9.0,,,,,159.0,,
2月18日,地区级,安徽,阜阳,1.0,6.0,,,,,155.0,,
2月18日,地区级,安徽,滁州,,,,,,,13.0,,
2月18日,地区级,安徽,六安,1.0,2.0,,,,,69.0,,
2月18日,地区级,安徽,铜陵,,1.0,,,,,29.0,,
2月18日,地区级,安徽,马鞍山,1.0,2.0,,,,,37.0,,
2月18日,地区级,安徽,池州,,,,,,,17.0,,
2月18日,地区级,安徽,安庆,,5.0,,,,,83.0,,
2月18日,地区级,安徽,淮南,,3.0,,,,,27.0,,
2月18日,地区级,安徽,芜湖,,4.0,,,,,33.0,,
2月18日,地区级,安徽,宣城,,,,,,,6.0,,
2月18日,地区级,安徽,黄山,,,,,,,9.0,,
2月18日,省级,安徽,,4.0,68.0,,,,,986.0,361.0,6.0
2月18日,地区级,澳门,澳门,,,,,,,10.0,5.0,
2月18日,省级,澳门,,,,,,,,10.0,5.0,
2月18日,地区级,北京,东城,,,,,,,12.0,,
2月18日,地区级,北京,西城,5.0,,,,,,52.0,,
2月18日,地区级,北京,朝阳,,,,,,,58.0,,
2月18日,地区级,北京,丰台,,,,,,,40.0,,
2月18日,地区级,北京,石景山,,,,,,,14.0,,
2月18日,地区级,北京,海淀,1.0,,,,,,61.0,,
2月18日,地区级,北京,门头沟,,,,,,,3.0,,
2月18日,地区级,北京,房山,,,,,,,16.0,,
2月18日,地区级,北京,通州,,,,,,,18.0,,
2月18日,地区级,北京,顺义,,,,,,,10.0,,
2月18日,地区级,北京,昌平,,,,,,,29.0,,
2月18日,地区级,北京,大兴,,,,,,,39.0,,
2月18日,地区级,北京,怀柔,,,,,,,7.0,,
2月18日,地区级,北京,平谷,,,,,,,,,
2月18日,地区级,北京,密云,,,,,,,7.0,,
2月18日,地区级,北京,延庆,,,,,,,1.0,,
2月18日,地区级,北京,外地来京,,,,,,,26.0,,
2月18日,地区级,北京,地区待确认,,23.0,,,,,,145.0,4.0
2月18日,省级,北京,,6.0,23.0,,,,,393.0,145.0,4.0
2月18日,地区级,重庆,万州区,2.0,5.0,,,,,110.0,41.0,3.0
2月18日,地区级,重庆,黔江区,,,,,,,2.0,2.0,
2月18日,地区级,重庆,涪陵区,,,,,,,3.0,2.0,
2月18日,地区级,重庆,渝中区,,2.0,,,,,20.0,14.0,
2月18日,地区级,重庆,大渡口区,,,,,,,7.0,5.0,
2月18日,地区级,重庆,江北区,,3.0,,,,,28.0,8.0,
2月18日,地区级,重庆,沙坪坝区,,,,,,,8.0,1.0,
2月18日,地区级,重庆,九龙坡区,,,,,,,20.0,10.0,1.0
2月18日,地区级,重庆,南岸区,,,,,,,15.0,3.0,
2月18日,地区级,重庆,北碚区,,,,,,,,,
2月18日,地区级,重庆,渝北区,,1.0,,,,,16.0,8.0,
2月18日,地区级,重庆,巴南区,,,,,,,6.0,2.0,
2月18日,地区级,重庆,长寿区,,1.0,,,,,21.0,10.0,
2月18日,地区级,重庆,江津区,,,,,,,4.0,3.0,
2月18日,地区级,重庆,合川区,,1.0,,,,,23.0,8.0,
2月18日,地区级,重庆,永川区,,,,,,,5.0,2.0,
2月18日,地区级,重庆,南川区,,,,,,,,,
2月18日,地区级,重庆,綦江区,,3.0,,,,,23.0,10.0,
2月18日,地区级,重庆,大足区,,3.0,,,,,14.0,8.0,
2月18日,地区级,重庆,璧山区,,1.0,,,,,9.0,7.0,
2月18日,地区级,重庆,铜梁区,,1.0,,,,,9.0,4.0,
2月18日,地区级,重庆,潼南区,,1.0,,,,,18.0,3.0,
2月18日,地区级,重庆,荣昌区,,1.0,,,,,9.0,5.0,
2月18日,地区级,重庆,开州区,,,,,,,20.0,13.0,1.0
2月18日,地区级,重庆,梁平区,,,,,,,4.0,4.0,
2月18日,地区级,重庆,武隆区,,,,,,,1.0,1.0,
2月18日,地区级,重庆,城口县,,,,,,,2.0,2.0,
2月18日,地区级,重庆,丰都县,,,,,,,10.0,3.0,
2月18日,地区级,重庆,垫江县,,1.0,,,,,20.0,7.0,
2月18日,地区级,重庆,忠县,,1.0,,,,,20.0,12.0,
2月18日,地区级,重庆,云阳县,,1.0,,,,,25.0,17.0,
2月18日,地区级,重庆,奉节县,,1.0,,,,,20.0,7.0,
2月18日,地区级,重庆,巫山县,,1.0,,,,,10.0,6.0,
2月18日,地区级,重庆,巫溪县,,,,,,,13.0,9.0,
2月18日,地区级,重庆,石柱县,,1.0,,,,,14.0,8.0,
2月18日,地区级,重庆,秀山县,,,,,,,1.0,1.0,
2月18日,地区级,重庆,酉阳县,,,,,,,1.0,,
2月18日,地区级,重庆,彭水县,,,,,,,2.0,,
2月18日,地区级,重庆,两江新区,,,,,,,17.0,7.0,
2月18日,地区级,重庆,高新区,,,,,,,4.0,1.0,
2月18日,地区级,重庆,万盛经开区,,,,,,,1.0,,
2月18日,省级,重庆,,2.0,29.0,,,,,555.0,254.0,5.0
2月18日,地区级,福建,地区待确认,,5.0,,,,,,96.0,
2月18日,地区级,福建,厦门,,,,,,,35.0,,
2月18日,地区级,福建,漳州,,,,,,,20.0,,
2月18日,地区级,福建,泉州,,,,,,,46.0,,
2月18日,地区级,福建,南平,,,,,,,20.0,,
2月18日,地区级,福建,福州,,,,,,,71.0,,
2月18日,地区级,福建,莆田,,,,,,,55.0,,
2月18日,地区级,福建,宁德,1.0,,,,,,26.0,,
2月18日,地区级,福建,三明,,,,,,,14.0,,
2月18日,地区级,福建,龙岩,,,,,,,6.0,,
2月18日,省级,福建,,1.0,5.0,,,,,293.0,96.0,
2月18日,地区级,甘肃,兰州,,3.0,,,,,36.0,23.0,2.0
2月18日,地区级,甘肃,嘉峪关,,,,,,,,,
2月18日,地区级,甘肃,金昌,,,,,,,1.0,1.0,
2月18日,地区级,甘肃,白银,,,,,,,4.0,1.0,
2月18日,地区级,甘肃,天水,,,,,,,12.0,11.0,
2月18日,地区级,甘肃,武威,,,,,,,,,
2月18日,地区级,甘肃,张掖,,,,,,,2.0,2.0,
2月18日,地区级,甘肃,平凉,,,,,,,9.0,3.0,
2月18日,地区级,甘肃,酒泉,,,,,,,,,
2月18日,地区级,甘肃,庆阳,,,,,,,3.0,2.0,
2月18日,地区级,甘肃,定西,,,,,,,9.0,8.0,
2月18日,地区级,甘肃,陇南,,1.0,,,,,4.0,4.0,
2月18日,地区级,甘肃,临夏,,,,,,,3.0,3.0,
2月18日,地区级,甘肃,甘南州,,,,,,,8.0,4.0,
2月18日,省级,甘肃,,,4.0,,,,,91.0,62.0,2.0
2月18日,地区级,广东,深圳,,11.0,,,,,416.0,163.0,2.0
2月18日,地区级,广东,广州,,6.0,,,,,339.0,148.0,
2月18日,地区级,广东,珠海,,2.0,1.0,,,,98.0,45.0,1.0
2月18日,地区级,广东,佛山,,4.0,,,,,84.0,27.0,
2月18日,地区级,广东,东莞,,5.0,,,,,91.0,24.0,1.0
2月18日,地区级,广东,中山,,1.0,,,,,66.0,40.0,
2月18日,地区级,广东,惠州,3.0,2.0,,,,,62.0,36.0,
2月18日,地区级,广东,汕头,,1.0,,,,,25.0,15.0,
2月18日,地区级,广东,江门,,2.0,,,,,23.0,8.0,
2月18日,地区级,广东,湛江,,,,,,,22.0,12.0,
2月18日,地区级,广东,肇庆,,,,,,,18.0,8.0,1.0
2月18日,地区级,广东,梅州,,,,,,,16.0,8.0,
2月18日,地区级,广东,阳江,,,,,,,13.0,9.0,
2月18日,地区级,广东,茂名,,3.0,,,,,14.0,6.0,
2月18日,地区级,广东,清远,,,,,,,12.0,9.0,
2月18日,地区级,广东,韶关,,1.0,,,,,10.0,5.0,
2月18日,地区级,广东,揭阳,,,,,,,8.0,4.0,
2月18日,地区级,广东,汕尾,,,,,,,5.0,2.0,
2月18日,地区级,广东,潮州,,2.0,,,,,5.0,4.0,
2月18日,地区级,广东,河源,,,,,,,4.0,1.0,
2月18日,地区级,广东,地区待确认,,1.0,,,,,,-3.0,
2月18日,省级,广东,,3.0,41.0,1.0,,,,1331.0,571.0,5.0
2月18日,地区级,广西,南宁,,2.0,,,,,54.0,,
2月18日,地区级,广西,柳州,,,,,,,24.0,,
2月18日,地区级,广西,桂林,,3.0,,,,,31.0,,
2月18日,地区级,广西,梧州,,,,,,,5.0,,
2月18日,地区级,广西,北海,,4.0,,,,,44.0,,1.0
2月18日,地区级,广西,防城港,,5.0,,,,,18.0,,
2月18日,地区级,广西,钦州,,,,,,,8.0,,
2月18日,地区级,广西,贵港,,,,,,,8.0,,
2月18日,地区级,广西,玉林,1.0,2.0,,,,,11.0,,
2月18日,地区级,广西,百色,,2.0,,,,,3.0,,
2月18日,地区级,广西,贺州,,,,,,,4.0,,
2月18日,地区级,广西,河池,1.0,,,,,,23.0,,1.0
2月18日,地区级,广西,来宾,,,,,,,11.0,,
2月18日,地区级,广西,地区待确认,,,,,,,,,
2月18日,省级,广西,,2.0,18.0,,,,,244.0,76.0,2.0
2月18日,地区级,贵州,贵阳,,,1.0,,,,36.0,13.0,1.0
2月18日,地区级,贵州,六盘水,,,,,,,10.0,6.0,1.0
2月18日,地区级,贵州,铜仁,,,,,,,10.0,9.0,
2月18日,地区级,贵州,黔东南州,,,,,,,10.0,4.0,
2月18日,地区级,贵州,遵义,,3.0,,,,,32.0,15.0,
2月18日,地区级,贵州,安顺,,,,,,,4.0,1.0,
2月18日,地区级,贵州,黔南州,,,,,,,17.0,7.0,
2月18日,地区级,贵州,毕节,,,,,,,23.0,10.0,
2月18日,地区级,贵州,黔西南州,,,,,,,4.0,4.0,
2月18日,省级,贵州,,,3.0,1.0,,,,146.0,69.0,2.0
2月18日,地区级,海南,海口,,1.0,,,,,34.0,17.0,
2月18日,地区级,海南,三亚,,7.0,,,,,54.0,22.0,1.0
2月18日,地区级,海南,三沙,,,,,,,,,
2月18日,地区级,海南,儋州,,1.0,,,,,15.0,9.0,
2月18日,地区级,海南,五指山,,,,,,,,,
2月18日,地区级,海南,琼海,,1.0,,,,,6.0,4.0,1.0
2月18日,地区级,海南,文昌,,1.0,,,,,3.0,2.0,
2月18日,地区级,海南,万宁,,5.0,,,,,13.0,9.0,
2月18日,地区级,海南,东方,,,,,,,3.0,2.0,
2月18日,地区级,海南,定安县,,,,,,,3.0,2.0,1.0
2月18日,地区级,海南,屯昌县,,,,,,,,,
2月18日,地区级,海南,澄迈县,,3.0,,,,,9.0,4.0,1.0
2月18日,地区级,海南,临高县,,,,,,,6.0,4.0,
2月18日,地区级,海南,白沙县,,,,,,,,,
2月18日,地区级,海南,昌江县,,,,,,,7.0,1.0,
2月18日,地区级,海南,乐东,,,,,,,2.0,,
2月18日,地区级,海南,陵水县,,1.0,,,,,4.0,1.0,
2月18日,地区级,海南,保亭,,,,,,,3.0,1.0,
2月18日,地区级,海南,琼中县,,,,,,,1.0,1.0,
2月18日,地区级,海南,地区待确认,,,,,,,,,
2月18日,省级,海南,,,20.0,,,,,163.0,79.0,4.0
2月18日,地区级,河北,沧州,,,,,,,48.0,18.0,2.0
2月18日,地区级,河北,唐山,4.0,1.0,,,,,55.0,11.0,1.0
2月18日,地区级,河北,张家口,,6.0,,,,,34.0,15.0,
2月18日,地区级,河北,保定,,1.0,,,,,32.0,27.0,
2月18日,地区级,河北,邯郸,,2.0,,,,,31.0,12.0,
2月18日,地区级,河北,廊坊,,2.0,,,,,30.0,18.0,
2月18日,地区级,河北,石家庄,,,,,,,28.0,11.0,
2月18日,地区级,河北,邢台,,,,,,,23.0,10.0,1.0
2月18日,地区级,河北,秦皇岛,,1.0,,,,,10.0,4.0,
2月18日,地区级,河北,衡水,,,,,,,8.0,6.0,
2月18日,地区级,河北,承德,,,,,,,7.0,4.0,
2月18日,地区级,河北,地区待确认,,,,,,,,,
2月18日,省级,河北,,4.0,13.0,,,,,306.0,136.0,4.0
2月18日,地区级,黑龙江,哈尔滨,2.0,14.0,,,,,192.0,46.0,3.0
2月18日,地区级,黑龙江,齐齐哈尔,,,,,,,43.0,10.0,1.0
2月18日,地区级,黑龙江,鸡西,,1.0,,,,,46.0,3.0,
2月18日,地区级,黑龙江,鹤岗,,,,,,,5.0,2.0,
2月18日,地区级,黑龙江,双鸭山,,,1.0,,,,52.0,4.0,3.0
2月18日,地区级,黑龙江,大庆,3.0,3.0,,,,,23.0,7.0,1.0
2月18日,地区级,黑龙江,伊春,,,,,,,1.0,,
2月18日,地区级,黑龙江,佳木斯,,1.0,,,,,15.0,12.0,
2月18日,地区级,黑龙江,七台河,,2.0,,,,,17.0,6.0,
2月18日,地区级,黑龙江,牡丹江,,,,,,,13.0,1.0,
2月18日,地区级,黑龙江,黑河,,,,,,,14.0,,
2月18日,地区级,黑龙江,绥化,1.0,2.0,,,,,47.0,16.0,4.0
2月18日,地区级,黑龙江,大兴安岭,,,,,,,2.0,1.0,
2月18日,地区级,黑龙江,地区待确认,,,,,,,,,
2月18日,省级,黑龙江,,6.0,23.0,1.0,,,,470.0,108.0,12.0
2月18日,地区级,河南,信阳,2.0,12.0,,,,,268.0,12.0,
2月18日,地区级,河南,南阳,,,,,,,155.0,,
2月18日,地区级,河南,郑州,2.0,,,,,,156.0,,
2月18日,地区级,河南,驻马店,,3.0,,,,,139.0,3.0,
2月18日,地区级,河南,商丘,,,,,,,91.0,,
2月18日,地区级,河南,周口,,,,,,,76.0,,
2月18日,地区级,河南,平顶山,,4.0,,,,,58.0,4.0,
2月18日,地区级,河南,新乡,,,,,,,57.0,,
2月18日,地区级,河南,安阳,,,,,,,52.0,,
2月18日,地区级,河南,许昌,1.0,,,,,,39.0,,
2月18日,地区级,河南,漯河,,1.0,,,,,34.0,1.0,
2月18日,地区级,河南,洛阳,,1.0,,,,,31.0,1.0,
2月18日,地区级,河南,焦作,,,,,,,32.0,,
2月18日,地区级,河南,开封,,,,,,,26.0,,
2月18日,地区级,河南,鹤壁,,,,,,,19.0,,
2月18日,地区级,河南,濮阳,,3.0,,,,,17.0,3.0,
2月18日,地区级,河南,三门峡,,,,,,,7.0,,
2月18日,地区级,河南,济源示范区,,,,,,,5.0,,
2月18日,地区级,河南,地区待确认,,23.0,,,,,,528.0,19.0
2月18日,省级,河南,,5.0,47.0,,,,,1262.0,552.0,19.0
2月18日,地区级,湖北,武汉,1660.0,676.0,116.0,,,,44412.0,,1497.0
2月18日,地区级,湖北,孝感,24.0,49.0,7.0,,,,3344.0,,82.0
2月18日,地区级,湖北,黄冈,16.0,118.0,1.0,,,,2844.0,,85.0
2月18日,地区级,湖北,随州,2.0,56.0,1.0,,,,1280.0,,26.0
2月18日,地区级,湖北,荆州,4.0,70.0,,,,,1541.0,,38.0
2月18日,地区级,湖北,襄阳,2.0,48.0,1.0,,,,1165.0,,22.0
2月18日,地区级,湖北,黄石,,47.0,5.0,-2.0,,,983.0,,25.0
2月18日,地区级,湖北,宜昌,3.0,22.0,1.0,,,,907.0,,25.0
2月18日,地区级,湖北,荆门,1.0,38.0,,,,,901.0,,33.0
2月18日,地区级,湖北,鄂州,4.0,36.0,1.0,,,,1343.0,,37.0
2月18日,地区级,湖北,咸宁,,21.0,,-36.0,,,832.0,,10.0
2月18日,地区级,湖北,十堰,12.0,20.0,,,,,638.0,,2.0
2月18日,地区级,湖北,仙桃,18.0,28.0,,,,,562.0,,19.0
2月18日,地区级,湖北,天门,,18.0,,-14.0,,,486.0,,11.0
2月18日,地区级,湖北,恩施州,,6.0,,-1.0,,,249.0,,3.0
2月18日,地区级,湖北,潜江,,13.0,,,,,185.0,,6.0
2月18日,地区级,湖北,神农架,,,,,,,10.0,,
2月18日,地区级,湖北,地区待确认,,,,,,,,,
2月18日,省级,湖北,,1746.0,1266.0,133.0,-53.0,,-1.0,61682.0,9128.0,1921.0
2月18日,地区级,湖南,长沙,,6.0,,,,,241.0,98.0,2.0
2月18日,地区级,湖南,株洲,,2.0,,,,,78.0,37.0,
2月18日,地区级,湖南,湘潭,,1.0,,,,,35.0,17.0,
2月18日,地区级,湖南,衡阳,,1.0,,,,,48.0,29.0,
2月18日,地区级,湖南,邵阳,1.0,3.0,,,,,102.0,70.0,1.0
2月18日,地区级,湖南,岳阳,,1.0,,,,,155.0,64.0,1.0
2月18日,地区级,湖南,常德,,9.0,,,,,79.0,43.0,
2月18日,地区级,湖南,张家界,,,,,,,5.0,5.0,
2月18日,地区级,湖南,益阳,,1.0,,,,,59.0,31.0,
2月18日,地区级,湖南,郴州,,1.0,,,,,39.0,27.0,
2月18日,地区级,湖南,永州,,,,,,,43.0,30.0,
2月18日,地区级,湖南,怀化,,3.0,,,,,40.0,37.0,
2月18日,地区级,湖南,娄底,,12.0,,,,,76.0,47.0,
2月18日,地区级,湖南,湘西自治州,,1.0,,,,,8.0,7.0,
2月18日,省级,湖南,,1.0,41.0,,,,,1008.0,542.0,4.0
2月18日,地区级,江苏,南京,1.0,3.0,,,,,93.0,35.0,
2月18日,地区级,江苏,无锡,,6.0,,,,,55.0,27.0,
2月18日,地区级,江苏,徐州,,4.0,,,,,79.0,46.0,
2月18日,地区级,江苏,常州,1.0,7.0,,,,,51.0,27.0,
2月18日,地区级,江苏,苏州,,,,,,,87.0,31.0,
2月18日,地区级,江苏,南通,,2.0,,,,,40.0,21.0,
2月18日,地区级,江苏,连云港,,3.0,,,,,48.0,17.0,
2月18日,地区级,江苏,淮安,,,,,,,66.0,28.0,
2月18日,地区级,江苏,盐城,,4.0,,,,,27.0,18.0,
2月18日,地区级,江苏,扬州,,2.0,,,,,23.0,11.0,
2月18日,地区级,江苏,镇江,,1.0,,,,,12.0,6.0,
2月18日,地区级,江苏,泰州,,1.0,,,,,37.0,22.0,
2月18日,地区级,江苏,宿迁,,,,,,,13.0,7.0,
2月18日,地区级,江苏,地区待确认,,,,,,,,,
2月18日,省级,江苏,,2.0,33.0,,,,,631.0,296.0,
2月18日,地区级,江西,南昌,1.0,19.0,,,,,230.0,114.0,
2月18日,地区级,江西,景德镇,,,,,,,6.0,3.0,
2月18日,地区级,江西,萍乡,,1.0,,,,,33.0,7.0,
2月18日,地区级,江西,九江,,3.0,,,,,118.0,33.0,
2月18日,地区级,江西,新余,,12.0,,,,,129.0,58.0,
2月18日,地区级,江西,鹰潭,,,,,,,18.0,3.0,
2月18日,地区级,江西,赣州,,4.0,,,,,76.0,24.0,1.0
2月18日,地区级,江西,吉安,,1.0,,,,,22.0,11.0,
2月18日,地区级,江西,宜春,,3.0,,,,,106.0,33.0,
2月18日,地区级,江西,抚州,,1.0,,,,,72.0,29.0,
2月18日,地区级,江西,上饶,,8.0,,,,,123.0,47.0,
2月18日,地区级,江西,赣江新区,,,,,,,1.0,,
2月18日,省级,江西,,1.0,52.0,,,,,934.0,362.0,1.0
2月18日,地区级,吉林,长春,,,,,,,45.0,19.0,
2月18日,地区级,吉林,吉林,,,,,,,5.0,3.0,
2月18日,地区级,吉林,四平,1.0,,,,,,21.0,6.0,1.0
2月18日,地区级,吉林,辽源,,,,,,,7.0,1.0,
2月18日,地区级,吉林,通化,,,,,,,4.0,2.0,
2月18日,地区级,吉林,白山,,,,,,,,,
2月18日,地区级,吉林,松原,,,,,,,2.0,1.0,
2月18日,地区级,吉林,白城,,,,,,,1.0,,
2月18日,地区级,吉林,延边,,2.0,,,,,5.0,4.0,
2月18日,地区级,吉林,地区待确认,,,,,,,,,
2月18日,省级,吉林,,1.0,2.0,,,,,90.0,36.0,1.0
2月18日,地区级,辽宁,沈阳,,,,,,,28.0,11.0,
2月18日,地区级,辽宁,大连,,4.0,,,,,19.0,9.0,
2月18日,地区级,辽宁,鞍山,,,,,,,4.0,,
2月18日,地区级,辽宁,抚顺,,,,,,,,,
2月18日,地区级,辽宁,本溪,,2.0,,,,,3.0,3.0,
2月18日,地区级,辽宁,丹东,,,,,,,7.0,4.0,
2月18日,地区级,辽宁,锦州,,,,,,,12.0,7.0,
2月18日,地区级,辽宁,营口,,,,,,,1.0,1.0,
2月18日,地区级,辽宁,阜新,,3.0,,,,,8.0,6.0,
2月18日,地区级,辽宁,辽阳,,1.0,,,,,3.0,3.0,
2月18日,地区级,辽宁,盘锦,,,,,,,11.0,4.0,
2月18日,地区级,辽宁,铁岭,,,,,,,7.0,2.0,
2月18日,地区级,辽宁,朝阳市,,,,,,,6.0,3.0,
2月18日,地区级,辽宁,葫芦岛,,2.0,,,,,12.0,2.0,1.0
2月18日,省级,辽宁,,,12.0,,,,,121.0,55.0,1.0
2月18日,地区级,内蒙古,通辽,,,,,,,7.0,,
2月18日,地区级,内蒙古,鄂尔多斯,,,,,,,11.0,3.0,
2月18日,地区级,内蒙古,包头,,,,,,,11.0,,
2月18日,地区级,内蒙古,赤峰,,1.0,,,,,9.0,3.0,
2月18日,地区级,内蒙古,巴彦淖尔,,,,,,,8.0,,
2月18日,地区级,内蒙古,锡林郭勒,1.0,,,,,,9.0,1.0,
2月18日,地区级,内蒙古,呼和浩特,,,,,,,7.0,,
2月18日,地区级,内蒙古,呼伦贝尔,1.0,,,,,,7.0,1.0,
2月18日,地区级,内蒙古,乌兰察布,,,,,,,3.0,1.0,
2月19日,地区级,内蒙古,兴安盟,,,,,,,1.0,,
2月19日,地区级,内蒙古,乌海,,,,,,,2.0,,
2月18日,省级,内蒙古,,2.0,1.0,,,,,75.0,9.0,
2月18日,地区级,宁夏,银川,,3.0,,,,,33.0,25.0,
2月18日,地区级,宁夏,吴忠,1.0,3.0,,,,,28.0,9.0,
2月18日,地区级,宁夏,固原,,1.0,,,,,5.0,3.0,
2月18日,地区级,宁夏,中卫,,,,,,,3.0,3.0,
2月18日,地区级,宁夏,宁东,,,,,,,1.0,1.0,
2月18日,地区级,宁夏,石嘴山,,,,,,,1.0,1.0,
2月18日,地区级,宁夏,地区待确认,,,,,,,,,
2月18日,省级,宁夏,,1.0,7.0,,,,,71.0,42.0,
2月18日,地区级,青海,西宁,,2.0,,,,,15.0,13.0,
2月18日,地区级,青海,海东,,,,,,,,,
2月18日,地区级,青海,海北州,,,,,,,3.0,2.0,
2月18日,地区级,青海,黄南州,,,,,,,,,
2月18日,地区级,青海,海南州,,,,,,,,,
2月18日,地区级,青海,果洛州,,,,,,,,,
2月18日,地区级,青海,玉树州,,,,,,,,,
2月18日,地区级,青海,海西州,,,,,,,,,
2月18日,地区级,青海,地区待确认,,,,,,,,,
2月18日,省级,青海,,,2.0,,,,,18.0,15.0,
2月18日,国家级,,,1802.0,1824.0,136.0,-53.0,,,74185.0,14376.0,2004.0
2月18日,地区级,陕西,西安,1.0,3.0,,,,,118.0,3.0,
2月18日,地区级,陕西,宝鸡,,,,,,,13.0,,
2月18日,地区级,陕西,咸阳,,1.0,,,,,18.0,1.0,
2月18日,地区级,陕西,铜川,,,,,,,8.0,,
2月18日,地区级,陕西,渭南,,,,,,,16.0,,
2月18日,地区级,陕西,延安,,,,,,,8.0,,
2月18日,地区级,陕西,榆林,,,,,,,3.0,,
2月18日,地区级,陕西,汉中,1.0,3.0,,,,,26.0,3.0,
2月18日,地区级,陕西,安康,,3.0,,,,,25.0,3.0,
2月18日,地区级,陕西,商洛,,,,,,,7.0,,
2月18日,地区级,陕西,地区待确认,,,,,,,,79.0,
2月18日,省级,陕西,,2.0,10.0,,,,,242.0,89.0,
2月18日,地区级,山东,济南,,3.0,,,,,47.0,16.0,
2月18日,地区级,山东,青岛,1.0,2.0,,,,,59.0,28.0,1.0
2月18日,地区级,山东,淄博,,1.0,,,,,29.0,6.0,
2月18日,地区级,山东,枣庄,,,,,,,24.0,7.0,
2月18日,地区级,山东,东营,,,,,,,,,
2月18日,地区级,山东,烟台,,,,,,,47.0,13.0,
2月18日,地区级,山东,潍坊,,3.0,,,,,44.0,14.0,
2月18日,地区级,山东,济宁,,2.0,,,,,52.0,22.0,
2月18日,地区级,山东,泰安,,,1.0,,,,32.0,6.0,1.0
2月18日,地区级,山东,威海,,1.0,,,,,38.0,10.0,
2月18日,地区级,山东,日照,,2.0,,,,,16.0,6.0,
2月18日,地区级,山东,临沂,,2.0,,,,,48.0,37.0,
2月18日,地区级,山东,德州,,,,,,,37.0,9.0,1.0
2月18日,地区级,山东,聊城,,6.0,,,,,38.0,18.0,
2月18日,地区级,山东,滨州,,,,,,,15.0,10.0,
2月18日,地区级,山东,菏泽,,,,,,,18.0,13.0,
2月18日,省级,山东,,1.0,22.0,1.0,,,,544.0,215.0,3.0
2月18日,地区级,上海,外地来沪,,5.0,,,,,110.0,64.0,
2月18日,地区级,上海,徐汇,,,,,,,18.0,6.0,
2月18日,地区级,上海,浦东,,4.0,,,,,60.0,37.0,
2月18日,地区级,上海,宝山,,,,,,,21.0,7.0,
2月18日,地区级,上海,闵行,,3.0,,,,,18.0,14.0,
2月18日,地区级,上海,静安,,,,,,,16.0,9.0,
2月18日,地区级,上海,松江,,1.0,,,,,14.0,6.0,
2月18日,地区级,上海,长宁,,,,,,,13.0,8.0,
2月18日,地区级,上海,普陀,,,,,,,11.0,4.0,
2月18日,地区级,上海,杨浦,,,,,,,9.0,3.0,
2月18日,地区级,上海,嘉定,,,,,,,9.0,2.0,
2月18日,地区级,上海,奉贤,,2.0,,,,,9.0,3.0,
2月18日,地区级,上海,虹口,,,,,,,7.0,4.0,
2月18日,地区级,上海,黄浦,,,,,,,6.0,2.0,
2月18日,地区级,上海,青浦,,,,,,,5.0,5.0,
2月18日,地区级,上海,金山,,,,,,,3.0,2.0,
2月18日,地区级,上海,崇明,,1.0,,,,,4.0,1.0,
2月18日,省级,上海,,,16.0,,,,,333.0,177.0,1.0
2月18日,地区级,山西,太原,,2.0,,,,,19.0,8.0,
2月18日,地区级,山西,大同,,1.0,,,,,12.0,6.0,
2月18日,地区级,山西,阳泉,,,,,,,4.0,1.0,
2月18日,地区级,山西,长治,,,,,,,8.0,1.0,
2月18日,地区级,山西,晋城,1.0,,,,,,10.0,2.0,
2月18日,地区级,山西,朔州,,1.0,,,,,8.0,3.0,
2月18日,地区级,山西,晋中,,,,,,,36.0,15.0,
2月18日,地区级,山西,运城,,1.0,,,,,19.0,14.0,
2月18日,地区级,山西,忻州,,3.0,,,,,7.0,4.0,
2月18日,地区级,山西,临汾,,,,,,,2.0,1.0,
2月18日,地区级,山西,吕梁,,,,,,,6.0,6.0,
2月18日,地区级,山西,地区待确认,,,,,,,,,
2月18日,省级,山西,,1.0,8.0,,,,,131.0,61.0,
2月18日,地区级,四川,成都,1.0,5.0,,,,,141.0,61.0,
2月18日,地区级,四川,自贡,,2.0,,,,,9.0,4.0,
2月18日,地区级,四川,攀枝花,,,,,,,16.0,11.0,
2月18日,地区级,四川,泸州,1.0,,,,,,20.0,3.0,
2月18日,地区级,四川,德阳,,,,,,,17.0,1.0,
2月18日,地区级,四川,绵阳,,1.0,,,,,22.0,10.0,
2月18日,地区级,四川,广元,,1.0,,,,,6.0,4.0,
2月18日,地区级,四川,遂宁,,,,,,,17.0,9.0,
2月18日,地区级,四川,内江,,,,,,,22.0,6.0,
2月18日,地区级,四川,乐山,,,,,,,3.0,2.0,
2月18日,地区级,四川,南充,,1.0,,,,,38.0,13.0,
2月18日,地区级,四川,宜宾,,,,,,,12.0,6.0,
2月18日,地区级,四川,广安,,2.0,,,,,30.0,16.0,
2月18日,地区级,四川,达州,1.0,,,,,,40.0,8.0,
2月18日,地区级,四川,巴中,,,,,,,24.0,3.0,
2月18日,地区级,四川,雅安,,,,,,,7.0,2.0,
2月18日,地区级,四川,眉山,,,,,,,8.0,2.0,
2月18日,地区级,四川,资阳,,,,,,,3.0,2.0,
2月18日,地区级,四川,阿坝,,,,,,,1.0,1.0,
2月18日,地区级,四川,甘孜,3.0,2.0,,,,,65.0,8.0,
2月18日,地区级,四川,凉山,,,,,,,13.0,5.0,
2月18日,地区级,四川,地区待确认,,,,,,,,,
2月18日,地区级,四川,地区待确认,,,,,,,,,
2月18日,地区级,四川,地区待确认,,,,,,,,,3.0
2月18日,省级,四川,,6.0,14.0,,,,,514.0,177.0,3.0
2月18日,地区级,台湾,台湾,,,,,,,22.0,2.0,1.0
2月18日,省级,台湾,,,,,,,,22.0,2.0,1.0
2月18日,地区级,天津,宝坻区,3.0,,,,,,53.0,12.0,2.0
2月18日,地区级,天津,河东区,,,,,,,15.0,7.0,1.0
2月18日,地区级,天津,河北区,,1.0,,,,,12.0,8.0,
2月18日,地区级,天津,和平区,,,,,,,6.0,4.0,
2月18日,地区级,天津,河西区,,,,,,,4.0,2.0,
2月18日,地区级,天津,宁河区,,,,,,,4.0,,
2月18日,地区级,天津,东丽区,,,,,,,4.0,1.0,
2月18日,地区级,天津,西青区,,1.0,,,,,4.0,4.0,
2月18日,地区级,天津,南开区,,,,,,,6.0,1.0,
2月18日,地区级,天津,滨海新区,,,,,,,3.0,1.0,
2月18日,地区级,天津,红桥区,,,,,,,2.0,2.0,
2月18日,地区级,天津,津南区,,,,,,,1.0,1.0,
2月18日,地区级,天津,北辰区,,,,,,,6.0,1.0,
2月18日,地区级,天津,武清区,,,,,,,2.0,1.0,
2月18日,地区级,天津,外地来津,,,,,,,6.0,3.0,
2月18日,省级,天津,,3.0,2.0,,,,,128.0,48.0,3.0
2月18日,地区级,香港,香港,2.0,2.0,,,,,62.0,4.0,1.0
2月18日,省级,香港,,2.0,2.0,,,,,62.0,4.0,1.0
2月18日,地区级,新疆,乌鲁木齐,,2.0,,,,,23.0,,
2月18日,地区级,新疆,伊犁州,,,,,,,18.0,,
2月18日,地区级,新疆,昌吉州,,,,,,,4.0,,
2月18日,地区级,新疆,巴州,,,,,,,3.0,,
2月18日,地区级,新疆,阿克苏,,,,,,,1.0,,
2月18日,地区级,新疆,吐鲁番,,,,,,,3.0,,
2月18日,地区级,新疆,兵团第四师,,,,,,,10.0,,
2月18日,地区级,新疆,兵团第六师,,,,,,,2.0,,
2月18日,地区级,新疆,兵团第七师,,,,,,,1.0,,
2月18日,地区级,新疆,兵团第八师,,,,,,,4.0,,
2月18日,地区级,新疆,兵团第九师,,,,,,,4.0,,
2月18日,地区级,新疆,兵团第十二师,,,,,,,3.0,,
2月18日,省级,新疆,,0.0,2.0,0.0,0.0,,,76.0,14.0,1.0
2月18日,地区级,西藏,拉萨,,,,,,,1.0,1.0,
2月18日,省级,西藏,,,,,,,,1.0,1.0,
2月18日,地区级,云南,昆明,1.0,2.0,,,,,53.0,13.0,
2月18日,地区级,云南,西双版纳州,,,,,,,15.0,4.0,
2月18日,地区级,云南,玉溪,,,,,,,14.0,3.0,
2月18日,地区级,云南,昭通,,,,,,,25.0,2.0,
2月18日,地区级,云南,曲靖,,,,,,,13.0,6.0,
2月18日,地区级,云南,大理,,4.0,,,,,13.0,10.0,
2月18日,地区级,云南,保山,,,,,,,9.0,2.0,
2月18日,地区级,云南,丽江,,2.0,,,,,7.0,7.0,
2月18日,地区级,云南,红河,,,,,,,8.0,3.0,
2月18日,地区级,云南,德宏州,,,,,,,5.0,2.0,
2月18日,地区级,云南,楚雄州,,,,,,,4.0,1.0,
2月18日,地区级,云南,普洱,,2.0,,,,,4.0,3.0,
2月18日,地区级,云南,文山州,,,,,,,2.0,,
2月18日,地区级,云南,临沧,,,,,,,1.0,1.0,
2月18日,地区级,云南,地区待确认,,,,,,,,,
2月18日,省级,云南,,1.0,10.0,,,,,173.0,57.0,
2月18日,地区级,浙江,杭州,,4.0,,,,,168.0,98.0,
2月18日,地区级,浙江,宁波,,5.0,,,,,156.0,73.0,
2月18日,地区级,浙江,温州,,14.0,,,,,504.0,208.0,
2月18日,地区级,浙江,湖州,,,,,,,10.0,5.0,
2月18日,地区级,浙江,嘉兴,1.0,1.0,,,,,44.0,15.0,
2月18日,地区级,浙江,绍兴,,1.0,,,,,42.0,20.0,
2月18日,地区级,浙江,金华,,,,,,,55.0,30.0,
2月18日,地区级,浙江,衢州,,,,,,,21.0,10.0,
2月18日,地区级,浙江,舟山,,,,,,,10.0,5.0,
2月18日,地区级,浙江,台州,,5.0,,,,,146.0,69.0,
2月18日,地区级,浙江,丽水,,,,,,,17.0,11.0,
2月18日,省级,浙江,,1.0,30.0,,,,,1173.0,544.0,
2月19日,地区级,安徽,合肥,,4.0,,,,,173.0,,
2月19日,地区级,安徽,淮北,,,,,,,27.0,,
2月19日,地区级,安徽,亳州,,11.0,,,,,108.0,,
2月19日,地区级,安徽,宿州,,3.0,,,,,41.0,,
2月19日,地区级,安徽,蚌埠,1.0,10.0,,,,,160.0,,
2月19日,地区级,安徽,阜阳,,17.0,,,,,155.0,,
2月19日,地区级,安徽,滁州,,,,,,,13.0,,
2月19日,地区级,安徽,六安,,7.0,,,,,69.0,,
2月19日,地区级,安徽,铜陵,,,,,,,29.0,,
2月19日,地区级,安徽,马鞍山,,1.0,,,,,37.0,,
2月19日,地区级,安徽,池州,,1.0,,,,,17.0,,
2月19日,地区级,安徽,安庆,,5.0,,,,,83.0,,
2月19日,地区级,安徽,淮南,,1.0,,,,,27.0,,
2月19日,地区级,安徽,芜湖,,,,,,,33.0,,
2月19日,地区级,安徽,宣城,,,,,,,6.0,,
2月19日,地区级,安徽,黄山,,3.0,,,,,9.0,,
2月19日,省级,安徽,,1.0,63.0,,,,,987.0,424.0,6.0
2月19日,地区级,澳门,澳门,,1.0,,,,,10.0,6.0,
2月19日,省级,澳门,,,1.0,,,,,10.0,6.0,
2月19日,地区级,北京,东城,,,,,,,12.0,,
2月19日,地区级,北京,西城,1.0,,,,,,53.0,,
2月19日,地区级,北京,朝阳,,,,,,,58.0,,
2月19日,地区级,北京,丰台,,,,,,,40.0,,
2月19日,地区级,北京,石景山,,,,,,,14.0,,
2月19日,地区级,北京,海淀,,,,,,,61.0,,
2月19日,地区级,北京,门头沟,,,,,,,3.0,,
2月19日,地区级,北京,房山,,,,,,,16.0,,
2月19日,地区级,北京,通州,1.0,,,,,,19.0,,
2月19日,地区级,北京,顺义,,,,,,,10.0,,
2月19日,地区级,北京,昌平,,,,,,,29.0,,
2月19日,地区级,北京,大兴,,,,,,,39.0,,
2月19日,地区级,北京,怀柔,,,,,,,7.0,,
2月19日,地区级,北京,平谷,,,,,,,,,
2月19日,地区级,北京,密云,,,,,,,7.0,,
2月19日,地区级,北京,延庆,,,,,,,1.0,,
2月19日,地区级,北京,外地来京,,,,,,,26.0,,
2月19日,地区级,北京,地区待确认,,8.0,,,,,,153.0,4.0
2月19日,省级,北京,,2.0,8.0,,,,,395.0,153.0,4.0
2月19日,地区级,重庆,万州区,3.0,5.0,,,,,113.0,46.0,3.0
2月19日,地区级,重庆,黔江区,,,,,,,2.0,2.0,
2月19日,地区级,重庆,涪陵区,,,,,,,3.0,2.0,
2月19日,地区级,重庆,渝中区,,,,,,,20.0,14.0,
2月19日,地区级,重庆,大渡口区,,,,,,,7.0,5.0,
2月19日,地区级,重庆,江北区,,1.0,,,,,28.0,9.0,
2月19日,地区级,重庆,沙坪坝区,,,,,,,8.0,1.0,
2月19日,地区级,重庆,九龙坡区,,,,,,,20.0,10.0,1.0
2月19日,地区级,重庆,南岸区,,2.0,,,,,15.0,5.0,
2月19日,地区级,重庆,北碚区,,,,,,,,,
2月19日,地区级,重庆,渝北区,,1.0,,,,,16.0,9.0,
2月19日,地区级,重庆,巴南区,,,,,,,6.0,2.0,
2月19日,地区级,重庆,长寿区,,,,,,,21.0,10.0,
2月19日,地区级,重庆,江津区,,,,,,,4.0,3.0,
2月19日,地区级,重庆,合川区,,,,,,,23.0,8.0,
2月19日,地区级,重庆,永川区,,2.0,,,,,5.0,4.0,
2月19日,地区级,重庆,南川区,,,,,,,,,
2月19日,地区级,重庆,綦江区,,1.0,,,,,23.0,11.0,
2月19日,地区级,重庆,大足区,,1.0,,,,,14.0,9.0,
2月19日,地区级,重庆,璧山区,,,,,,,9.0,7.0,
2月19日,地区级,重庆,铜梁区,,,,,,,9.0,4.0,
2月19日,地区级,重庆,潼南区,,1.0,,,,,18.0,4.0,
2月19日,地区级,重庆,荣昌区,,,,,,,9.0,5.0,
2月19日,地区级,重庆,开州区,,1.0,,,,,20.0,14.0,1.0
2月19日,地区级,重庆,梁平区,,,,,,,4.0,4.0,
2月19日,地区级,重庆,武隆区,,,,,,,1.0,1.0,
2月19日,地区级,重庆,城口县,,,,,,,2.0,2.0,
2月19日,地区级,重庆,丰都县,,,,,,,10.0,3.0,
2月19日,地区级,重庆,垫江县,,2.0,,,,,20.0,9.0,
2月19日,地区级,重庆,忠县,,1.0,,,,,20.0,13.0,
2月19日,地区级,重庆,云阳县,,,,,,,25.0,17.0,
2月19日,地区级,重庆,奉节县,2.0,2.0,,,,,22.0,9.0,
2月19日,地区级,重庆,巫山县,,,,,,,10.0,6.0,
2月19日,地区级,重庆,巫溪县,,,,,,,13.0,9.0,
2月19日,地区级,重庆,石柱县,,,,,,,14.0,8.0,
2月19日,地区级,重庆,秀山县,,,,,,,1.0,1.0,
2月19日,地区级,重庆,酉阳县,,,,,,,1.0,,
2月19日,地区级,重庆,彭水县,,,,,,,2.0,,
2月19日,地区级,重庆,两江新区,,,,,,,17.0,7.0,
2月19日,地区级,重庆,高新区,,,,,,,4.0,1.0,
2月19日,地区级,重庆,万盛经开区,,,,,,,1.0,,
2月19日,省级,重庆,,5.0,20.0,,,,,560.0,274.0,5.0
2月19日,地区级,福建,地区待确认,,,,,,,,,
2月19日,地区级,福建,厦门,,,,,,,35.0,,
2月19日,地区级,福建,漳州,,1.0,,,,,20.0,,
2月19日,地区级,福建,泉州,,,,,,,46.0,,
2月19日,地区级,福建,南平,,,,,,,20.0,,
2月19日,地区级,福建,福州,,5.0,1.0,,,,71.0,33.0,1.0
2月19日,地区级,福建,莆田,,2.0,,,,,55.0,,
2月19日,地区级,福建,宁德,,6.0,,,,,26.0,,
2月19日,地区级,福建,三明,,2.0,,,,,14.0,,
2月19日,地区级,福建,龙岩,,,,,,,6.0,,
2月19日,省级,福建,,,16.0,1.0,,,,293.0,112.0,1.0
2月19日,地区级,甘肃,兰州,,1.0,,,,,36.0,24.0,2.0
2月19日,地区级,甘肃,嘉峪关,,,,,,,,,
2月19日,地区级,甘肃,金昌,,,,,,,1.0,1.0,
2月19日,地区级,甘肃,白银,,,,,,,4.0,1.0,
2月19日,地区级,甘肃,天水,,1.0,,,,,12.0,12.0,
2月19日,地区级,甘肃,武威,,,,,,,,,
2月19日,地区级,甘肃,张掖,,,,,,,2.0,2.0,
2月19日,地区级,甘肃,平凉,,1.0,,,,,9.0,4.0,
2月19日,地区级,甘肃,酒泉,,,,,,,,,
2月19日,地区级,甘肃,庆阳,,,,,,,3.0,2.0,
2月19日,地区级,甘肃,定西,,,,,,,9.0,8.0,
2月19日,地区级,甘肃,陇南,,,,,,,4.0,4.0,
2月19日,地区级,甘肃,临夏,,,,,,,3.0,3.0,
2月19日,地区级,甘肃,甘南州,,,,,,,8.0,4.0,
2月19日,省级,甘肃,,,3.0,,,,,91.0,65.0,2.0
2月19日,地区级,广东,深圳,,19.0,,,,,416.0,182.0,2.0
2月19日,地区级,广东,广州,,9.0,,,,,339.0,157.0,
2月19日,地区级,广东,珠海,,,,,,,98.0,45.0,1.0
2月19日,地区级,广东,佛山,,6.0,,,,,84.0,33.0,
2月19日,地区级,广东,东莞,1.0,2.0,,,,,92.0,26.0,1.0
2月19日,地区级,广东,中山,,2.0,,,,,66.0,42.0,
2月19日,地区级,广东,惠州,,2.0,,,,,62.0,38.0,
2月19日,地区级,广东,汕头,,3.0,,,,,25.0,18.0,
2月19日,地区级,广东,江门,,1.0,,,,,23.0,9.0,
2月19日,地区级,广东,湛江,,,,,,,22.0,12.0,
2月19日,地区级,广东,肇庆,,,,,,,18.0,8.0,1.0
2月19日,地区级,广东,梅州,,2.0,,,,,16.0,10.0,
2月19日,地区级,广东,阳江,,,,,,,13.0,9.0,
2月19日,地区级,广东,茂名,,,,,,,14.0,6.0,
2月19日,地区级,广东,清远,,,,,,,12.0,9.0,
2月19日,地区级,广东,韶关,,,,,,,10.0,5.0,
2月19日,地区级,广东,揭阳,,,,,,,8.0,4.0,
2月19日,地区级,广东,汕尾,,,,,,,5.0,2.0,
2月19日,地区级,广东,潮州,,,,,,,5.0,4.0,
2月19日,地区级,广东,河源,,,,,,,4.0,1.0,
2月19日,地区级,广东,地区待确认,,2.0,,,,,,-1.0,
2月19日,省级,广东,,1.0,48.0,,,,,1332.0,619.0,5.0
2月19日,地区级,广西,南宁,,5.0,,,,,54.0,,
2月19日,地区级,广西,柳州,,2.0,,,,,24.0,,
2月19日,地区级,广西,桂林,,,,,,,31.0,,
2月19日,地区级,广西,梧州,,,,,,,5.0,,
2月19日,地区级,广西,北海,,,,,,,44.0,,1.0
2月19日,地区级,广西,防城港,1.0,,,,,,19.0,,
2月19日,地区级,广西,钦州,,,,,,,8.0,,
2月19日,地区级,广西,贵港,,,,,,,8.0,,
2月19日,地区级,广西,玉林,,,,,,,11.0,,
2月19日,地区级,广西,百色,,,,,,,3.0,,
2月19日,地区级,广西,贺州,,,,,,,4.0,,
2月19日,地区级,广西,河池,,4.0,,,,,23.0,,1.0
2月19日,地区级,广西,来宾,,,,,,,11.0,,
2月19日,地区级,广西,地区待确认,,,,,,,,,
2月19日,省级,广西,,1.0,11.0,,,,,245.0,87.0,2.0
2月19日,地区级,贵州,贵阳,,1.0,,,,,36.0,14.0,1.0
2月19日,地区级,贵州,六盘水,,,,,,,10.0,6.0,1.0
2月19日,地区级,贵州,铜仁,,,,,,,10.0,9.0,
2月19日,地区级,贵州,黔东南州,,,,,,,10.0,4.0,
2月19日,地区级,贵州,遵义,,1.0,,,,,32.0,16.0,
2月19日,地区级,贵州,安顺,,,,,,,4.0,1.0,
2月19日,地区级,贵州,黔南州,,,,,,,17.0,7.0,
2月19日,地区级,贵州,毕节,,,,,,,23.0,10.0,
2月19日,地区级,贵州,黔西南州,,,,,,,4.0,4.0,
2月19日,省级,贵州,,,2.0,,,,,146.0,71.0,2.0
2月19日,地区级,海南,海口,5.0,1.0,,,,,39.0,18.0,
2月19日,地区级,海南,三亚,,,,,,,54.0,22.0,1.0
2月19日,地区级,海南,三沙,,,,,,,,,
2月19日,地区级,海南,儋州,,2.0,,,,,15.0,11.0,
2月19日,地区级,海南,五指山,,,,,,,,,
2月19日,地区级,海南,琼海,,,,,,,6.0,4.0,1.0
2月19日,地区级,海南,文昌,,1.0,,,,,3.0,3.0,
2月19日,地区级,海南,万宁,,,,,,,13.0,9.0,
2月19日,地区级,海南,东方,,,,,,,3.0,2.0,
2月19日,地区级,海南,定安县,,,,,,,3.0,2.0,1.0
2月19日,地区级,海南,屯昌县,,,,,,,,,
2月19日,地区级,海南,澄迈县,,,,,,,9.0,4.0,1.0
2月19日,地区级,海南,临高县,,,,,,,6.0,4.0,
2月19日,地区级,海南,白沙县,,,,,,,,,
2月19日,地区级,海南,昌江县,,1.0,,,,,7.0,2.0,
2月19日,地区级,海南,乐东,,,,,,,2.0,,
2月19日,地区级,海南,陵水县,,,,,,,4.0,1.0,
2月19日,地区级,海南,保亭,,,,,,,3.0,1.0,
2月19日,地区级,海南,琼中县,,,,,,,1.0,1.0,
2月19日,地区级,海南,地区待确认,,,,,,,,,
2月19日,省级,海南,,5.0,5.0,,,,,168.0,84.0,4.0
2月19日,地区级,河北,沧州,,,1.0,,,,48.0,18.0,3.0
2月19日,地区级,河北,唐山,1.0,2.0,,,,,56.0,13.0,1.0
2月19日,地区级,河北,张家口,,9.0,,,,,34.0,24.0,
2月19日,地区级,河北,保定,,,,,,,32.0,27.0,
2月19日,地区级,河北,邯郸,,1.0,,,,,31.0,13.0,
2月19日,地区级,河北,廊坊,,2.0,,,,,30.0,20.0,
2月19日,地区级,河北,石家庄,,2.0,,,,,28.0,13.0,
2月19日,地区级,河北,邢台,,,,,,,23.0,10.0,1.0
2月19日,地区级,河北,秦皇岛,,,,,,,10.0,4.0,
2月19日,地区级,河北,衡水,,,,,,,8.0,6.0,
2月19日,地区级,河北,承德,,,,,,,7.0,4.0,
2月19日,地区级,河北,地区待确认,,,,,,,,,
2月19日,省级,河北,,1.0,16.0,1.0,,,,307.0,152.0,5.0
2月19日,地区级,黑龙江,哈尔滨,2.0,2.0,,,,,194.0,48.0,3.0
2月19日,地区级,黑龙江,齐齐哈尔,,1.0,,,,,43.0,11.0,1.0
2月19日,地区级,黑龙江,鸡西,,,,,,,46.0,3.0,
2月19日,地区级,黑龙江,鹤岗,,,,,,,5.0,2.0,
2月19日,地区级,黑龙江,双鸭山,,4.0,,,,,52.0,8.0,3.0
2月19日,地区级,黑龙江,大庆,3.0,,,,,,26.0,7.0,1.0
2月19日,地区级,黑龙江,伊春,,,,,,,1.0,,
2月19日,地区级,黑龙江,佳木斯,,2.0,,,,,15.0,14.0,
2月19日,地区级,黑龙江,七台河,,,,,,,17.0,6.0,
2月19日,地区级,黑龙江,牡丹江,1.0,,,,,,14.0,1.0,
2月19日,地区级,黑龙江,黑河,,3.0,,,,,14.0,3.0,
2月19日,地区级,黑龙江,绥化,,2.0,,,,,47.0,18.0,4.0
2月19日,地区级,黑龙江,大兴安岭,,1.0,,,,,2.0,2.0,
2月19日,地区级,黑龙江,地区待确认,,,,,,,,,
2月19日,省级,黑龙江,,6.0,15.0,,,,,476.0,123.0,12.0
2月19日,地区级,河南,信阳,1.0,32.0,,,,,269.0,,
2月19日,地区级,河南,南阳,,,,,,,155.0,,
2月19日,地区级,河南,郑州,1.0,,,-1.0,,,156.0,,
2月19日,地区级,河南,驻马店,,,,,,,139.0,,
2月19日,地区级,河南,商丘,,,,,,,91.0,,
2月19日,地区级,河南,周口,,,,,,,76.0,,
2月19日,地区级,河南,平顶山,,3.0,,,,,58.0,,
2月19日,地区级,河南,新乡,,5.0,,,,,57.0,,
2月19日,地区级,河南,安阳,1.0,2.0,,,,,53.0,,
2月19日,地区级,河南,许昌,,5.0,,,,,39.0,,
2月19日,地区级,河南,漯河,1.0,5.0,,,,,35.0,,
2月19日,地区级,河南,洛阳,,1.0,,,,,31.0,,
2月19日,地区级,河南,焦作,,,,,,,32.0,,
2月19日,地区级,河南,开封,,,,,,,26.0,,
2月19日,地区级,河南,鹤壁,,3.0,,,,,19.0,,
2月19日,地区级,河南,濮阳,,,,,,,17.0,,
2月19日,地区级,河南,三门峡,,1.0,,,,,7.0,,
2月19日,地区级,河南,济源示范区,,,,,,,5.0,,
2月19日,地区级,河南,地区待确认,,5.0,,,,,,614.0,19.0
2月19日,省级,河南,,4.0,62.0,,-1.0,,,1265.0,614.0,19.0
2月19日,地区级,湖北,武汉,615.0,553.0,88.0,,,,45027.0,,1585.0
2月19日,地区级,湖北,孝感,66.0,101.0,7.0,,,,3410.0,,89.0
2月19日,地区级,湖北,黄冈,22.0,90.0,2.0,,,,2866.0,,87.0
2月19日,地区级,湖北,随州,8.0,54.0,1.0,,,,1288.0,,27.0
2月19日,地区级,湖北,荆州,12.0,42.0,2.0,,,,1553.0,,40.0
2月19日,地区级,湖北,襄阳,3.0,64.0,1.0,,,,1168.0,,23.0
2月19日,地区级,湖北,黄石,2.0,37.0,1.0,,,,985.0,,26.0
2月19日,地区级,湖北,宜昌,3.0,23.0,2.0,,,,910.0,,27.0
2月19日,地区级,湖北,荆门,5.0,20.0,1.0,,,,906.0,,34.0
2月19日,地区级,湖北,鄂州,25.0,49.0,1.0,,,,1368.0,,38.0
2月19日,地区级,湖北,咸宁,2.0,43.0,,,,,834.0,,10.0
2月19日,地区级,湖北,十堰,5.0,23.0,,,,,643.0,,2.0
2月19日,地区级,湖北,仙桃,5.0,35.0,,,,,567.0,,19.0
2月19日,地区级,湖北,天门,2.0,60.0,1.0,,,,488.0,,12.0
2月19日,地区级,湖北,恩施州,,6.0,,,,,249.0,,3.0
2月19日,地区级,湖北,潜江,,9.0,1.0,,,,185.0,,7.0
2月19日,地区级,湖北,神农架,,,,,,,10.0,,
2月19日,地区级,湖北,地区待确认,,,,,,,,,
2月19日,省级,湖北,,775.0,1209.0,108.0,,,,62457.0,10337.0,2029.0
2月19日,地区级,湖南,长沙,1.0,12.0,,,,,242.0,110.0,2.0
2月19日,地区级,湖南,株洲,,3.0,,,,,78.0,40.0,
2月19日,地区级,湖南,湘潭,,,,,,,35.0,17.0,
2月19日,地区级,湖南,衡阳,,3.0,,,,,48.0,32.0,
2月19日,地区级,湖南,邵阳,,1.0,,,,,102.0,71.0,1.0
2月19日,地区级,湖南,岳阳,1.0,,,,,,156.0,64.0,1.0
2月19日,地区级,湖南,常德,,6.0,,,,,79.0,49.0,
2月19日,地区级,湖南,张家界,,,,,,,5.0,5.0,
2月19日,地区级,湖南,益阳,,4.0,,,,,59.0,35.0,
2月19日,地区级,湖南,郴州,,2.0,,,,,39.0,29.0,
2月19日,地区级,湖南,永州,,,,,,,43.0,30.0,
2月19日,地区级,湖南,怀化,,1.0,,,,,40.0,38.0,
2月19日,地区级,湖南,娄底,,4.0,,,,,76.0,51.0,
2月19日,地区级,湖南,湘西自治州,,,,,,,8.0,7.0,
2月19日,省级,湖南,,2.0,36.0,,,,,1010.0,578.0,4.0
2月19日,地区级,江苏,南京,,3.0,,,,,93.0,38.0,
2月19日,地区级,江苏,无锡,,6.0,,,,,55.0,33.0,
2月19日,地区级,江苏,徐州,,5.0,,,,,79.0,51.0,
2月19日,地区级,江苏,常州,,,,,,,51.0,27.0,
2月19日,地区级,江苏,苏州,,2.0,,,,,87.0,33.0,
2月19日,地区级,江苏,南通,,2.0,,,,,40.0,23.0,
2月19日,地区级,江苏,连云港,,1.0,,,,,48.0,18.0,
2月19日,地区级,江苏,淮安,,4.0,,,,,66.0,32.0,
2月19日,地区级,江苏,盐城,,2.0,,,,,27.0,20.0,
2月19日,地区级,江苏,扬州,,,,,,,23.0,11.0,
2月19日,地区级,江苏,镇江,,2.0,,,,,12.0,8.0,
2月19日,地区级,江苏,泰州,,2.0,,,,,37.0,24.0,
2月19日,地区级,江苏,宿迁,,,,,,,13.0,7.0,
2月19日,地区级,江苏,地区待确认,,,,,,,,,
2月19日,省级,江苏,,,29.0,,,,,631.0,325.0,
2月19日,地区级,江西,南昌,,19.0,,-1.0,,,229.0,133.0,
2月19日,地区级,江西,景德镇,,,,,,,6.0,3.0,
2月19日,地区级,江西,萍乡,,2.0,,,,,33.0,9.0,
2月19日,地区级,江西,九江,,11.0,,,,,118.0,44.0,
2月19日,地区级,江西,新余,1.0,10.0,,,,,130.0,68.0,
2月19日,地区级,江西,鹰潭,,1.0,,,,,18.0,4.0,
2月19日,地区级,江西,赣州,,4.0,,,,,76.0,28.0,1.0
2月19日,地区级,江西,吉安,,,,,,,22.0,11.0,
2月19日,地区级,江西,宜春,,9.0,,,,,106.0,42.0,
2月19日,地区级,江西,抚州,,6.0,,,,,72.0,35.0,
2月19日,地区级,江西,上饶,,8.0,,,,,123.0,55.0,
2月19日,地区级,江西,赣江新区,,,,,,,1.0,,
2月19日,省级,江西,,1.0,70.0,,-1.0,,,934.0,432.0,1.0
2月19日,地区级,吉林,长春,,,,,,,45.0,19.0,
2月19日,地区级,吉林,吉林,,,,,,,5.0,3.0,
2月19日,地区级,吉林,四平,,3.0,,,,,21.0,9.0,1.0
2月19日,地区级,吉林,辽源,,,,,,,7.0,1.0,
2月19日,地区级,吉林,通化,1.0,,,,,,5.0,2.0,
2月19日,地区级,吉林,白山,,,,,,,,,
2月19日,地区级,吉林,松原,,1.0,,,,,2.0,2.0,
2月19日,地区级,吉林,白城,,,,,,,1.0,,
2月19日,地区级,吉林,延边,,,,,,,5.0,4.0,
2月19日,地区级,吉林,地区待确认,,,,,,,,,
2月19日,省级,吉林,,1.0,4.0,,,,,91.0,40.0,1.0
2月19日,地区级,辽宁,沈阳,,,,,,,28.0,11.0,
2月19日,地区级,辽宁,大连,,,,,,,19.0,9.0,
2月19日,地区级,辽宁,鞍山,,,,,,,4.0,,
2月19日,地区级,辽宁,抚顺,,,,,,,,,
2月19日,地区级,辽宁,本溪,,,,,,,3.0,3.0,
2月19日,地区级,辽宁,丹东,,1.0,,,,,7.0,5.0,
2月19日,地区级,辽宁,锦州,,,,,,,12.0,7.0,
2月19日,地区级,辽宁,营口,,,,,,,1.0,1.0,
2月19日,地区级,辽宁,阜新,,,,,,,8.0,6.0,
2月19日,地区级,辽宁,辽阳,,,,,,,3.0,3.0,
2月19日,地区级,辽宁,盘锦,,,,,,,11.0,4.0,
2月19日,地区级,辽宁,铁岭,,,,,,,7.0,2.0,
2月19日,地区级,辽宁,朝阳市,,,,,,,6.0,3.0,
2月19日,地区级,辽宁,葫芦岛,,2.0,,,,,12.0,4.0,1.0
2月19日,省级,辽宁,,,3.0,,,,,121.0,58.0,1.0
2月19日,地区级,内蒙古,通辽,,,,,,,7.0,,
2月19日,地区级,内蒙古,鄂尔多斯,,,,,,,11.0,3.0,
2月19日,地区级,内蒙古,包头,,1.0,,,,,11.0,1.0,
2月19日,地区级,内蒙古,赤峰,,,,,,,9.0,3.0,
2月19日,地区级,内蒙古,巴彦淖尔,,,,,,,8.0,,
2月19日,地区级,内蒙古,锡林郭勒,,,,,,,9.0,1.0,
2月19日,地区级,内蒙古,呼和浩特,,1.0,,,,,7.0,1.0,
2月19日,地区级,内蒙古,呼伦贝尔,,,,,,,7.0,1.0,
2月19日,地区级,内蒙古,乌兰察布,,,,,,,3.0,1.0,
2月19日,地区级,内蒙古,兴安盟,,,,,,,1.0,,
2月19日,地区级,内蒙古,乌海,,,,,,,2.0,,
2月19日,省级,内蒙古,,,2.0,,,,,75.0,11.0,
2月19日,地区级,宁夏,银川,,,,,,,33.0,25.0,
2月19日,地区级,宁夏,吴忠,,,,,,,28.0,9.0,
2月19日,地区级,宁夏,固原,,,,,,,5.0,3.0,
2月19日,地区级,宁夏,中卫,,,,,,,3.0,3.0,
2月19日,地区级,宁夏,宁东,,,,,,,1.0,1.0,
2月19日,地区级,宁夏,石嘴山,,,,,,,1.0,1.0,
2月19日,地区级,宁夏,地区待确认,,,,,,,,,
2月19日,省级,宁夏,,,,,,,,71.0,42.0,
2月19日,地区级,青海,西宁,,1.0,,,,,15.0,14.0,
2月19日,地区级,青海,海东,,,,,,,,,
2月19日,地区级,青海,海北州,,,,,,,3.0,2.0,
2月19日,地区级,青海,黄南州,,,,,,,,,
2月19日,地区级,青海,海南州,,,,,,,,,
2月19日,地区级,青海,果洛州,,,,,,,,,
2月19日,地区级,青海,玉树州,,,,,,,,,
2月19日,地区级,青海,海西州,,,,,,,,,
2月19日,地区级,青海,地区待确认,,,,,,,,,
2月19日,省级,青海,,,1.0,,,,,18.0,16.0,
2月19日,国家级,,,820.0,1779.0,114.0,-3.0,,,74576.0,16155.0,2118.0
2月19日,地区级,陕西,西安,2.0,6.0,1.0,,,,120.0,,1.0
2月19日,地区级,陕西,宝鸡,,,,,,,13.0,,
2月19日,地区级,陕西,咸阳,,1.0,,,,,18.0,,
2月19日,地区级,陕西,铜川,,2.0,,,,,8.0,,
2月19日,地区级,陕西,渭南,,1.0,,,,,16.0,,
2月19日,地区级,陕西,延安,,,,,,,8.0,,
2月19日,地区级,陕西,榆林,,,,,,,3.0,,
2月19日,地区级,陕西,汉中,,,,,,,26.0,,
2月19日,地区级,陕西,安康,1.0,5.0,,,,,26.0,,
2月19日,地区级,陕西,商洛,,1.0,,,,,7.0,,
2月19日,地区级,陕西,地区待确认,,,,,,,,105.0,
2月19日,省级,陕西,,3.0,16.0,1.0,,,,245.0,105.0,1.0
2月19日,地区级,山东,济南,,1.0,,,,,47.0,17.0,
2月19日,地区级,山东,青岛,,1.0,,,,,59.0,29.0,1.0
2月19日,地区级,山东,淄博,,,,,,,29.0,6.0,
2月19日,地区级,山东,枣庄,,3.0,,,,,24.0,10.0,
2月19日,地区级,山东,东营,,,,,,,,,
2月19日,地区级,山东,烟台,,2.0,,,,,47.0,15.0,
2月19日,地区级,山东,潍坊,,1.0,,,,,44.0,15.0,
2月19日,地区级,山东,济宁,,5.0,,,,,52.0,27.0,
2月19日,地区级,山东,泰安,1.0,3.0,,,,,33.0,9.0,1.0
2月19日,地区级,山东,威海,,1.0,,,,,38.0,11.0,
2月19日,地区级,山东,日照,,1.0,,,,,16.0,7.0,
2月19日,地区级,山东,临沂,1.0,4.0,,,,,49.0,41.0,
2月19日,地区级,山东,德州,,,1.0,,,,37.0,9.0,2.0
2月19日,地区级,山东,聊城,,,,,,,38.0,18.0,
2月19日,地区级,山东,滨州,,1.0,,,,,15.0,11.0,
2月19日,地区级,山东,菏泽,,,,,,,18.0,13.0,
2月19日,省级,山东,,2.0,23.0,1.0,,,,546.0,238.0,4.0
2月19日,地区级,上海,外地来沪,,2.0,,,,,110.0,66.0,
2月19日,地区级,上海,徐汇,,2.0,,,,,18.0,8.0,
2月19日,地区级,上海,浦东,,,,,,,60.0,37.0,
2月19日,地区级,上海,宝山,,,,,,,21.0,7.0,
2月19日,地区级,上海,闵行,,,,,,,18.0,14.0,
2月19日,地区级,上海,静安,,1.0,,,,,16.0,10.0,
2月19日,地区级,上海,松江,,1.0,,,,,14.0,7.0,
2月19日,地区级,上海,长宁,,,,,,,13.0,8.0,
2月19日,地区级,上海,普陀,,1.0,,,,,11.0,5.0,
2月19日,地区级,上海,杨浦,,1.0,,,,,9.0,4.0,
2月19日,地区级,上海,嘉定,,,,,,,9.0,2.0,
2月19日,地区级,上海,奉贤,,,,,,,9.0,3.0,
2月19日,地区级,上海,虹口,,,,,,,7.0,4.0,
2月19日,地区级,上海,黄浦,,,,,,,6.0,2.0,
2月19日,地区级,上海,青浦,,,,,,,5.0,5.0,
2月19日,地区级,上海,金山,,,,,,,3.0,2.0,
2月19日,地区级,上海,崇明,,1.0,,,,,4.0,2.0,
2月19日,地区级,上海,地区待确认,,,1.0,,,,,,
2月19日,省级,上海,,,9.0,1.0,,,,333.0,186.0,2.0
2月19日,地区级,山西,太原,,2.0,,,,,19.0,10.0,
2月19日,地区级,山西,大同,,,,,,,12.0,6.0,
2月19日,地区级,山西,阳泉,,1.0,,,,,4.0,2.0,
2月19日,地区级,山西,长治,,,,,,,8.0,1.0,
2月19日,地区级,山西,晋城,,1.0,,,,,10.0,3.0,
2月19日,地区级,山西,朔州,,,,,,,8.0,3.0,
2月19日,地区级,山西,晋中,,3.0,,,,,36.0,18.0,
2月19日,地区级,山西,运城,,,,,,,19.0,14.0,
2月19日,地区级,山西,忻州,,,,,,,7.0,4.0,
2月19日,地区级,山西,临汾,,,,,,,2.0,1.0,
2月19日,地区级,山西,吕梁,,,,,,,6.0,6.0,
2月19日,地区级,山西,地区待确认,,,,,,,,,
2月19日,省级,山西,,,7.0,,,,,131.0,68.0,
2月19日,地区级,四川,成都,,8.0,,,,,141.0,69.0,
2月19日,地区级,四川,自贡,,,,,,,9.0,4.0,
2月19日,地区级,四川,攀枝花,,,,,,,16.0,11.0,
2月19日,地区级,四川,泸州,4.0,2.0,,,,,24.0,5.0,
2月19日,地区级,四川,德阳,,,,,,,17.0,1.0,
2月19日,地区级,四川,绵阳,,,,,,,22.0,10.0,
2月19日,地区级,四川,广元,,,,,,,6.0,4.0,
2月19日,地区级,四川,遂宁,,1.0,,,,,17.0,10.0,
2月19日,地区级,四川,内江,,,,,,,22.0,6.0,
2月19日,地区级,四川,乐山,,,,,,,3.0,2.0,
2月19日,地区级,四川,南充,,1.0,,,,,38.0,14.0,
2月19日,地区级,四川,宜宾,,1.0,,,,,12.0,7.0,
2月19日,地区级,四川,广安,,3.0,,,,,30.0,19.0,
2月19日,地区级,四川,达州,,3.0,,,,,40.0,11.0,
2月19日,地区级,四川,巴中,,,,,,,24.0,3.0,
2月19日,地区级,四川,雅安,,1.0,,,,,7.0,3.0,
2月19日,地区级,四川,眉山,,1.0,,,,,8.0,3.0,
2月19日,地区级,四川,资阳,,,,,,,3.0,2.0,
2月19日,地区级,四川,阿坝,,,,,,,1.0,1.0,
2月19日,地区级,四川,甘孜,2.0,,,,,,67.0,8.0,
2月19日,地区级,四川,凉山,,,,,,,13.0,5.0,
2月19日,地区级,四川,地区待确认,,,,,,,,,
2月19日,地区级,四川,地区待确认,,,,,,,,,
2月19日,地区级,四川,地区待确认,,,,,,,,,3.0
2月19日,省级,四川,,6.0,21.0,,,,,520.0,198.0,3.0
2月19日,地区级,台湾,台湾,2.0,,,,,,24.0,2.0,1.0
2月19日,省级,台湾,,2.0,,,,,,24.0,2.0,1.0
2月19日,地区级,天津,宝坻区,2.0,3.0,,,,,55.0,15.0,2.0
2月19日,地区级,天津,河东区,,,,,,,15.0,7.0,1.0
2月19日,地区级,天津,河北区,,1.0,,,,,12.0,9.0,
2月19日,地区级,天津,和平区,,,,,,,6.0,4.0,
2月19日,地区级,天津,河西区,,,,,,,4.0,2.0,
2月19日,地区级,天津,宁河区,,,,,,,4.0,,
2月19日,地区级,天津,东丽区,,1.0,,,,,4.0,2.0,
2月19日,地区级,天津,西青区,,,,,,,4.0,4.0,
2月19日,地区级,天津,南开区,,,,,,,6.0,1.0,
2月19日,地区级,天津,滨海新区,,,,,,,3.0,1.0,
2月19日,地区级,天津,红桥区,,,,,,,2.0,2.0,
2月19日,地区级,天津,津南区,,,,,,,1.0,1.0,
2月19日,地区级,天津,北辰区,,,,,,,6.0,1.0,
2月19日,地区级,天津,武清区,,,,,,,2.0,1.0,
2月19日,地区级,天津,外地来津,,1.0,,,,,6.0,4.0,
2月19日,省级,天津,,2.0,6.0,,,,,130.0,54.0,3.0
2月19日,地区级,香港,香港,3.0,1.0,1.0,,,,65.0,5.0,2.0
2月19日,省级,香港,,3.0,1.0,1.0,,,,65.0,5.0,2.0
2月19日,地区级,新疆,乌鲁木齐,,2.0,,,,,23.0,,
2月19日,地区级,新疆,伊犁州,,2.0,,,,,18.0,,
2月19日,地区级,新疆,昌吉州,,2.0,,,,,4.0,,
2月19日,地区级,新疆,巴州,,,,,,,3.0,,
2月19日,地区级,新疆,阿克苏,,,,,,,1.0,,
2月19日,地区级,新疆,吐鲁番,,,,,,,3.0,,
2月19日,地区级,新疆,兵团第四师,,,,,,,10.0,,
2月19日,地区级,新疆,兵团第六师,,,,,,,2.0,,
2月19日,地区级,新疆,兵团第七师,,,,,,,1.0,,
2月19日,地区级,新疆,兵团第八师,,,,,,,4.0,,
2月19日,地区级,新疆,兵团第九师,,,,,,,4.0,,
2月19日,地区级,新疆,兵团第十二师,,,,,,,3.0,,
2月19日,省级,新疆,,0.0,6.0,0.0,0.0,,,76.0,20.0,1.0
2月19日,地区级,西藏,拉萨,,,,,,,1.0,1.0,
2月19日,省级,西藏,,,,,,,,1.0,1.0,
2月19日,地区级,云南,昆明,,2.0,,-1.0,,,52.0,15.0,
2月19日,地区级,云南,西双版纳州,,,,,,,15.0,4.0,
2月19日,地区级,云南,玉溪,,,1.0,,,,14.0,3.0,1.0
2月19日,地区级,云南,昭通,,,,,,,25.0,2.0,
2月19日,地区级,云南,曲靖,,,,,,,13.0,6.0,
2月19日,地区级,云南,大理,,,,,,,13.0,10.0,
2月19日,地区级,云南,保山,,1.0,,,,,9.0,3.0,
2月19日,地区级,云南,丽江,,,,,,,7.0,7.0,
2月19日,地区级,云南,红河,,,,,,,8.0,3.0,
2月19日,地区级,云南,德宏州,,,,,,,5.0,2.0,
2月19日,地区级,云南,楚雄州,,,,,,,4.0,1.0,
2月19日,地区级,云南,普洱,,,,,,,4.0,3.0,
2月19日,地区级,云南,文山州,,,,,,,2.0,,
2月19日,地区级,云南,临沧,,,,,,,1.0,1.0,
2月19日,地区级,云南,地区待确认,,,,,,,,,
2月19日,省级,云南,,,3.0,1.0,-1.0,,,172.0,60.0,1.0
2月19日,地区级,浙江,杭州,1.0,10.0,,,,,169.0,108.0,
2月19日,地区级,浙江,宁波,,18.0,,,,,156.0,91.0,
2月19日,地区级,浙江,温州,,20.0,,,,,504.0,228.0,
2月19日,地区级,浙江,湖州,,,,,,,10.0,5.0,
2月19日,地区级,浙江,嘉兴,1.0,1.0,,,,,45.0,16.0,
2月19日,地区级,浙江,绍兴,,5.0,,,,,42.0,25.0,
2月19日,地区级,浙江,金华,,3.0,,,,,55.0,33.0,
2月19日,地区级,浙江,衢州,,,,,,,21.0,10.0,
2月19日,地区级,浙江,舟山,,,,,,,10.0,5.0,
2月19日,地区级,浙江,台州,,5.0,,,,,146.0,74.0,
2月19日,地区级,浙江,丽水,,3.0,,,,,17.0,14.0,
2月19日,省级,浙江,,2.0,65.0,,,,,1175.0,609.0,
2月20日,地区级,安徽,合肥,1.0,11.0,,,,,174.0,,
2月20日,地区级,安徽,淮北,,1.0,,,,,27.0,,
2月20日,地区级,安徽,亳州,,7.0,,,,,108.0,,
2月20日,地区级,安徽,宿州,,2.0,,,,,41.0,,
2月20日,地区级,安徽,蚌埠,,16.0,,,,,160.0,,
2月20日,地区级,安徽,阜阳,,15.0,,,,,155.0,,
2月20日,地区级,安徽,滁州,,1.0,,,,,13.0,,
2月20日,地区级,安徽,六安,,5.0,,,,,69.0,,
2月20日,地区级,安徽,铜陵,,,,,,,29.0,,
2月20日,地区级,安徽,马鞍山,,,,,,,37.0,,
2月20日,地区级,安徽,池州,,3.0,,,,,17.0,,
2月20日,地区级,安徽,安庆,,9.0,,,,,83.0,,
2月20日,地区级,安徽,淮南,,2.0,,,,,27.0,,
2月20日,地区级,安徽,芜湖,,4.0,,,,,33.0,,
2月20日,地区级,安徽,宣城,,,,,,,6.0,,
2月20日,地区级,安徽,黄山,,,,,,,9.0,,
2月20日,省级,安徽,,1.0,76.0,,,,,988.0,500.0,6.0
2月20日,地区级,澳门,澳门,,,,,,,10.0,6.0,
2月20日,省级,澳门,,,,,,,,10.0,6.0,
2月20日,地区级,北京,东城,,,,,,,12.0,,
2月20日,地区级,北京,西城,,,,,,,53.0,,
2月20日,地区级,北京,朝阳,,,,,,,58.0,,
2月20日,地区级,北京,丰台,1.0,,,,,,41.0,,
2月20日,地区级,北京,石景山,,,,,,,14.0,,
2月20日,地区级,北京,海淀,,,,,,,61.0,,
2月20日,地区级,北京,门头沟,,,,,,,3.0,,
2月20日,地区级,北京,房山,,,,,,,16.0,,
2月20日,地区级,北京,通州,,,,,,,19.0,,
2月20日,地区级,北京,顺义,,,,,,,10.0,,
2月20日,地区级,北京,昌平,,,,,,,29.0,,
2月20日,地区级,北京,大兴,,,,,,,39.0,,
2月20日,地区级,北京,怀柔,,,,,,,7.0,,
2月20日,地区级,北京,平谷,,,,,,,,,
2月20日,地区级,北京,密云,,,,,,,7.0,,
2月20日,地区级,北京,延庆,,,,,,,1.0,,
2月20日,地区级,北京,外地来京,,,,,,,26.0,,
2月20日,地区级,北京,地区待确认,,16.0,,,,,,169.0,4.0
2月20日,省级,北京,,1.0,16.0,,,,,396.0,169.0,4.0
2月20日,地区级,重庆,万州区,2.0,10.0,1.0,,,,115.0,56.0,4.0
2月20日,地区级,重庆,黔江区,,,,,,,2.0,2.0,
2月20日,地区级,重庆,涪陵区,2.0,,,,,,5.0,2.0,
2月20日,地区级,重庆,渝中区,,,,,,,20.0,14.0,
2月20日,地区级,重庆,大渡口区,,,,,,,7.0,5.0,
2月20日,地区级,重庆,江北区,,,,,,,28.0,9.0,
2月20日,地区级,重庆,沙坪坝区,,,,,,,8.0,1.0,
2月20日,地区级,重庆,九龙坡区,,,,,,,20.0,10.0,1.0
2月20日,地区级,重庆,南岸区,,,,,,,15.0,5.0,
2月20日,地区级,重庆,北碚区,,,,,,,,,
2月20日,地区级,重庆,渝北区,1.0,,,,,,17.0,9.0,
2月20日,地区级,重庆,巴南区,,,,,,,6.0,2.0,
2月20日,地区级,重庆,长寿区,,1.0,,,,,21.0,11.0,
2月20日,地区级,重庆,江津区,,,,,,,4.0,3.0,
2月20日,地区级,重庆,合川区,,,,,,,23.0,8.0,
2月20日,地区级,重庆,永川区,,,,,,,5.0,4.0,
2月20日,地区级,重庆,南川区,,,,,,,,,
2月20日,地区级,重庆,綦江区,,,,,,,23.0,11.0,
2月20日,地区级,重庆,大足区,,,,,,,14.0,9.0,
2月20日,地区级,重庆,璧山区,,,,,,,9.0,7.0,
2月20日,地区级,重庆,铜梁区,1.0,,,,,,10.0,4.0,
2月20日,地区级,重庆,潼南区,,1.0,,,,,18.0,5.0,
2月20日,地区级,重庆,荣昌区,,,,,,,9.0,5.0,
2月20日,地区级,重庆,开州区,,1.0,,,,,20.0,15.0,1.0
2月20日,地区级,重庆,梁平区,,,,,,,4.0,4.0,
2月20日,地区级,重庆,武隆区,,,,,,,1.0,1.0,
2月20日,地区级,重庆,城口县,,,,,,,2.0,2.0,
2月20日,地区级,重庆,丰都县,,1.0,,,,,10.0,4.0,
2月20日,地区级,重庆,垫江县,,,,,,,20.0,9.0,
2月20日,地区级,重庆,忠县,,5.0,,,,,20.0,18.0,
2月20日,地区级,重庆,云阳县,,2.0,,,,,25.0,19.0,
2月20日,地区级,重庆,奉节县,,1.0,,,,,22.0,10.0,
2月20日,地区级,重庆,巫山县,,,,,,,10.0,6.0,
2月20日,地区级,重庆,巫溪县,,,,,,,13.0,9.0,
2月20日,地区级,重庆,石柱县,1.0,2.0,,,,,15.0,10.0,
2月20日,地区级,重庆,秀山县,,,,,,,1.0,1.0,
2月20日,地区级,重庆,酉阳县,,,,,,,1.0,,
2月20日,地区级,重庆,彭水县,,,,,,,2.0,,
2月20日,地区级,重庆,两江新区,,,,,,,17.0,7.0,
2月20日,地区级,重庆,高新区,,1.0,,,,,4.0,2.0,
2月20日,地区级,重庆,万盛经开区,,,,,,,1.0,,
2月20日,省级,重庆,,7.0,25.0,1.0,,,,567.0,299.0,6.0
2月20日,地区级,福建,地区待确认,,,,,,,,,
2月20日,地区级,福建,厦门,,5.0,,,,,35.0,15.0,
2月20日,地区级,福建,漳州,,2.0,,,,,20.0,13.0,
2月20日,地区级,福建,泉州,,3.0,,,,,46.0,16.0,
2月20日,地区级,福建,南平,,,,,,,20.0,8.0,
2月20日,地区级,福建,福州,,3.0,,,,,71.0,36.0,1.0
2月20日,地区级,福建,莆田,,3.0,,,,,55.0,22.0,
2月20日,地区级,福建,宁德,,5.0,,,,,26.0,17.0,
2月20日,地区级,福建,三明,,,,,,,14.0,5.0,
2月20日,地区级,福建,龙岩,,1.0,,,,,6.0,2.0,
2月20日,省级,福建,,,22.0,,,,,293.0,134.0,1.0
2月20日,地区级,甘肃,兰州,,3.0,,,,,36.0,27.0,2.0
2月20日,地区级,甘肃,嘉峪关,,,,,,,,,
2月20日,地区级,甘肃,金昌,,,,,,,1.0,1.0,
2月20日,地区级,甘肃,白银,,1.0,,,,,4.0,2.0,
2月20日,地区级,甘肃,天水,,,,,,,12.0,12.0,
2月20日,地区级,甘肃,武威,,,,,,,,,
2月20日,地区级,甘肃,张掖,,,,,,,2.0,2.0,
2月20日,地区级,甘肃,平凉,,2.0,,,,,9.0,6.0,
2月20日,地区级,甘肃,酒泉,,,,,,,,,
2月20日,地区级,甘肃,庆阳,,,,,,,3.0,2.0,
2月20日,地区级,甘肃,定西,,,,,,,9.0,8.0,
2月20日,地区级,甘肃,陇南,,,,,,,4.0,4.0,
2月20日,地区级,甘肃,临夏,,,,,,,3.0,3.0,
2月20日,地区级,甘肃,甘南州,,,,,,,8.0,4.0,
2月20日,省级,甘肃,,,6.0,,,,,91.0,71.0,2.0
2月20日,地区级,广东,深圳,,17.0,,,,,416.0,199.0,2.0
2月20日,地区级,广东,广州,,15.0,,,,,339.0,172.0,
2月20日,地区级,广东,珠海,,4.0,,,,,98.0,49.0,1.0
2月20日,地区级,广东,佛山,,,,,,,84.0,,
2月20日,地区级,广东,东莞,1.0,1.0,,,,,93.0,27.0,1.0
2月20日,地区级,广东,中山,,1.0,,,,,66.0,43.0,
2月20日,地区级,广东,惠州,,3.0,,,,,62.0,41.0,
2月20日,地区级,广东,汕头,,2.0,,,,,25.0,20.0,
2月20日,地区级,广东,江门,,,,,,,23.0,9.0,
2月20日,地区级,广东,湛江,,1.0,,,,,22.0,12.0,
2月20日,地区级,广东,肇庆,,,,,,,18.0,8.0,1.0
2月20日,地区级,广东,梅州,,,,,,,16.0,10.0,
2月20日,地区级,广东,阳江,,1.0,,,,,13.0,10.0,
2月20日,地区级,广东,茂名,,,,,,,14.0,6.0,
2月20日,地区级,广东,清远,,,,,,,12.0,9.0,
2月20日,地区级,广东,韶关,,,,,,,10.0,5.0,
2月20日,地区级,广东,揭阳,,,,,,,8.0,4.0,
2月20日,地区级,广东,汕尾,,,,,,,5.0,2.0,
2月20日,地区级,广东,潮州,,,,,,,5.0,4.0,
2月20日,地区级,广东,河源,,,,,,,4.0,1.0,
2月20日,地区级,广东,地区待确认,,,,,,,,33.0,
2月20日,省级,广东,,1.0,45.0,,,,,1333.0,664.0,5.0
2月20日,地区级,广西,南宁,,1.0,,,,,54.0,,
2月20日,地区级,广西,柳州,,1.0,,,,,24.0,,
2月20日,地区级,广西,桂林,,,,,,,31.0,,
2月20日,地区级,广西,梧州,,,,,,,5.0,,
2月20日,地区级,广西,北海,,,,,,,44.0,,1.0
2月20日,地区级,广西,防城港,,,,,,,19.0,,
2月20日,地区级,广西,钦州,,5.0,,,,,8.0,,
2月20日,地区级,广西,贵港,,,,,,,8.0,,
2月20日,地区级,广西,玉林,,,,,,,11.0,,
2月20日,地区级,广西,百色,,,,,,,3.0,,
2月20日,地区级,广西,贺州,,1.0,,,,,4.0,,
2月20日,地区级,广西,河池,1.0,,,,,,24.0,,1.0
2月20日,地区级,广西,来宾,,,,,,,11.0,,
2月20日,地区级,广西,地区待确认,,,,,,,,,
2月20日,省级,广西,,1.0,8.0,,,,,246.0,95.0,2.0
2月20日,地区级,贵州,贵阳,,3.0,,,,,36.0,17.0,1.0
2月20日,地区级,贵州,六盘水,,,,,,,10.0,6.0,1.0
2月20日,地区级,贵州,铜仁,,,,,,,10.0,9.0,
2月20日,地区级,贵州,黔东南州,,1.0,,,,,10.0,5.0,
2月20日,地区级,贵州,遵义,,1.0,,,,,32.0,17.0,
2月20日,地区级,贵州,安顺,,,,,,,4.0,1.0,
2月20日,地区级,贵州,黔南州,,,,,,,17.0,7.0,
2月20日,地区级,贵州,毕节,,,,,,,23.0,10.0,
2月20日,地区级,贵州,黔西南州,,,,,,,4.0,4.0,
2月20日,省级,贵州,,,5.0,,,,,146.0,76.0,2.0
2月20日,地区级,海南,海口,,,,,,,39.0,18.0,
2月20日,地区级,海南,三亚,,3.0,,,,,54.0,25.0,1.0
2月20日,地区级,海南,三沙,,,,,,,,,
2月20日,地区级,海南,儋州,,,,,,,15.0,11.0,
2月20日,地区级,海南,五指山,,,,,,,,,
2月20日,地区级,海南,琼海,,,,,,,6.0,4.0,1.0
2月20日,地区级,海南,文昌,,,,,,,3.0,3.0,
2月20日,地区级,海南,万宁,,,,,,,13.0,9.0,
2月20日,地区级,海南,东方,,,,,,,3.0,2.0,
2月20日,地区级,海南,定安县,,,,,,,3.0,2.0,1.0
2月20日,地区级,海南,屯昌县,,,,,,,,,
2月20日,地区级,海南,澄迈县,,,,,,,9.0,4.0,1.0
2月20日,地区级,海南,临高县,,,,,,,6.0,4.0,
2月20日,地区级,海南,白沙县,,,,,,,,,
2月20日,地区级,海南,昌江县,,,,,,,7.0,2.0,
2月20日,地区级,海南,乐东,,2.0,,,,,2.0,2.0,
2月20日,地区级,海南,陵水县,,,,,,,4.0,1.0,
2月20日,地区级,海南,保亭,,,,,,,3.0,1.0,
2月20日,地区级,海南,琼中县,,,,,,,1.0,1.0,
2月20日,地区级,海南,地区待确认,,,,,,,,,
2月20日,省级,海南,,,5.0,,,,,168.0,89.0,4.0
2月20日,地区级,河北,沧州,,4.0,,,,,48.0,22.0,3.0
2月20日,地区级,河北,唐山,1.0,3.0,,,,,57.0,16.0,1.0
2月20日,地区级,河北,张家口,,,,,,,34.0,24.0,
2月20日,地区级,河北,保定,,,,,,,32.0,27.0,
2月20日,地区级,河北,邯郸,,4.0,,,,,31.0,17.0,
2月20日,地区级,河北,廊坊,,1.0,,,,,30.0,21.0,
2月20日,地区级,河北,石家庄,,1.0,,,,,28.0,14.0,
2月20日,地区级,河北,邢台,,3.0,,,,,23.0,13.0,1.0
2月20日,地区级,河北,秦皇岛,,1.0,,,,,10.0,5.0,
2月20日,地区级,河北,衡水,,,,,,,8.0,6.0,
2月20日,地区级,河北,承德,,1.0,,,,,7.0,5.0,
2月20日,地区级,河北,地区待确认,,,,,,,,,
2月20日,省级,河北,,1.0,18.0,,,,,308.0,170.0,5.0
2月20日,地区级,黑龙江,哈尔滨,3.0,7.0,,,,,197.0,55.0,3.0
2月20日,地区级,黑龙江,齐齐哈尔,,5.0,,,,,43.0,16.0,1.0
2月20日,地区级,黑龙江,鸡西,,,,,,,46.0,3.0,
2月20日,地区级,黑龙江,鹤岗,,,,,,,5.0,2.0,
2月20日,地区级,黑龙江,双鸭山,,3.0,,,,,52.0,11.0,3.0
2月20日,地区级,黑龙江,大庆,,1.0,,,,,26.0,8.0,1.0
2月20日,地区级,黑龙江,伊春,,,,,,,1.0,,
2月20日,地区级,黑龙江,佳木斯,,,,,,,15.0,14.0,
2月20日,地区级,黑龙江,七台河,,,,,,,17.0,6.0,
2月20日,地区级,黑龙江,牡丹江,,,,,,,14.0,1.0,
2月20日,地区级,黑龙江,黑河,,,,,,,14.0,3.0,
2月20日,地区级,黑龙江,绥化,,2.0,,,,,47.0,20.0,4.0
2月20日,地区级,黑龙江,大兴安岭,,,,,,,2.0,2.0,
2月20日,地区级,黑龙江,地区待确认,,,,,,,,,
2月20日,省级,黑龙江,,3.0,18.0,,,,,479.0,141.0,12.0
2月20日,地区级,河南,信阳,1.0,,,,,,270.0,,
2月20日,地区级,河南,南阳,,,,,,,155.0,,
2月20日,地区级,河南,郑州,1.0,,,,,,157.0,,
2月20日,地区级,河南,驻马店,,,,,,,139.0,,
2月20日,地区级,河南,商丘,,,,,,,91.0,,
2月20日,地区级,河南,周口,,,,,,,76.0,,
2月20日,地区级,河南,平顶山,,,,,,,58.0,,
2月20日,地区级,河南,新乡,,,,,,,57.0,,
2月20日,地区级,河南,安阳,,,,,,,53.0,28.0,
2月20日,地区级,河南,许昌,,,,,,,39.0,,
2月20日,地区级,河南,漯河,,,,,,,35.0,,
2月20日,地区级,河南,洛阳,,,,,,,31.0,,
2月20日,地区级,河南,焦作,,,,,,,32.0,,
2月20日,地区级,河南,开封,,,,,,,26.0,,
2月20日,地区级,河南,鹤壁,,,,,,,19.0,,
2月20日,地区级,河南,濮阳,,,,,,,17.0,,
2月20日,地区级,河南,三门峡,,,,,,,7.0,,
2月20日,地区级,河南,济源示范区,,,,,,,5.0,,
2月20日,地区级,河南,地区待确认,,103.0,,,,,,717.0,19.0
2月20日,省级,河南,,2.0,103.0,,,,,1267.0,717.0,19.0
2月20日,地区级,湖北,武汉,319.0,766.0,99.0,220.0,,,45566.0,6214.0,1684.0
2月20日,地区级,湖北,孝感,17.0,98.0,5.0,,,,3427.0,771.0,94.0
2月20日,地区级,湖北,黄冈,17.0,125.0,3.0,,,,2883.0,1274.0,90.0
2月20日,地区级,湖北,随州,4.0,78.0,1.0,,,,1292.0,386.0,28.0
2月20日,地区级,湖北,荆州,7.0,80.0,,,,,1560.0,531.0,40.0
2月20日,地区级,湖北,襄阳,3.0,49.0,1.0,,,,1171.0,343.0,24.0
2月20日,地区级,湖北,黄石,7.0,40.0,1.0,,,,992.0,339.0,27.0
2月20日,地区级,湖北,宜昌,4.0,19.0,1.0,,,,914.0,250.0,28.0
2月20日,地区级,湖北,荆门,6.0,28.0,3.0,,,,912.0,229.0,37.0
2月20日,地区级,湖北,鄂州,5.0,25.0,1.0,,,,1373.0,375.0,39.0
2月20日,地区级,湖北,咸宁,,45.0,,,,,834.0,313.0,10.0
2月20日,地区级,湖北,十堰,13.0,22.0,,,,,656.0,209.0,2.0
2月20日,地区级,湖北,仙桃,1.0,26.0,,,,,568.0,210.0,19.0
2月20日,地区级,湖北,天门,4.0,32.0,,,,,492.0,165.0,12.0
2月20日,地区级,湖北,恩施州,1.0,10.0,,,,,250.0,112.0,3.0
2月20日,地区级,湖北,潜江,3.0,8.0,,,,,188.0,57.0,7.0
2月20日,地区级,湖北,神农架,,,,,,,10.0,10.0,
2月20日,地区级,湖北,地区待确认,,,,,,,,,
2月20日,地区级,湖北,监狱系统,220.0,,,-220.0,,,0.0,,
2月20日,省级,湖北,,631.0,1451.0,115.0,0.0,,,63088.0,11788.0,2144.0
2月20日,地区级,湖南,长沙,,15.0,,,,,242.0,125.0,2.0
2月20日,地区级,湖南,株洲,,6.0,,,,,78.0,46.0,
2月20日,地区级,湖南,湘潭,,,,,,,35.0,17.0,
2月20日,地区级,湖南,衡阳,,5.0,,,,,48.0,37.0,
2月20日,地区级,湖南,邵阳,,7.0,,,,,102.0,78.0,1.0
2月20日,地区级,湖南,岳阳,,8.0,,,,,156.0,72.0,1.0
2月20日,地区级,湖南,常德,1.0,3.0,,,,,80.0,52.0,
2月20日,地区级,湖南,张家界,,,,,,,5.0,5.0,
2月20日,地区级,湖南,益阳,,13.0,,,,,59.0,48.0,
2月20日,地区级,湖南,郴州,,,,,,,39.0,29.0,
2月20日,地区级,湖南,永州,,,,,,,43.0,30.0,
2月20日,地区级,湖南,怀化,,,,,,,40.0,38.0,
2月20日,地区级,湖南,娄底,,3.0,,,,,76.0,54.0,
2月20日,地区级,湖南,湘西自治州,,,,,,,8.0,7.0,
2月20日,省级,湖南,,1.0,60.0,,,,,1011.0,638.0,4.0
2月20日,地区级,江苏,南京,,9.0,,,,,93.0,47.0,
2月20日,地区级,江苏,无锡,,3.0,,,,,55.0,36.0,
2月20日,地区级,江苏,徐州,,4.0,,,,,79.0,55.0,
2月20日,地区级,江苏,常州,,2.0,,,,,51.0,29.0,
2月20日,地区级,江苏,苏州,,5.0,,,,,87.0,38.0,
2月20日,地区级,江苏,南通,,,,,,,40.0,23.0,
2月20日,地区级,江苏,连云港,,,,,,,48.0,18.0,
2月20日,地区级,江苏,淮安,,2.0,,,,,66.0,34.0,
2月20日,地区级,江苏,盐城,,,,,,,27.0,20.0,
2月20日,地区级,江苏,扬州,,2.0,,,,,23.0,13.0,
2月20日,地区级,江苏,镇江,,,,,,,12.0,8.0,
2月20日,地区级,江苏,泰州,,,,,,,37.0,24.0,
2月20日,地区级,江苏,宿迁,,,,,,,13.0,7.0,
2月20日,地区级,江苏,地区待确认,,,,,,,,,
2月20日,省级,江苏,,,27.0,,,,,631.0,352.0,
2月20日,地区级,江西,南昌,,12.0,,,,,229.0,145.0,
2月20日,地区级,江西,景德镇,,,,,,,6.0,3.0,
2月20日,地区级,江西,萍乡,,2.0,,,,,33.0,11.0,
2月20日,地区级,江西,九江,,3.0,,,,,118.0,47.0,
2月20日,地区级,江西,新余,,12.0,,,,,130.0,80.0,
2月20日,地区级,江西,鹰潭,,,,,,,18.0,4.0,
2月20日,地区级,江西,赣州,,6.0,,,,,76.0,34.0,1.0
2月20日,地区级,江西,吉安,,,,,,,22.0,11.0,
2月20日,地区级,江西,宜春,,11.0,,,,,106.0,53.0,
2月20日,地区级,江西,抚州,,2.0,,,,,72.0,37.0,
2月20日,地区级,江西,上饶,,9.0,,,,,123.0,64.0,
2月20日,地区级,江西,赣江新区,,,,,,,1.0,,
2月20日,省级,江西,,,57.0,,,,,934.0,489.0,1.0
2月20日,地区级,吉林,长春,,2.0,,,,,45.0,21.0,
2月20日,地区级,吉林,吉林,,1.0,,,,,5.0,4.0,
2月20日,地区级,吉林,四平,,1.0,,,,,21.0,10.0,1.0
2月20日,地区级,吉林,辽源,,,,,,,7.0,1.0,
2月20日,地区级,吉林,通化,,,,,,,5.0,2.0,
2月20日,地区级,吉林,白山,,,,,,,,,
2月20日,地区级,吉林,松原,,,,,,,2.0,2.0,
2月20日,地区级,吉林,白城,,,,,,,1.0,,
2月20日,地区级,吉林,延边,,,,,,,5.0,4.0,
2月20日,地区级,吉林,地区待确认,,,,,,,,,
2月20日,省级,吉林,,,4.0,,,,,91.0,44.0,1.0
2月20日,地区级,辽宁,沈阳,,,,,,,28.0,11.0,
2月20日,地区级,辽宁,大连,,,,,,,19.0,9.0,
2月20日,地区级,辽宁,鞍山,,,,,,,4.0,,
2月20日,地区级,辽宁,抚顺,,,,,,,,,
2月20日,地区级,辽宁,本溪,,,,,,,3.0,3.0,
2月20日,地区级,辽宁,丹东,,,,,,,7.0,5.0,
2月20日,地区级,辽宁,锦州,,1.0,,,,,12.0,8.0,
2月20日,地区级,辽宁,营口,,,,,,,1.0,1.0,
2月20日,地区级,辽宁,阜新,,,,,,,8.0,6.0,
2月20日,地区级,辽宁,辽阳,,,,,,,3.0,3.0,
2月20日,地区级,辽宁,盘锦,,1.0,,,,,11.0,5.0,
2月20日,地区级,辽宁,铁岭,,,,,,,7.0,2.0,
2月20日,地区级,辽宁,朝阳市,,,,,,,6.0,3.0,
2月20日,地区级,辽宁,葫芦岛,,1.0,,,,,12.0,5.0,1.0
2月20日,省级,辽宁,,,3.0,,,,,121.0,61.0,1.0
2月20日,地区级,内蒙古,通辽,,,,,,,7.0,,
2月20日,地区级,内蒙古,鄂尔多斯,,2.0,,,,,11.0,5.0,
2月20日,地区级,内蒙古,包头,,1.0,,,,,11.0,2.0,
2月20日,地区级,内蒙古,赤峰,,,,,,,9.0,3.0,
2月20日,地区级,内蒙古,巴彦淖尔,,,,,,,8.0,,
2月20日,地区级,内蒙古,锡林郭勒,,,,,,,9.0,1.0,
2月20日,地区级,内蒙古,呼和浩特,,1.0,,,,,7.0,2.0,
2月20日,地区级,内蒙古,呼伦贝尔,,1.0,,,,,7.0,2.0,
2月20日,地区级,内蒙古,乌兰察布,,,,,,,3.0,1.0,
2月20日,地区级,内蒙古,兴安盟,,,,,,,1.0,,
2月20日,地区级,内蒙古,乌海,,,,,,,2.0,,
2月20日,省级,内蒙古,,,5.0,,,,,75.0,16.0,
2月20日,地区级,宁夏,银川,,2.0,,,,,33.0,27.0,
2月20日,地区级,宁夏,吴忠,,,,,,,28.0,9.0,
2月20日,地区级,宁夏,固原,,,,,,,5.0,3.0,
2月20日,地区级,宁夏,中卫,,,,,,,3.0,3.0,
2月20日,地区级,宁夏,宁东,,,,,,,1.0,1.0,
2月20日,地区级,宁夏,石嘴山,,,,,,,1.0,1.0,
2月20日,地区级,宁夏,地区待确认,,,,,,,,,
2月20日,省级,宁夏,,,2.0,,,,,71.0,44.0,
2月20日,地区级,青海,西宁,,,,,,,15.0,14.0,
2月20日,地区级,青海,海东,,,,,,,,,
2月20日,地区级,青海,海北州,,,,,,,3.0,2.0,
2月20日,地区级,青海,黄南州,,,,,,,,,
2月20日,地区级,青海,海南州,,,,,,,,,
2月20日,地区级,青海,果洛州,,,,,,,,,
2月20日,地区级,青海,玉树州,,,,,,,,,
2月20日,地区级,青海,海西州,,,,,,,,,
2月20日,地区级,青海,地区待确认,,,,,,,,,
2月20日,省级,青海,,,,,,,,18.0,16.0,
2月20日,国家级,,,889.0,2109.0,118.0,,,,75465.0,18264.0,2236.0
2月20日,地区级,陕西,西安,,4.0,,,,,120.0,,1.0
2月20日,地区级,陕西,宝鸡,,1.0,,,,,13.0,,
2月20日,地区级,陕西,咸阳,,,,,,,18.0,,
2月20日,地区级,陕西,铜川,,,,,,,8.0,,
2月20日,地区级,陕西,渭南,,1.0,,,,,16.0,,
2月20日,地区级,陕西,延安,,,,,,,8.0,,
2月20日,地区级,陕西,榆林,,,,,,,3.0,,
2月20日,地区级,陕西,汉中,,5.0,,,,,26.0,,
2月20日,地区级,陕西,安康,,,,,,,26.0,,
2月20日,地区级,陕西,商洛,,,,,,,7.0,,
2月20日,地区级,陕西,地区待确认,,1.0,,,,,,117.0,
2月20日,省级,陕西,,,12.0,,,,,245.0,117.0,1.0
2月20日,地区级,山东,济南,,1.0,,,,,47.0,18.0,
2月20日,地区级,山东,青岛,,4.0,,,,,59.0,33.0,1.0
2月20日,地区级,山东,淄博,,3.0,,,,,29.0,9.0,
2月20日,地区级,山东,枣庄,,1.0,,,,,24.0,11.0,
2月20日,地区级,山东,东营,,,,,,,,,
2月20日,地区级,山东,烟台,,2.0,,,,,47.0,17.0,
2月20日,地区级,山东,潍坊,,2.0,,,,,44.0,17.0,
2月20日,地区级,山东,济宁,1.0,2.0,,,,,53.0,29.0,
2月20日,地区级,山东,泰安,1.0,3.0,,,,,34.0,12.0,1.0
2月20日,地区级,山东,威海,,5.0,,,,,38.0,16.0,
2月20日,地区级,山东,日照,,1.0,,,,,16.0,8.0,
2月20日,地区级,山东,临沂,,2.0,,,,,49.0,43.0,
2月20日,地区级,山东,德州,,2.0,,,,,37.0,11.0,2.0
2月20日,地区级,山东,聊城,,3.0,,,,,38.0,21.0,
2月20日,地区级,山东,滨州,,,,,,,15.0,11.0,
2月20日,地区级,山东,菏泽,,1.0,,,,,18.0,14.0,
2月20日,地区级,山东,任城监狱,200.0,,,,,,200.0,,
2月20日,省级,山东,,202.0,32.0,,,,,748.0,270.0,4.0
2月20日,地区级,上海,外地来沪,,3.0,,,,,110.0,69.0,
2月20日,地区级,上海,徐汇,,1.0,,,,,18.0,9.0,
2月20日,地区级,上海,浦东,,1.0,,,,,60.0,38.0,
2月20日,地区级,上海,宝山,,2.0,,,,,21.0,9.0,
2月20日,地区级,上海,闵行,1.0,1.0,,,,,19.0,15.0,
2月20日,地区级,上海,静安,,,,,,,16.0,10.0,
2月20日,地区级,上海,松江,,,,,,,14.0,7.0,
2月20日,地区级,上海,长宁,,2.0,,,,,13.0,10.0,
2月20日,地区级,上海,普陀,,1.0,,,,,11.0,6.0,
2月20日,地区级,上海,杨浦,,,,,,,9.0,4.0,
2月20日,地区级,上海,嘉定,,1.0,,,,,9.0,3.0,
2月20日,地区级,上海,奉贤,,,,,,,9.0,3.0,
2月20日,地区级,上海,虹口,,,,,,,7.0,4.0,
2月20日,地区级,上海,黄浦,,1.0,,,,,6.0,3.0,
2月20日,地区级,上海,青浦,,,,,,,5.0,5.0,
2月20日,地区级,上海,金山,,,,,,,3.0,2.0,
2月20日,地区级,上海,崇明,,,,,,,4.0,2.0,
2月20日,地区级,上海,地区待确认,,,,,,,,,
2月20日,省级,上海,,1.0,13.0,,,,,334.0,199.0,2.0
2月20日,地区级,山西,太原,1.0,2.0,,,,,20.0,12.0,
2月20日,地区级,山西,大同,,,,,,,12.0,6.0,
2月20日,地区级,山西,阳泉,,,,,,,4.0,2.0,
2月20日,地区级,山西,长治,,1.0,,,,,8.0,2.0,
2月20日,地区级,山西,晋城,,,,,,,10.0,3.0,
2月20日,地区级,山西,朔州,,,,,,,8.0,3.0,
2月20日,地区级,山西,晋中,,3.0,,,,,36.0,21.0,
2月20日,地区级,山西,运城,,2.0,,,,,19.0,16.0,
2月20日,地区级,山西,忻州,,,,,,,7.0,4.0,
2月20日,地区级,山西,临汾,,,,,,,2.0,1.0,
2月20日,地区级,山西,吕梁,,,,,,,6.0,6.0,
2月20日,地区级,山西,地区待确认,,,,,,,,,
2月20日,省级,山西,,1.0,8.0,,,,,132.0,76.0,
2月20日,地区级,四川,成都,2.0,2.0,,,,,143.0,71.0,
2月20日,地区级,四川,自贡,,3.0,,,,,9.0,7.0,
2月20日,地区级,四川,攀枝花,,,,,,,16.0,11.0,
2月20日,地区级,四川,泸州,,1.0,,,,,24.0,6.0,
2月20日,地区级,四川,德阳,1.0,2.0,,,,,18.0,3.0,
2月20日,地区级,四川,绵阳,,,,,,,22.0,10.0,
2月20日,地区级,四川,广元,,,,,,,6.0,4.0,
2月20日,地区级,四川,遂宁,,,,,,,17.0,10.0,
2月20日,地区级,四川,内江,,4.0,,,,,22.0,10.0,
2月20日,地区级,四川,乐山,,,,,,,3.0,2.0,
2月20日,地区级,四川,南充,,1.0,,,,,38.0,15.0,
2月20日,地区级,四川,宜宾,,,,,,,12.0,7.0,
2月20日,地区级,四川,广安,,1.0,,,,,30.0,20.0,
2月20日,地区级,四川,达州,1.0,,,,,,41.0,11.0,
2月20日,地区级,四川,巴中,,7.0,,,,,24.0,10.0,
2月20日,地区级,四川,雅安,,1.0,,,,,7.0,4.0,
2月20日,地区级,四川,眉山,,,,,,,8.0,3.0,
2月20日,地区级,四川,资阳,,,,,,,3.0,2.0,
2月20日,地区级,四川,阿坝,,,,,,,1.0,1.0,
2月20日,地区级,四川,甘孜,1.0,1.0,,,,,68.0,9.0,
2月20日,地区级,四川,凉山,,1.0,,,,,13.0,6.0,
2月20日,地区级,四川,地区待确认,,,,,,,,,
2月20日,地区级,四川,地区待确认,,,,,,,,,
2月20日,地区级,四川,地区待确认,,,,,,,,,3.0
2月20日,省级,四川,,5.0,24.0,,,,,525.0,222.0,3.0
2月20日,地区级,台湾,台湾,,,,,,,24.0,2.0,1.0
2月20日,省级,台湾,,,,,,,,24.0,2.0,1.0
2月20日,地区级,天津,宝坻区,1.0,2.0,,,,,56.0,17.0,2.0
2月20日,地区级,天津,河东区,,1.0,,,,,15.0,8.0,1.0
2月20日,地区级,天津,河北区,,,,,,,12.0,9.0,
2月20日,地区级,天津,和平区,,,,,,,6.0,4.0,
2月20日,地区级,天津,河西区,,,,,,,4.0,2.0,
2月20日,地区级,天津,宁河区,,1.0,,,,,4.0,1.0,
2月20日,地区级,天津,东丽区,,,,,,,4.0,2.0,
2月20日,地区级,天津,西青区,,,,,,,4.0,4.0,
2月20日,地区级,天津,南开区,,1.0,,,,,6.0,2.0,
2月20日,地区级,天津,滨海新区,,,,,,,3.0,1.0,
2月20日,地区级,天津,红桥区,,,,,,,2.0,2.0,
2月20日,地区级,天津,津南区,,,,,,,1.0,1.0,
2月20日,地区级,天津,北辰区,,,,,,,6.0,1.0,
2月20日,地区级,天津,武清区,,,,,,,2.0,1.0,
2月20日,地区级,天津,外地来津,,,,,,,6.0,4.0,
2月20日,省级,天津,,1.0,5.0,,,,,131.0,59.0,3.0
2月20日,地区级,香港,香港,3.0,,,,,,68.0,5.0,2.0
2月20日,省级,香港,,3.0,,,,,,68.0,5.0,2.0
2月20日,地区级,新疆,乌鲁木齐,,2.0,,,,,23.0,,
2月20日,地区级,新疆,伊犁州,,,,,,,18.0,,
2月20日,地区级,新疆,昌吉州,,,,,,,4.0,,
2月20日,地区级,新疆,巴州,,,,,,,3.0,,
2月20日,地区级,新疆,阿克苏,,,,,,,1.0,,
2月20日,地区级,新疆,吐鲁番,,,,,,,3.0,,
2月20日,地区级,新疆,兵团第四师,,,,,,,10.0,,
2月20日,地区级,新疆,兵团第六师,,,,,,,2.0,,
2月20日,地区级,新疆,兵团第七师,,,,,,,1.0,,
2月20日,地区级,新疆,兵团第八师,,,,,,,4.0,,
2月20日,地区级,新疆,兵团第九师,,,,,,,4.0,,
2月20日,地区级,新疆,兵团第十二师,,,,,,,3.0,,
2月20日,省级,新疆,,0.0,2.0,0.0,0.0,,,76.0,22.0,1.0
2月20日,地区级,西藏,拉萨,,,,,,,1.0,1.0,
2月20日,省级,西藏,,,,,,,,1.0,1.0,
2月20日,地区级,云南,昆明,1.0,9.0,,,,,53.0,24.0,
2月20日,地区级,云南,西双版纳州,,,1.0,,,,15.0,4.0,1.0
2月20日,地区级,云南,玉溪,,6.0,,,,,14.0,9.0,1.0
2月20日,地区级,云南,昭通,,3.0,,,,,25.0,5.0,
2月20日,地区级,云南,曲靖,,,,,,,13.0,6.0,
2月20日,地区级,云南,大理,,,,,,,13.0,10.0,
2月20日,地区级,云南,保山,,,,,,,9.0,3.0,
2月20日,地区级,云南,丽江,,,,,,,7.0,7.0,
2月20日,地区级,云南,红河,1.0,,,,,,9.0,3.0,
2月20日,地区级,云南,德宏州,,,,,,,5.0,2.0,
2月20日,地区级,云南,楚雄州,,1.0,,,,,4.0,2.0,
2月20日,地区级,云南,普洱,,,,,,,4.0,3.0,
2月20日,地区级,云南,文山州,,,,,,,2.0,,
2月20日,地区级,云南,临沧,,,,,,,1.0,1.0,
2月20日,地区级,云南,地区待确认,,,,,,,,,
2月20日,省级,云南,,2.0,19.0,1.0,,,,174.0,79.0,2.0
2月20日,地区级,浙江,杭州,,3.0,,,,,169.0,111.0,
2月20日,地区级,浙江,宁波,1.0,10.0,,,,,157.0,101.0,
2月20日,地区级,浙江,温州,,17.0,1.0,,,,504.0,245.0,1.0
2月20日,地区级,浙江,湖州,,,,,,,10.0,5.0,
2月20日,地区级,浙江,嘉兴,,2.0,,,,,45.0,18.0,
2月20日,地区级,浙江,绍兴,,,,,,,42.0,25.0,
2月20日,地区级,浙江,金华,,3.0,,,,,55.0,36.0,
2月20日,地区级,浙江,衢州,,,,-7.0,,,14.0,10.0,
2月20日,地区级,浙江,舟山,,,,,,,10.0,5.0,
2月20日,地区级,浙江,台州,,3.0,,,,,146.0,77.0,
2月20日,地区级,浙江,丽水,,,,,,,17.0,14.0,
2月20日,地区级,浙江,省十里丰监狱,27.0,,,7.0,,,34.0,,
2月20日,省级,浙江,,28.0,38.0,1.0,,,,1203.0,647.0,1.0
2月21日,地区级,安徽,合肥,,11.0,,,,,174.0,,
2月21日,地区级,安徽,淮北,,1.0,,,,,27.0,,
2月21日,地区级,安徽,亳州,,5.0,,,,,108.0,,
2月21日,地区级,安徽,宿州,,1.0,,,,,41.0,,
2月21日,地区级,安徽,蚌埠,,25.0,,,,,160.0,,
2月21日,地区级,安徽,阜阳,,11.0,,,,,155.0,,
2月21日,地区级,安徽,滁州,,,,,,,13.0,,
2月21日,地区级,安徽,六安,,4.0,,,,,69.0,,
2月21日,地区级,安徽,铜陵,,1.0,,,,,29.0,,
2月21日,地区级,安徽,马鞍山,1.0,2.0,,,,,38.0,,
2月21日,地区级,安徽,池州,,,,,,,17.0,,
2月21日,地区级,安徽,安庆,,2.0,,,,,83.0,,
2月21日,地区级,安徽,淮南,,,,,,,27.0,,
2月21日,地区级,安徽,芜湖,,4.0,,,,,33.0,,
2月21日,地区级,安徽,宣城,,,,,,,6.0,,
2月21日,地区级,安徽,黄山,,,,,,,9.0,,
2月21日,省级,安徽,,1.0,67.0,,,,,989.0,567.0,6.0
2月21日,地区级,澳门,澳门,,,,,,,10.0,6.0,
2月21日,省级,澳门,,,,,,,,10.0,6.0,
2月21日,地区级,北京,东城,,,,,,,12.0,,
2月21日,地区级,北京,西城,,,,,,,53.0,,
2月21日,地区级,北京,朝阳,2.0,,,,,,60.0,,
2月21日,地区级,北京,丰台,,,,,,,41.0,,
2月21日,地区级,北京,石景山,,,,,,,14.0,,
2月21日,地区级,北京,海淀,1.0,,,,,,62.0,,
2月21日,地区级,北京,门头沟,,,,,,,3.0,,
2月21日,地区级,北京,房山,,,,,,,16.0,,
2月21日,地区级,北京,通州,,,,,,,19.0,,
2月21日,地区级,北京,顺义,,,,,,,10.0,,
2月21日,地区级,北京,昌平,,,,,,,29.0,,
2月21日,地区级,北京,大兴,,,,,,,39.0,,
2月21日,地区级,北京,怀柔,,,,,,,7.0,,
2月21日,地区级,北京,平谷,,,,,,,,,
2月21日,地区级,北京,密云,,,,,,,7.0,,
2月21日,地区级,北京,延庆,,,,,,,1.0,,
2月21日,地区级,北京,外地来京,,,,,,,26.0,,
2月21日,地区级,北京,地区待确认,,9.0,,,,,,178.0,4.0
2月21日,省级,北京,,3.0,9.0,,,,,399.0,178.0,4.0
2月21日,地区级,重庆,万州区,3.0,9.0,,,,,118.0,65.0,4.0
2月21日,地区级,重庆,黔江区,,,,,,,2.0,2.0,
2月21日,地区级,重庆,涪陵区,,,,,,,5.0,2.0,
2月21日,地区级,重庆,渝中区,,,,,,,20.0,14.0,
2月21日,地区级,重庆,大渡口区,,,,,,,7.0,5.0,
2月21日,地区级,重庆,江北区,,1.0,,,,,28.0,10.0,
2月21日,地区级,重庆,沙坪坝区,,,,,,,8.0,1.0,
2月21日,地区级,重庆,九龙坡区,,1.0,,,,,20.0,11.0,1.0
2月21日,地区级,重庆,南岸区,,,,,,,15.0,5.0,
2月21日,地区级,重庆,北碚区,,,,,,,,,
2月21日,地区级,重庆,渝北区,,1.0,,,,,17.0,10.0,
2月21日,地区级,重庆,巴南区,,,,,,,6.0,2.0,
2月21日,地区级,重庆,长寿区,,,,,,,21.0,11.0,
2月21日,地区级,重庆,江津区,,,,,,,4.0,3.0,
2月21日,地区级,重庆,合川区,,2.0,,,,,23.0,10.0,
2月21日,地区级,重庆,永川区,,,,,,,5.0,4.0,
2月21日,地区级,重庆,南川区,,,,,,,,,
2月21日,地区级,重庆,綦江区,,1.0,,,,,23.0,12.0,
2月21日,地区级,重庆,大足区,,,,,,,14.0,9.0,
2月21日,地区级,重庆,璧山区,,,,,,,9.0,7.0,
2月21日,地区级,重庆,铜梁区,,,,,,,10.0,4.0,
2月21日,地区级,重庆,潼南区,,,,,,,18.0,5.0,
2月21日,地区级,重庆,荣昌区,,,,,,,9.0,5.0,
2月21日,地区级,重庆,开州区,1.0,1.0,,,,,21.0,16.0,1.0
2月21日,地区级,重庆,梁平区,,,,,,,4.0,4.0,
2月21日,地区级,重庆,武隆区,,,,,,,1.0,1.0,
2月21日,地区级,重庆,城口县,,,,,,,2.0,2.0,
2月21日,地区级,重庆,丰都县,,,,,,,10.0,4.0,
2月21日,地区级,重庆,垫江县,,,,,,,20.0,9.0,
2月21日,地区级,重庆,忠县,,,,,,,20.0,18.0,
2月21日,地区级,重庆,云阳县,,,,,,,25.0,19.0,
2月21日,地区级,重庆,奉节县,,,,,,,22.0,10.0,
2月21日,地区级,重庆,巫山县,,,,,,,10.0,6.0,
2月21日,地区级,重庆,巫溪县,1.0,,,,,,14.0,9.0,
2月21日,地区级,重庆,石柱县,,1.0,,,,,15.0,11.0,
2月21日,地区级,重庆,秀山县,,,,,,,1.0,1.0,
2月21日,地区级,重庆,酉阳县,,,,,,,1.0,,
2月21日,地区级,重庆,彭水县,,,,,,,2.0,,
2月21日,地区级,重庆,两江新区,,,,,,,17.0,7.0,
2月21日,地区级,重庆,高新区,,,,,,,4.0,2.0,
2月21日,地区级,重庆,万盛经开区,,,,,,,1.0,,
2月21日,省级,重庆,,5.0,17.0,,,,,572.0,316.0,6.0
2月21日,地区级,福建,地区待确认,,,,,,,,,
2月21日,地区级,福建,厦门,,2.0,,,,,35.0,17.0,
2月21日,地区级,福建,漳州,,1.0,,,,,20.0,14.0,
2月21日,地区级,福建,泉州,,1.0,,,,,46.0,17.0,
2月21日,地区级,福建,南平,,,,,,,20.0,8.0,
2月21日,地区级,福建,福州,,11.0,,,,,71.0,47.0,1.0
2月21日,地区级,福建,莆田,,,,,,,55.0,22.0,
2月21日,地区级,福建,宁德,,,,,,,26.0,17.0,
2月21日,地区级,福建,三明,,,,,,,14.0,5.0,
2月21日,地区级,福建,龙岩,,1.0,,,,,6.0,3.0,
2月21日,省级,福建,,,16.0,,,,,293.0,150.0,1.0
2月21日,地区级,甘肃,兰州,,2.0,,,,,36.0,29.0,2.0
2月21日,地区级,甘肃,嘉峪关,,,,,,,,,
2月21日,地区级,甘肃,金昌,,,,,,,1.0,1.0,
2月21日,地区级,甘肃,白银,,1.0,,,,,4.0,3.0,
2月21日,地区级,甘肃,天水,,,,,,,12.0,12.0,
2月21日,地区级,甘肃,武威,,,,,,,,,
2月21日,地区级,甘肃,张掖,,,,,,,2.0,2.0,
2月21日,地区级,甘肃,平凉,,,,,,,9.0,6.0,
2月21日,地区级,甘肃,酒泉,,,,,,,,,
2月21日,地区级,甘肃,庆阳,,,,,,,3.0,2.0,
2月21日,地区级,甘肃,定西,,,,,,,9.0,8.0,
2月21日,地区级,甘肃,陇南,,,,,,,4.0,4.0,
2月21日,地区级,甘肃,临夏,,,,,,,3.0,3.0,
2月21日,地区级,甘肃,甘南州,,2.0,,,,,8.0,6.0,
2月21日,省级,甘肃,,,5.0,,,,,91.0,76.0,2.0
2月21日,地区级,广东,深圳,1.0,23.0,,,,,417.0,222.0,2.0
2月21日,地区级,广东,广州,4.0,18.0,,,,,343.0,190.0,
2月21日,地区级,广东,珠海,,3.0,,,,,98.0,52.0,1.0
2月21日,地区级,广东,佛山,,,,,,,84.0,,
2月21日,地区级,广东,东莞,,,,,,,93.0,27.0,1.0
2月21日,地区级,广东,中山,,3.0,,,,,66.0,46.0,
2月21日,地区级,广东,惠州,,2.0,,,,,62.0,43.0,
2月21日,地区级,广东,汕头,,,,,,,25.0,20.0,
2月21日,地区级,广东,江门,,,,,,,23.0,9.0,
2月21日,地区级,广东,湛江,,,,,,,22.0,12.0,
2月21日,地区级,广东,肇庆,1.0,,,,,,19.0,8.0,1.0
2月21日,地区级,广东,梅州,,1.0,,,,,16.0,11.0,
2月21日,地区级,广东,阳江,,,,,,,13.0,10.0,
2月21日,地区级,广东,茂名,,,,,,,14.0,6.0,
2月21日,地区级,广东,清远,,,,,,,12.0,9.0,
2月21日,地区级,广东,韶关,,1.0,,,,,10.0,6.0,
2月21日,地区级,广东,揭阳,,,,,,,8.0,4.0,
2月21日,地区级,广东,汕尾,,,,,,,5.0,2.0,
2月21日,地区级,广东,潮州,,,,,,,5.0,4.0,
2月21日,地区级,广东,河源,,,,,,,4.0,1.0,
2月21日,地区级,广东,地区待确认,,5.0,,,,,,38.0,
2月21日,省级,广东,,6.0,56.0,,,,,1339.0,720.0,5.0
2月21日,地区级,广西,南宁,1.0,1.0,,,,,55.0,,
2月21日,地区级,广西,柳州,,,,,,,24.0,,
2月21日,地区级,广西,桂林,1.0,2.0,,,,,32.0,,
2月21日,地区级,广西,梧州,,,,,,,5.0,,
2月21日,地区级,广西,北海,,,,,,,44.0,,1.0
2月21日,地区级,广西,防城港,,,,,,,19.0,,
2月21日,地区级,广西,钦州,,,,,,,8.0,,
2月21日,地区级,广西,贵港,,,,,,,8.0,,
2月21日,地区级,广西,玉林,,,,,,,11.0,,
2月21日,地区级,广西,百色,,,,,,,3.0,,
2月21日,地区级,广西,贺州,,1.0,,,,,4.0,,
2月21日,地区级,广西,河池,1.0,,,,,,25.0,,1.0
2月21日,地区级,广西,来宾,,,,,,,11.0,,
2月21日,地区级,广西,地区待确认,,,,,,,,,
2月21日,省级,广西,,3.0,4.0,,,,,249.0,99.0,2.0
2月21日,地区级,贵州,贵阳,,1.0,,,,,36.0,18.0,1.0
2月21日,地区级,贵州,六盘水,,,,,,,10.0,6.0,1.0
2月21日,地区级,贵州,铜仁,,1.0,,,,,10.0,10.0,
2月21日,地区级,贵州,黔东南州,,3.0,,,,,10.0,8.0,
2月21日,地区级,贵州,遵义,,1.0,,,,,32.0,18.0,
2月21日,地区级,贵州,安顺,,,,,,,4.0,1.0,
2月21日,地区级,贵州,黔南州,,5.0,,,,,17.0,12.0,
2月21日,地区级,贵州,毕节,,3.0,,,,,23.0,13.0,
2月21日,地区级,贵州,黔西南州,,,,,,,4.0,4.0,
2月21日,省级,贵州,,,14.0,,,,,146.0,90.0,2.0
2月21日,地区级,海南,海口,,1.0,,,,,39.0,19.0,
2月21日,地区级,海南,三亚,,5.0,,,,,54.0,30.0,1.0
2月21日,地区级,海南,三沙,,,,,,,,,
2月21日,地区级,海南,儋州,,,,,,,15.0,11.0,
2月21日,地区级,海南,五指山,,,,,,,,,
2月21日,地区级,海南,琼海,,,,,,,6.0,4.0,1.0
2月21日,地区级,海南,文昌,,,,,,,3.0,3.0,
2月21日,地区级,海南,万宁,,,,,,,13.0,9.0,
2月21日,地区级,海南,东方,,,,,,,3.0,2.0,
2月21日,地区级,海南,定安县,,,,,,,3.0,2.0,1.0
2月21日,地区级,海南,屯昌县,,,,,,,,,
2月21日,地区级,海南,澄迈县,,1.0,,,,,9.0,5.0,1.0
2月21日,地区级,海南,临高县,,,,,,,6.0,4.0,
2月21日,地区级,海南,白沙县,,,,,,,,,
2月21日,地区级,海南,昌江县,,,,,,,7.0,2.0,
2月21日,地区级,海南,乐东,,,,,,,2.0,2.0,
2月21日,地区级,海南,陵水县,,,,,,,4.0,1.0,
2月21日,地区级,海南,保亭,,,,,,,3.0,1.0,
2月21日,地区级,海南,琼中县,,,,,,,1.0,1.0,
2月21日,地区级,海南,地区待确认,,,,,,,,,
2月21日,省级,海南,,,7.0,,,,,168.0,96.0,4.0
2月21日,地区级,河北,沧州,,,,,,,48.0,22.0,3.0
2月21日,地区级,河北,唐山,,3.0,,,,,57.0,19.0,1.0
2月21日,地区级,河北,张家口,,1.0,,,,,34.0,25.0,
2月21日,地区级,河北,保定,,2.0,,,,,32.0,29.0,
2月21日,地区级,河北,邯郸,,2.0,,,,,31.0,19.0,
2月21日,地区级,河北,廊坊,,1.0,,,,,30.0,22.0,
2月21日,地区级,河北,石家庄,1.0,1.0,,,,,29.0,15.0,
2月21日,地区级,河北,邢台,,2.0,,,,,23.0,15.0,1.0
2月21日,地区级,河北,秦皇岛,,1.0,1.0,,,,10.0,6.0,1.0
2月21日,地区级,河北,衡水,,,,,,,8.0,6.0,
2月21日,地区级,河北,承德,,1.0,,,,,7.0,6.0,
2月21日,地区级,河北,地区待确认,,,,,,,,,
2月21日,省级,河北,,1.0,14.0,1.0,,,,309.0,184.0,6.0
2月21日,地区级,黑龙江,哈尔滨,,20.0,,,,,197.0,75.0,3.0
2月21日,地区级,黑龙江,齐齐哈尔,,6.0,,,,,43.0,22.0,1.0
2月21日,地区级,黑龙江,鸡西,,2.0,,,,,46.0,5.0,
2月21日,地区级,黑龙江,鹤岗,,,,,,,5.0,2.0,
2月21日,地区级,黑龙江,双鸭山,,5.0,,,,,52.0,16.0,3.0
2月21日,地区级,黑龙江,大庆,,,,,,,26.0,8.0,1.0
2月21日,地区级,黑龙江,伊春,,,,,,,1.0,,
2月21日,地区级,黑龙江,佳木斯,,1.0,,,,,15.0,15.0,
2月21日,地区级,黑龙江,七台河,,,,,,,17.0,6.0,
2月21日,地区级,黑龙江,牡丹江,,1.0,,,,,14.0,2.0,
2月21日,地区级,黑龙江,黑河,,1.0,,,,,14.0,4.0,
2月21日,地区级,黑龙江,绥化,,6.0,,,,,47.0,26.0,4.0
2月21日,地区级,黑龙江,大兴安岭,,,,,,,2.0,2.0,
2月21日,地区级,黑龙江,地区待确认,,,,,,,,,
2月21日,省级,黑龙江,,,42.0,,,,,479.0,183.0,12.0
2月21日,地区级,河南,信阳,3.0,,,,,,273.0,,
2月21日,地区级,河南,南阳,,,,,,,155.0,,
2月21日,地区级,河南,郑州,,,,,,,157.0,,
2月21日,地区级,河南,驻马店,,,,,,,139.0,,
2月21日,地区级,河南,商丘,,,,,,,91.0,,
2月21日,地区级,河南,周口,,,,,,,76.0,,
2月21日,地区级,河南,平顶山,,,,,,,58.0,,
2月21日,地区级,河南,新乡,,,,,,,57.0,,
2月21日,地区级,河南,安阳,,,,,,,53.0,,
2月21日,地区级,河南,许昌,,,,,,,39.0,,
2月21日,地区级,河南,漯河,,,,,,,35.0,,
2月21日,地区级,河南,洛阳,,,,,,,31.0,,
2月21日,地区级,河南,焦作,,,,,,,32.0,,
2月21日,地区级,河南,开封,,,,,,,26.0,,
2月21日,地区级,河南,鹤壁,,,,,,,19.0,,
2月21日,地区级,河南,濮阳,,,,,,,17.0,,
2月21日,地区级,河南,三门峡,,,,,,,7.0,,
2月21日,地区级,河南,济源示范区,,,,,,,5.0,,
2月21日,地区级,河南,地区待确认,,85.0,,,,,,802.0,19.0
2月21日,省级,河南,,3.0,85.0,,,,,1270.0,802.0,19.0
2月21日,地区级,湖北,武汉,314.0,992.0,90.0,1.0,,,45881.0,7206.0,1774.0
2月21日,地区级,湖北,孝感,2.0,146.0,4.0,,,,3429.0,917.0,98.0
2月21日,地区级,湖北,黄冈,16.0,134.0,5.0,,,,2899.0,1408.0,95.0
2月21日,地区级,湖北,随州,4.0,57.0,1.0,,,,1296.0,443.0,29.0
2月21日,地区级,湖北,荆州,6.0,81.0,,,,,1566.0,612.0,40.0
2月21日,地区级,湖北,襄阳,2.0,59.0,2.0,,,,1173.0,402.0,26.0
2月21日,地区级,湖北,黄石,5.0,52.0,1.0,,,,997.0,391.0,28.0
2月21日,地区级,湖北,宜昌,,23.0,1.0,,,,914.0,273.0,29.0
2月21日,地区级,湖北,荆门,2.0,67.0,,,,,914.0,296.0,37.0
2月21日,地区级,湖北,鄂州,2.0,11.0,,,,,1375.0,386.0,39.0
2月21日,地区级,湖北,咸宁,2.0,45.0,1.0,,,,836.0,358.0,11.0
2月21日,地区级,湖北,十堰,3.0,28.0,,,,,659.0,239.0,2.0
2月21日,地区级,湖北,仙桃,3.0,21.0,,,,,571.0,231.0,19.0
2月21日,地区级,湖北,天门,1.0,33.0,,,,,493.0,198.0,12.0
2月21日,地区级,湖北,恩施州,1.0,5.0,,,,,251.0,117.0,3.0
2月21日,地区级,湖北,潜江,1.0,10.0,1.0,,,,189.0,67.0,8.0
2月21日,地区级,湖北,神农架,1.0,,,,,,11.0,10.0,
2月21日,地区级,湖北,监狱系统,1.0,3.0,,-1.0,,,0.0,3.0,
2月21日,省级,湖北,,366.0,1767.0,106.0,0.0,2.0,,63454.0,13557.0,2250.0
2月21日,地区级,湖南,长沙,,5.0,,,,,242.0,130.0,2.0
2月21日,地区级,湖南,株洲,1.0,1.0,,,,,79.0,47.0,
2月21日,地区级,湖南,湘潭,1.0,2.0,,,,,36.0,19.0,
2月21日,地区级,湖南,衡阳,,,,,,,48.0,37.0,
2月21日,地区级,湖南,邵阳,,2.0,,,,,102.0,80.0,1.0
2月21日,地区级,湖南,岳阳,,5.0,,,,,156.0,77.0,1.0
2月21日,地区级,湖南,常德,,6.0,,,,,80.0,58.0,
2月21日,地区级,湖南,张家界,,,,,,,5.0,5.0,
2月21日,地区级,湖南,益阳,,3.0,,,,,59.0,51.0,
2月21日,地区级,湖南,郴州,,1.0,,,,,39.0,30.0,
2月21日,地区级,湖南,永州,,5.0,,,,,43.0,35.0,
2月21日,地区级,湖南,怀化,,,,,,,40.0,38.0,
2月21日,地区级,湖南,娄底,,1.0,,,,,76.0,55.0,
2月21日,地区级,湖南,湘西自治州,,1.0,,,,,8.0,8.0,
2月21日,省级,湖南,,2.0,32.0,,,,,1013.0,670.0,4.0
2月21日,地区级,江苏,南京,,5.0,,,,,93.0,52.0,
2月21日,地区级,江苏,无锡,,1.0,,,,,55.0,37.0,
2月21日,地区级,江苏,徐州,,3.0,,,,,79.0,58.0,
2月21日,地区级,江苏,常州,,7.0,,,,,51.0,36.0,
2月21日,地区级,江苏,苏州,,4.0,,,,,87.0,42.0,
2月21日,地区级,江苏,南通,,5.0,,,,,40.0,28.0,
2月21日,地区级,江苏,连云港,,4.0,,,,,48.0,22.0,
2月21日,地区级,江苏,淮安,,1.0,,,,,66.0,35.0,
2月21日,地区级,江苏,盐城,,,,,,,27.0,20.0,
2月21日,地区级,江苏,扬州,,2.0,,,,,23.0,15.0,
2月21日,地区级,江苏,镇江,,1.0,,,,,12.0,9.0,
2月21日,地区级,江苏,泰州,,1.0,,,,,37.0,25.0,
2月21日,地区级,江苏,宿迁,,1.0,,,,,13.0,8.0,
2月21日,地区级,江苏,地区待确认,,,,,,,,,
2月21日,省级,江苏,,,35.0,,,,,631.0,387.0,
2月21日,地区级,江西,南昌,,17.0,,,,,229.0,162.0,
2月21日,地区级,江西,景德镇,,,,,,,6.0,3.0,
2月21日,地区级,江西,萍乡,,,,,,,33.0,11.0,
2月21日,地区级,江西,九江,,,,,,,118.0,47.0,
2月21日,地区级,江西,新余,,7.0,,,,,130.0,87.0,
2月21日,地区级,江西,鹰潭,,,,,,,18.0,4.0,
2月21日,地区级,江西,赣州,,6.0,,,,,76.0,40.0,1.0
2月21日,地区级,江西,吉安,,,,,,,22.0,11.0,
2月21日,地区级,江西,宜春,,5.0,,,,,106.0,58.0,
2月21日,地区级,江西,抚州,,9.0,,,,,72.0,46.0,
2月21日,地区级,江西,上饶,,11.0,,,,,123.0,75.0,
2月21日,地区级,江西,赣江新区,,,,,,,1.0,,
2月21日,省级,江西,,,55.0,,,,,934.0,544.0,1.0
2月21日,地区级,吉林,长春,,1.0,,,,,45.0,22.0,
2月21日,地区级,吉林,吉林,,,,,,,5.0,4.0,
2月21日,地区级,吉林,四平,,1.0,,,,,21.0,11.0,1.0
2月21日,地区级,吉林,辽源,,,,,,,7.0,1.0,
2月21日,地区级,吉林,通化,,,,,,,5.0,2.0,
2月21日,地区级,吉林,白山,,,,,,,,,
2月21日,地区级,吉林,松原,,,,,,,2.0,2.0,
2月21日,地区级,吉林,白城,,,,,,,1.0,,
2月21日,地区级,吉林,延边,,,,,,,5.0,4.0,
2月21日,地区级,吉林,地区待确认,,,,,,,,,
2月21日,省级,吉林,,,2.0,,,,,91.0,46.0,1.0
2月21日,地区级,辽宁,沈阳,,4.0,,,,,28.0,15.0,
2月21日,地区级,辽宁,大连,,,,,,,19.0,9.0,
2月21日,地区级,辽宁,鞍山,,,,,,,4.0,,
2月21日,地区级,辽宁,抚顺,,,,,,,,,
2月21日,地区级,辽宁,本溪,,,,,,,3.0,3.0,
2月21日,地区级,辽宁,丹东,,1.0,,,,,7.0,6.0,
2月21日,地区级,辽宁,锦州,,,,,,,12.0,8.0,
2月21日,地区级,辽宁,营口,,,,,,,1.0,1.0,
2月21日,地区级,辽宁,阜新,,,,,,,8.0,6.0,
2月21日,地区级,辽宁,辽阳,,,,,,,3.0,3.0,
2月21日,地区级,辽宁,盘锦,,,,,,,11.0,5.0,
2月21日,地区级,辽宁,铁岭,,,,,,,7.0,2.0,
2月21日,地区级,辽宁,朝阳市,,,,,,,6.0,3.0,
2月21日,地区级,辽宁,葫芦岛,,,,,,,12.0,5.0,1.0
2月21日,省级,辽宁,,,5.0,,,,,121.0,66.0,1.0
2月21日,地区级,内蒙古,通辽,,1.0,,,,,7.0,1.0,
2月21日,地区级,内蒙古,鄂尔多斯,,2.0,,,,,11.0,7.0,
2月21日,地区级,内蒙古,包头,,,,,,,11.0,2.0,
2月21日,地区级,内蒙古,赤峰,,,,,,,9.0,3.0,
2月21日,地区级,内蒙古,巴彦淖尔,,3.0,,,,,8.0,3.0,
2月21日,地区级,内蒙古,锡林郭勒,,,,,,,9.0,1.0,
2月21日,地区级,内蒙古,呼和浩特,,,,,,,7.0,2.0,
2月21日,地区级,内蒙古,呼伦贝尔,,,,,,,7.0,2.0,
2月21日,地区级,内蒙古,乌兰察布,,,,,,,3.0,1.0,
2月21日,地区级,内蒙古,兴安盟,,,,,,,1.0,,
2月21日,地区级,内蒙古,乌海,,,,,,,2.0,,
2月21日,省级,内蒙古,,,6.0,,,,,75.0,22.0,
2月21日,地区级,宁夏,银川,,1.0,,,,,33.0,28.0,
2月21日,地区级,宁夏,吴忠,,3.0,,,,,28.0,12.0,
2月21日,地区级,宁夏,固原,,,,,,,5.0,3.0,
2月21日,地区级,宁夏,中卫,,,,,,,3.0,3.0,
2月21日,地区级,宁夏,宁东,,,,,,,1.0,1.0,
2月21日,地区级,宁夏,石嘴山,,,,,,,1.0,1.0,
2月21日,地区级,宁夏,地区待确认,,,,,,,,,
2月21日,省级,宁夏,,,4.0,,,,,71.0,48.0,
2月21日,地区级,青海,西宁,,1.0,,,,,15.0,15.0,
2月21日,地区级,青海,海东,,,,,,,,,
2月21日,地区级,青海,海北州,,1.0,,,,,3.0,3.0,
2月21日,地区级,青海,黄南州,,,,,,,,,
2月21日,地区级,青海,海南州,,,,,,,,,
2月21日,地区级,青海,果洛州,,,,,,,,,
2月21日,地区级,青海,玉树州,,,,,,,,,
2月21日,地区级,青海,海西州,,,,,,,,,
2月21日,地区级,青海,地区待确认,,,,,,,,,
2月21日,省级,青海,,,2.0,,,,,18.0,18.0,
2月21日,国家级,,,397.0,2393.0,109.0,,,,76288.0,20659.0,2345.0
2月21日,地区级,陕西,西安,,15.0,,,,,120.0,,1.0
2月21日,地区级,陕西,宝鸡,,1.0,,,,,13.0,,
2月21日,地区级,陕西,咸阳,,4.0,,,,,18.0,,
2月21日,地区级,陕西,铜川,,,,,,,8.0,,
2月21日,地区级,陕西,渭南,,,,,,,16.0,,
2月21日,地区级,陕西,延安,,,,,,,8.0,,
2月21日,地区级,陕西,榆林,,2.0,,,,,3.0,,
2月21日,地区级,陕西,汉中,,,,,,,26.0,,
2月21日,地区级,陕西,安康,,,,,,,26.0,,
2月21日,地区级,陕西,商洛,,,,,,,7.0,,
2月21日,地区级,陕西,地区待确认,,1.0,,,,,,140.0,
2月21日,省级,陕西,,,23.0,,,,,245.0,140.0,1.0
2月21日,地区级,山东,济南,,4.0,,,,,47.0,22.0,
2月21日,地区级,山东,青岛,,1.0,,,,,59.0,34.0,1.0
2月21日,地区级,山东,淄博,1.0,1.0,,,,,30.0,10.0,
2月21日,地区级,山东,枣庄,,3.0,,,,,24.0,14.0,
2月21日,地区级,山东,东营,,,,,,,,,
2月21日,地区级,山东,烟台,,1.0,,,,,47.0,18.0,
2月21日,地区级,山东,潍坊,,,,,,,44.0,17.0,
2月21日,地区级,山东,济宁,,,,,,,53.0,29.0,
2月21日,地区级,山东,泰安,1.0,6.0,,,,,35.0,18.0,1.0
2月21日,地区级,山东,威海,,4.0,,,,,38.0,20.0,
2月21日,地区级,山东,日照,,1.0,,,,,16.0,9.0,
2月21日,地区级,山东,临沂,,1.0,,,,,49.0,44.0,
2月21日,地区级,山东,德州,,,,,,,37.0,11.0,2.0
2月21日,地区级,山东,聊城,,1.0,,,,,38.0,22.0,
2月21日,地区级,山东,滨州,,,,,,,15.0,11.0,
2月21日,地区级,山东,菏泽,,,,,,,18.0,14.0,
2月21日,地区级,山东,任城监狱,,,,,,,200.0,,
2月21日,省级,山东,,2.0,23.0,,,,,750.0,293.0,4.0
2月21日,地区级,上海,外地来沪,,4.0,,,,,110.0,73.0,
2月21日,地区级,上海,徐汇,,1.0,,,,,18.0,10.0,
2月21日,地区级,上海,浦东,,4.0,,,,,60.0,42.0,
2月21日,地区级,上海,宝山,,1.0,,,,,21.0,10.0,
2月21日,地区级,上海,闵行,,,,,,,19.0,15.0,
2月21日,地区级,上海,静安,,,,,,,16.0,10.0,
2月21日,地区级,上海,松江,,,,,,,14.0,7.0,
2月21日,地区级,上海,长宁,,,,,,,13.0,10.0,
2月21日,地区级,上海,普陀,,1.0,,,,,11.0,7.0,
2月21日,地区级,上海,杨浦,,,,,,,9.0,4.0,
2月21日,地区级,上海,嘉定,,,,,,,9.0,3.0,
2月21日,地区级,上海,奉贤,,,,,,,9.0,3.0,
2月21日,地区级,上海,虹口,,1.0,,,,,7.0,5.0,
2月21日,地区级,上海,黄浦,,,,,,,6.0,3.0,
2月21日,地区级,上海,青浦,,,,,,,5.0,5.0,
2月21日,地区级,上海,金山,,,,,,,3.0,2.0,
2月21日,地区级,上海,崇明,,,,,,,4.0,2.0,
2月21日,地区级,上海,地区待确认,,,1.0,,,,,,
2月21日,省级,上海,,,12.0,1.0,,,,334.0,211.0,3.0
2月21日,地区级,山西,太原,,,,,,,20.0,12.0,
2月21日,地区级,山西,大同,,,,,,,12.0,6.0,
2月21日,地区级,山西,阳泉,,,,,,,4.0,2.0,
2月21日,地区级,山西,长治,,1.0,,,,,8.0,3.0,
2月21日,地区级,山西,晋城,,1.0,,,,,10.0,4.0,
2月21日,地区级,山西,朔州,,,,,,,8.0,3.0,
2月21日,地区级,山西,晋中,,,,,,,36.0,21.0,
2月21日,地区级,山西,运城,,,,,,,19.0,16.0,
2月21日,地区级,山西,忻州,,,,,,,7.0,4.0,
2月21日,地区级,山西,临汾,,,,,,,2.0,1.0,
2月21日,地区级,山西,吕梁,,,,,,,6.0,6.0,
2月21日,地区级,山西,地区待确认,,,,,,,,,
2月21日,省级,山西,,,2.0,,,,,132.0,78.0,
2月21日,地区级,四川,成都,,4.0,,,,,143.0,75.0,
2月21日,地区级,四川,自贡,,,,,,,9.0,7.0,
2月21日,地区级,四川,攀枝花,,2.0,,,,,16.0,13.0,
2月21日,地区级,四川,泸州,,,,,,,24.0,6.0,
2月21日,地区级,四川,德阳,,2.0,,,,,18.0,5.0,
2月21日,地区级,四川,绵阳,,2.0,,,,,22.0,12.0,
2月21日,地区级,四川,广元,,1.0,,,,,6.0,5.0,
2月21日,地区级,四川,遂宁,,,,,,,17.0,10.0,
2月21日,地区级,四川,内江,,,,,,,22.0,10.0,
2月21日,地区级,四川,乐山,,,,,,,3.0,2.0,
2月21日,地区级,四川,南充,,3.0,,,,,38.0,18.0,
2月21日,地区级,四川,宜宾,,,,,,,12.0,7.0,
2月21日,地区级,四川,广安,,,,,,,30.0,20.0,
2月21日,地区级,四川,达州,,2.0,,,,,41.0,13.0,
2月21日,地区级,四川,巴中,,,,,,,24.0,10.0,
2月21日,地区级,四川,雅安,,,,,,,7.0,4.0,
2月21日,地区级,四川,眉山,,3.0,,,,,8.0,6.0,
2月21日,地区级,四川,资阳,,,,,,,3.0,2.0,
2月21日,地区级,四川,阿坝,,,,,,,1.0,1.0,
2月21日,地区级,四川,甘孜,1.0,1.0,,,,,69.0,10.0,
2月21日,地区级,四川,凉山,,,,,,,13.0,6.0,
2月21日,地区级,四川,地区待确认,,,,,,,,,
2月21日,地区级,四川,地区待确认,,,,,,,,,
2月21日,地区级,四川,地区待确认,,,,,,,,,3.0
2月21日,省级,四川,,1.0,20.0,,,,,526.0,242.0,3.0
2月21日,地区级,台湾,台湾,2.0,,,,,,26.0,2.0,1.0
2月21日,省级,台湾,,2.0,,,,,,26.0,2.0,1.0
2月21日,地区级,天津,宝坻区,2.0,,,,,,58.0,17.0,2.0
2月21日,地区级,天津,河东区,,,,,,,15.0,8.0,1.0
2月21日,地区级,天津,河北区,,1.0,,,,,12.0,10.0,
2月21日,地区级,天津,和平区,,,,,,,6.0,4.0,
2月21日,地区级,天津,河西区,,,,,,,4.0,2.0,
2月21日,地区级,天津,宁河区,,,,,,,4.0,1.0,
2月21日,地区级,天津,东丽区,,,,,,,4.0,2.0,
2月21日,地区级,天津,西青区,,,,,,,4.0,4.0,
2月21日,地区级,天津,南开区,,,,,,,6.0,2.0,
2月21日,地区级,天津,滨海新区,,1.0,,,,,3.0,2.0,
2月21日,地区级,天津,红桥区,,,,,,,2.0,2.0,
2月21日,地区级,天津,津南区,,,,,,,1.0,1.0,
2月21日,地区级,天津,北辰区,,1.0,,,,,6.0,2.0,
2月21日,地区级,天津,武清区,,,,,,,2.0,1.0,
2月21日,地区级,天津,外地来津,,,,,,,6.0,4.0,
2月21日,省级,天津,,2.0,3.0,,,,,133.0,62.0,3.0
2月21日,地区级,香港,香港,,1.0,,,,,68.0,6.0,2.0
2月21日,省级,香港,,,1.0,,,,,68.0,6.0,2.0
2月21日,地区级,新疆,乌鲁木齐,,,,,,,23.0,,
2月21日,地区级,新疆,伊犁州,,,,,,,18.0,,
2月21日,地区级,新疆,昌吉州,,,,,,,4.0,,
2月21日,地区级,新疆,巴州,,2.0,,,,,3.0,,
2月21日,地区级,新疆,阿克苏,,,,,,,1.0,,
2月21日,地区级,新疆,吐鲁番,,,,,,,3.0,,
2月21日,地区级,新疆,兵团第四师,,,,,,,10.0,,
2月21日,地区级,新疆,兵团第六师,,,,,,,2.0,,
2月21日,地区级,新疆,兵团第七师,,,,,,,1.0,,
2月21日,地区级,新疆,兵团第八师,,,,,,,4.0,,
2月21日,地区级,新疆,兵团第九师,,,1.0,,,,4.0,,
2月21日,地区级,新疆,兵团第十二师,,,,,,,3.0,,
2月21日,省级,新疆,,0.0,2.0,1.0,0.0,,,76.0,24.0,2.0
2月21日,地区级,西藏,拉萨,,,,,,,1.0,1.0,
2月21日,省级,西藏,,,,,,,,1.0,1.0,
2月21日,地区级,云南,昆明,,8.0,,,,,53.0,32.0,
2月21日,地区级,云南,西双版纳州,,,,,,,15.0,4.0,1.0
2月21日,地区级,云南,玉溪,,,,,,,14.0,9.0,1.0
2月21日,地区级,云南,昭通,,1.0,,,,,25.0,6.0,
2月21日,地区级,云南,曲靖,,2.0,,,,,13.0,8.0,
2月21日,地区级,云南,大理,,,,,,,13.0,10.0,
2月21日,地区级,云南,保山,,1.0,,,,,9.0,4.0,
2月21日,地区级,云南,丽江,,,,,,,7.0,7.0,
2月21日,地区级,云南,红河,,1.0,,,,,9.0,4.0,
2月21日,地区级,云南,德宏州,,,,,,,5.0,2.0,
2月21日,地区级,云南,楚雄州,,2.0,,,,,4.0,4.0,
2月21日,地区级,云南,普洱,,1.0,,,,,4.0,4.0,
2月21日,地区级,云南,文山州,,1.0,,,,,2.0,1.0,
2月21日,地区级,云南,临沧,,,,,,,1.0,1.0,
2月21日,地区级,云南,地区待确认,,,,,,,,,
2月21日,省级,云南,,,17.0,,,,,174.0,96.0,2.0
2月21日,地区级,浙江,杭州,,10.0,,,,,169.0,121.0,
2月21日,地区级,浙江,宁波,,5.0,,,,,157.0,106.0,
2月21日,地区级,浙江,温州,,23.0,,,,,504.0,268.0,1.0
2月21日,地区级,浙江,湖州,,,,,,,10.0,5.0,
2月21日,地区级,浙江,嘉兴,,,,,,,45.0,18.0,
2月21日,地区级,浙江,绍兴,,1.0,,,,,42.0,26.0,
2月21日,地区级,浙江,金华,,1.0,,,,,55.0,37.0,
2月21日,地区级,浙江,衢州,,,,,,,14.0,10.0,
2月21日,地区级,浙江,舟山,,,,,,,10.0,5.0,
2月21日,地区级,浙江,台州,,7.0,,,,,146.0,84.0,
2月21日,地区级,浙江,丽水,,,,,,,17.0,14.0,
2月21日,地区级,浙江,省十里丰监狱,2.0,,,,,,36.0,,
2月21日,省级,浙江,,2.0,47.0,,,,,1205.0,694.0,1.0
2月22日,地区级,安徽,合肥,,4.0,,,,,174.0,,
2月22日,地区级,安徽,淮北,,,,,,,27.0,,
2月22日,地区级,安徽,亳州,,3.0,,,,,108.0,,
2月22日,地区级,安徽,宿州,,3.0,,,,,41.0,,
2月22日,地区级,安徽,蚌埠,,20.0,,,,,160.0,,
2月22日,地区级,安徽,阜阳,,9.0,,,,,155.0,,
2月22日,地区级,安徽,滁州,,,,,,,13.0,,
2月22日,地区级,安徽,六安,,4.0,,,,,69.0,,
2月22日,地区级,安徽,铜陵,,1.0,,,,,29.0,,
2月22日,地区级,安徽,马鞍山,,2.0,,,,,38.0,,
2月22日,地区级,安徽,池州,,,,,,,17.0,,
2月22日,地区级,安徽,安庆,,6.0,,,,,83.0,,
2月22日,地区级,安徽,淮南,,1.0,,,,,27.0,,
2月22日,地区级,安徽,芜湖,,,,,,,33.0,,
2月22日,地区级,安徽,宣城,,,,,,,6.0,,
2月22日,地区级,安徽,黄山,,,,,,,9.0,,
2月22日,省级,安徽,,,53.0,,,,,989.0,620.0,6.0
2月22日,地区级,澳门,澳门,,,,,,,10.0,6.0,
2月22日,省级,澳门,,,,,,,,10.0,6.0,
2月22日,地区级,北京,东城,,,,,,,12.0,,
2月22日,地区级,北京,西城,,,,,,,53.0,,
2月22日,地区级,北京,朝阳,,,,,,,60.0,,
2月22日,地区级,北京,丰台,,,,,,,41.0,,
2月22日,地区级,北京,石景山,,,,,,,14.0,,
2月22日,地区级,北京,海淀,,,,,,,62.0,,
2月22日,地区级,北京,门头沟,,,,,,,3.0,,
2月22日,地区级,北京,房山,,,,,,,16.0,,
2月22日,地区级,北京,通州,,,,,,,19.0,,
2月22日,地区级,北京,顺义,,,,,,,10.0,,
2月22日,地区级,北京,昌平,,,,,,,29.0,,
2月22日,地区级,北京,大兴,,,,,,,39.0,,
2月22日,地区级,北京,怀柔,,,,,,,7.0,,
2月22日,地区级,北京,平谷,,,,,,,,,
2月22日,地区级,北京,密云,,,,,,,7.0,,
2月22日,地区级,北京,延庆,,,,,,,1.0,,
2月22日,地区级,北京,外地来京,,,,,,,26.0,,
2月22日,地区级,北京,地区待确认,,11.0,,,,,,189.0,4.0
2月22日,省级,北京,,,11.0,,,,,399.0,189.0,4.0
2月22日,地区级,重庆,万州区,,1.0,,,,,118.0,66.0,4.0
2月22日,地区级,重庆,黔江区,,,,,,,2.0,2.0,
2月22日,地区级,重庆,涪陵区,,,,,,,5.0,2.0,
2月22日,地区级,重庆,渝中区,,1.0,,,,,20.0,15.0,
2月22日,地区级,重庆,大渡口区,,1.0,,,,,7.0,6.0,
2月22日,地区级,重庆,江北区,,,,,,,28.0,10.0,
2月22日,地区级,重庆,沙坪坝区,,,,,,,8.0,1.0,
2月22日,地区级,重庆,九龙坡区,,,,,,,20.0,11.0,1.0
2月22日,地区级,重庆,南岸区,,,,,,,15.0,5.0,
2月22日,地区级,重庆,北碚区,,,,,,,,,
2月22日,地区级,重庆,渝北区,,,,,,,17.0,10.0,
2月22日,地区级,重庆,巴南区,,1.0,,,,,6.0,3.0,
2月22日,地区级,重庆,长寿区,,,,,,,21.0,11.0,
2月22日,地区级,重庆,江津区,,,,,,,4.0,3.0,
2月22日,地区级,重庆,合川区,,3.0,,,,,23.0,13.0,
2月22日,地区级,重庆,永川区,,,,,,,5.0,4.0,
2月22日,地区级,重庆,南川区,,,,,,,,,
2月22日,地区级,重庆,綦江区,,,,,,,23.0,12.0,
2月22日,地区级,重庆,大足区,,,,,,,14.0,9.0,
2月22日,地区级,重庆,璧山区,,,,,,,9.0,7.0,
2月22日,地区级,重庆,铜梁区,,,,,,,10.0,4.0,
2月22日,地区级,重庆,潼南区,,1.0,,,,,18.0,6.0,
2月22日,地区级,重庆,荣昌区,,,,,,,9.0,5.0,
2月22日,地区级,重庆,开州区,,,,,,,21.0,16.0,1.0
2月22日,地区级,重庆,梁平区,,,,,,,4.0,4.0,
2月22日,地区级,重庆,武隆区,,,,,,,1.0,1.0,
2月22日,地区级,重庆,城口县,,,,,,,2.0,2.0,
2月22日,地区级,重庆,丰都县,,,,,,,10.0,4.0,
2月22日,地区级,重庆,垫江县,,1.0,,,,,20.0,10.0,
2月22日,地区级,重庆,忠县,1.0,,,,,,21.0,18.0,
2月22日,地区级,重庆,云阳县,,,,,,,25.0,19.0,
2月22日,地区级,重庆,奉节县,,,,,,,22.0,10.0,
2月22日,地区级,重庆,巫山县,,,,,,,10.0,6.0,
2月22日,地区级,重庆,巫溪县,,,,,,,14.0,9.0,
2月22日,地区级,重庆,石柱县,,,,,,,15.0,11.0,
2月22日,地区级,重庆,秀山县,,,,,,,1.0,1.0,
2月22日,地区级,重庆,酉阳县,,,,,,,1.0,,
2月22日,地区级,重庆,彭水县,,,,,,,2.0,,
2月22日,地区级,重庆,两江新区,,3.0,,,,,17.0,10.0,
2月22日,地区级,重庆,高新区,,,,,,,4.0,2.0,
2月22日,地区级,重庆,万盛经开区,,,,,,,1.0,,
2月22日,省级,重庆,,1.0,12.0,,,,,573.0,328.0,6.0
2月22日,地区级,福建,地区待确认,,,,,,,,,
2月22日,地区级,福建,厦门,,2.0,,,,,35.0,19.0,
2月22日,地区级,福建,漳州,,,,,,,20.0,14.0,
2月22日,地区级,福建,泉州,,2.0,,,,,46.0,19.0,
2月22日,地区级,福建,南平,,2.0,,,,,20.0,10.0,
2月22日,地区级,福建,福州,,3.0,,,,,71.0,50.0,1.0
2月22日,地区级,福建,莆田,,2.0,,,,,55.0,24.0,
2月22日,地区级,福建,宁德,,3.0,,,,,26.0,20.0,
2月22日,地区级,福建,三明,,,,,,,14.0,5.0,
2月22日,地区级,福建,龙岩,,1.0,,,,,6.0,4.0,
2月22日,省级,福建,,,15.0,,,,,293.0,165.0,1.0
2月22日,地区级,甘肃,兰州,,,,,,,36.0,29.0,2.0
2月22日,地区级,甘肃,嘉峪关,,,,,,,,,
2月22日,地区级,甘肃,金昌,,,,,,,1.0,1.0,
2月22日,地区级,甘肃,白银,,,,,,,4.0,3.0,
2月22日,地区级,甘肃,天水,,,,,,,12.0,12.0,
2月22日,地区级,甘肃,武威,,,,,,,,,
2月22日,地区级,甘肃,张掖,,,,,,,2.0,2.0,
2月22日,地区级,甘肃,平凉,,,,,,,9.0,6.0,
2月22日,地区级,甘肃,酒泉,,,,,,,,,
2月22日,地区级,甘肃,庆阳,,,,,,,3.0,2.0,
2月22日,地区级,甘肃,定西,,,,,,,9.0,8.0,
2月22日,地区级,甘肃,陇南,,,,,,,4.0,4.0,
2月22日,地区级,甘肃,临夏,,,,,,,3.0,3.0,
2月22日,地区级,甘肃,甘南州,,,,,,,8.0,6.0,
2月22日,省级,甘肃,,,,,,,,91.0,76.0,2.0
2月22日,地区级,广东,深圳,,4.0,1.0,,,,417.0,226.0,3.0
2月22日,地区级,广东,广州,2.0,6.0,,,,,345.0,196.0,
2月22日,地区级,广东,珠海,,,,,,,98.0,52.0,1.0
2月22日,地区级,广东,佛山,,,,,,,84.0,34.0,
2月22日,地区级,广东,东莞,1.0,,,,,,94.0,27.0,1.0
2月22日,地区级,广东,中山,,,,,,,66.0,46.0,
2月22日,地区级,广东,惠州,,3.0,,,,,62.0,46.0,
2月22日,地区级,广东,汕头,,1.0,,,,,25.0,21.0,
2月22日,地区级,广东,江门,,,,,,,23.0,9.0,
2月22日,地区级,广东,湛江,,,,,,,22.0,12.0,
2月22日,地区级,广东,肇庆,,2.0,,,,,19.0,10.0,1.0
2月22日,地区级,广东,梅州,,,,,,,16.0,11.0,
2月22日,地区级,广东,阳江,,,,,,,13.0,10.0,
2月22日,地区级,广东,茂名,,,,,,,14.0,6.0,
2月22日,地区级,广东,清远,,1.0,,,,,12.0,10.0,
2月22日,地区级,广东,韶关,,,,,,,10.0,6.0,
2月22日,地区级,广东,揭阳,,,,,,,8.0,4.0,
2月22日,地区级,广东,汕尾,,,,,,,5.0,2.0,
2月22日,地区级,广东,潮州,,,,,,,5.0,4.0,
2月22日,地区级,广东,河源,,,,,,,4.0,1.0,
2月22日,地区级,广东,地区待确认,,3.0,,,,,,7.0,
2月22日,省级,广东,,3.0,20.0,1.0,,,,1342.0,740.0,6.0
2月22日,地区级,广西,南宁,,3.0,,,,,55.0,,
2月22日,地区级,广西,柳州,,,,,,,24.0,,
2月22日,地区级,广西,桂林,,,,,,,32.0,,
2月22日,地区级,广西,梧州,,,,,,,5.0,,
2月22日,地区级,广西,北海,,,,,,,44.0,,1.0
2月22日,地区级,广西,防城港,,,,,,,19.0,,
2月22日,地区级,广西,钦州,,,,,,,8.0,,
2月22日,地区级,广西,贵港,,,,,,,8.0,,
2月22日,地区级,广西,玉林,,2.0,,,,,11.0,,
2月22日,地区级,广西,百色,,,,,,,3.0,,
2月22日,地区级,广西,贺州,,,,,,,4.0,,
2月22日,地区级,广西,河池,,,,,,,25.0,,1.0
2月22日,地区级,广西,来宾,,,,,,,11.0,,
2月22日,地区级,广西,地区待确认,,,,,,,,,
2月22日,省级,广西,,,5.0,,,,,249.0,104.0,2.0
2月22日,地区级,贵州,贵阳,,,,,,,36.0,18.0,1.0
2月22日,地区级,贵州,六盘水,,1.0,,,,,10.0,7.0,1.0
2月22日,地区级,贵州,铜仁,,,,,,,10.0,10.0,
2月22日,地区级,贵州,黔东南州,,,,,,,10.0,8.0,
2月22日,地区级,贵州,遵义,,,,,,,32.0,18.0,
2月22日,地区级,贵州,安顺,,,,,,,4.0,1.0,
2月22日,地区级,贵州,黔南州,,,,,,,17.0,12.0,
2月22日,地区级,贵州,毕节,,,,,,,23.0,13.0,
2月22日,地区级,贵州,黔西南州,,,,,,,4.0,4.0,
2月22日,省级,贵州,,,1.0,,,,,146.0,91.0,2.0
2月22日,地区级,海南,海口,,1.0,,,,,39.0,20.0,
2月22日,地区级,海南,三亚,,3.0,,,,,54.0,33.0,1.0
2月22日,地区级,海南,三沙,,,,,,,,,
2月22日,地区级,海南,儋州,,1.0,,,,,15.0,12.0,
2月22日,地区级,海南,五指山,,,,,,,,,
2月22日,地区级,海南,琼海,,,,,,,6.0,4.0,1.0
2月22日,地区级,海南,文昌,,,,,,,3.0,3.0,
2月22日,地区级,海南,万宁,,,,,,,13.0,9.0,
2月22日,地区级,海南,东方,,,,,,,3.0,2.0,
2月22日,地区级,海南,定安县,,,,,,,3.0,2.0,1.0
2月22日,地区级,海南,屯昌县,,,,,,,,,
2月22日,地区级,海南,澄迈县,,,,,,,9.0,5.0,1.0
2月22日,地区级,海南,临高县,,,,,,,6.0,4.0,
2月22日,地区级,海南,白沙县,,,,,,,,,
2月22日,地区级,海南,昌江县,,1.0,,,,,7.0,3.0,
2月22日,地区级,海南,乐东,,,,,,,2.0,2.0,
2月22日,地区级,海南,陵水县,,2.0,,,,,4.0,3.0,
2月22日,地区级,海南,保亭,,,,,,,3.0,1.0,
2月22日,地区级,海南,琼中县,,,,,,,1.0,1.0,
2月22日,地区级,海南,地区待确认,,,,,,,,,
2月22日,省级,海南,,,8.0,,,,,168.0,104.0,4.0
2月22日,地区级,河北,沧州,,4.0,,,,,48.0,26.0,3.0
2月22日,地区级,河北,唐山,1.0,1.0,,,,,58.0,20.0,1.0
2月22日,地区级,河北,张家口,,1.0,,,,,34.0,26.0,
2月22日,地区级,河北,保定,,,,,,,32.0,29.0,
2月22日,地区级,河北,邯郸,1.0,3.0,,,,,32.0,22.0,
2月22日,地区级,河北,廊坊,,3.0,,,,,30.0,25.0,
2月22日,地区级,河北,石家庄,,4.0,,,,,29.0,19.0,
2月22日,地区级,河北,邢台,,3.0,,,,,23.0,18.0,1.0
2月22日,地区级,河北,秦皇岛,,,,,,,10.0,6.0,1.0
2月22日,地区级,河北,衡水,,1.0,,,,,8.0,7.0,
2月22日,地区级,河北,承德,,,,,,,7.0,6.0,
2月22日,地区级,河北,地区待确认,,,,,,,,,
2月22日,省级,河北,,2.0,20.0,,,,,311.0,204.0,6.0
2月22日,地区级,黑龙江,哈尔滨,1.0,2.0,,,,,198.0,77.0,3.0
2月22日,地区级,黑龙江,齐齐哈尔,,1.0,,,,,43.0,23.0,1.0
2月22日,地区级,黑龙江,鸡西,,9.0,,,,,46.0,14.0,
2月22日,地区级,黑龙江,鹤岗,,2.0,,,,,5.0,4.0,
2月22日,地区级,黑龙江,双鸭山,,3.0,,,,,52.0,19.0,3.0
2月22日,地区级,黑龙江,大庆,,,,,,,26.0,8.0,1.0
2月22日,地区级,黑龙江,伊春,,,,,,,1.0,,
2月22日,地区级,黑龙江,佳木斯,,,,,,,15.0,15.0,
2月22日,地区级,黑龙江,七台河,,3.0,,,,,17.0,9.0,
2月22日,地区级,黑龙江,牡丹江,,4.0,,,,,14.0,6.0,
2月22日,地区级,黑龙江,黑河,,5.0,,,,,14.0,9.0,
2月22日,地区级,黑龙江,绥化,,3.0,,,,,47.0,29.0,4.0
2月22日,地区级,黑龙江,大兴安岭,,,,,,,2.0,2.0,
2月22日,省级,黑龙江,,1.0,32.0,,,,,480.0,215.0,12.0
2月22日,地区级,河南,信阳,1.0,,,,,,274.0,,
2月22日,地区级,河南,南阳,,,,,,,155.0,,
2月22日,地区级,河南,郑州,,,,,,,157.0,,
2月22日,地区级,河南,驻马店,,,,,,,139.0,,
2月22日,地区级,河南,商丘,,,,,,,91.0,,
2月22日,地区级,河南,周口,,,,,,,76.0,,
2月22日,地区级,河南,平顶山,,,,,,,58.0,,
2月22日,地区级,河南,新乡,,,,,,,57.0,,
2月22日,地区级,河南,安阳,,3.0,,,,,53.0,3.0,
2月22日,地区级,河南,许昌,,,,,,,39.0,,
2月22日,地区级,河南,漯河,,,,,,,35.0,,
2月22日,地区级,河南,洛阳,,,,,,,31.0,,
2月22日,地区级,河南,焦作,,,,,,,32.0,,
2月22日,地区级,河南,开封,,,,,,,26.0,,
2月22日,地区级,河南,鹤壁,,,,,,,19.0,,
2月22日,地区级,河南,濮阳,,,,,,,17.0,,
2月22日,地区级,河南,三门峡,,,,,,,7.0,,
2月22日,地区级,河南,济源示范区,,,,,,,5.0,,
2月22日,地区级,河南,地区待确认,,56.0,,,,,,858.0,19.0
2月22日,省级,河南,,1.0,59.0,,,,,1271.0,861.0,19.0
2月22日,地区级,湖北,武汉,541.0,965.0,82.0,32.0,,,46454.0,8171.0,1856.0
2月22日,地区级,湖北,孝感,14.0,161.0,4.0,,,,3443.0,1078.0,102.0
2月22日,地区级,湖北,黄冈,5.0,132.0,3.0,,,,2904.0,1540.0,98.0
2月22日,地区级,湖北,随州,4.0,55.0,1.0,,,,1300.0,498.0,30.0
2月22日,地区级,湖北,荆州,8.0,69.0,1.0,,,,1574.0,681.0,41.0
2月22日,地区级,湖北,襄阳,,61.0,2.0,,,,1173.0,463.0,28.0
2月22日,地区级,湖北,黄石,4.0,51.0,1.0,,,,1001.0,442.0,29.0
2月22日,地区级,湖北,宜昌,3.0,16.0,,,,,917.0,289.0,29.0
2月22日,地区级,湖北,荆门,4.0,65.0,,,,,918.0,361.0,37.0
2月22日,地区级,湖北,鄂州,4.0,31.0,1.0,,,,1379.0,417.0,40.0
2月22日,地区级,湖北,咸宁,,40.0,,,,,836.0,398.0,11.0
2月22日,地区级,湖北,十堰,8.0,28.0,,,,,667.0,267.0,2.0
2月22日,地区级,湖北,仙桃,,17.0,,,,,571.0,248.0,19.0
2月22日,地区级,湖北,天门,1.0,34.0,1.0,,,,494.0,232.0,13.0
2月22日,地区级,湖北,恩施州,,6.0,,,,,251.0,123.0,3.0
2月22日,地区级,湖北,潜江,2.0,11.0,,,,,191.0,78.0,8.0
2月22日,地区级,湖北,神农架,,,,,,,11.0,10.0,
2月22日,地区级,湖北,监狱系统,32.0,,,-32.0,,,0.0,3.0,
2月22日,地区级,湖北,地区待确认,,,,,,,,,
2月22日,省级,湖北,,630.0,1742.0,96.0,0.0,,,64084.0,15299.0,2346.0
2月22日,地区级,湖南,长沙,,11.0,,,,,242.0,141.0,2.0
2月22日,地区级,湖南,株洲,1.0,,,,,,80.0,47.0,
2月22日,地区级,湖南,湘潭,,2.0,,,,,36.0,21.0,
2月22日,地区级,湖南,衡阳,,,,,,,48.0,37.0,
2月22日,地区级,湖南,邵阳,,6.0,,,,,102.0,86.0,1.0
2月22日,地区级,湖南,岳阳,,10.0,,,,,156.0,87.0,1.0
2月22日,地区级,湖南,常德,2.0,2.0,,,,,82.0,60.0,
2月22日,地区级,湖南,张家界,,,,,,,5.0,5.0,
2月22日,地区级,湖南,益阳,,1.0,,,,,59.0,52.0,
2月22日,地区级,湖南,郴州,,1.0,,,,,39.0,31.0,
2月22日,地区级,湖南,永州,,2.0,,,,,43.0,37.0,
2月22日,地区级,湖南,怀化,,,,,,,40.0,38.0,
2月22日,地区级,湖南,娄底,,,,,,,76.0,54.0,
2月22日,地区级,湖南,湘西自治州,,,,,,,8.0,8.0,
2月22日,省级,湖南,,3.0,35.0,,,-1.0,,1016.0,704.0,4.0
2月22日,地区级,江苏,南京,,,,,,,93.0,52.0,
2月22日,地区级,江苏,无锡,,2.0,,,,,55.0,39.0,
2月22日,地区级,江苏,徐州,,5.0,,,,,79.0,63.0,
2月22日,地区级,江苏,常州,,,,,,,51.0,36.0,
2月22日,地区级,江苏,苏州,,7.0,,,,,87.0,49.0,
2月22日,地区级,江苏,南通,,4.0,,,,,40.0,32.0,
2月22日,地区级,江苏,连云港,,,,,,,48.0,22.0,
2月22日,地区级,江苏,淮安,,3.0,,,,,66.0,38.0,
2月22日,地区级,江苏,盐城,,,,,,,27.0,20.0,
2月22日,地区级,江苏,扬州,,2.0,,,,,23.0,17.0,
2月22日,地区级,江苏,镇江,,1.0,,,,,12.0,10.0,
2月22日,地区级,江苏,泰州,,,,,,,37.0,25.0,
2月22日,地区级,江苏,宿迁,,,,,,,13.0,8.0,
2月22日,地区级,江苏,地区待确认,,,,,,,,,
2月22日,省级,江苏,,,24.0,,,,,631.0,411.0,
2月22日,地区级,江西,南昌,,16.0,,,,,229.0,178.0,
2月22日,地区级,江西,景德镇,,,,,,,6.0,3.0,
2月22日,地区级,江西,萍乡,,2.0,,,,,33.0,13.0,
2月22日,地区级,江西,九江,,4.0,,,,,118.0,51.0,
2月22日,地区级,江西,新余,,8.0,,,,,130.0,95.0,
2月22日,地区级,江西,鹰潭,,2.0,,,,,18.0,6.0,
2月22日,地区级,江西,赣州,,7.0,,,,,76.0,47.0,1.0
2月22日,地区级,江西,吉安,,,,,,,22.0,11.0,
2月22日,地区级,江西,宜春,,14.0,,,,,106.0,72.0,
2月22日,地区级,江西,抚州,,1.0,,,,,72.0,47.0,
2月22日,地区级,江西,上饶,,13.0,,,,,123.0,88.0,
2月22日,地区级,江西,赣江新区,,,,,,,1.0,,
2月22日,省级,江西,,,67.0,,,,,934.0,611.0,1.0
2月22日,地区级,吉林,长春,,4.0,,,,,45.0,26.0,
2月22日,地区级,吉林,吉林,,1.0,,,,,5.0,5.0,
2月22日,地区级,吉林,四平,,1.0,,,,,21.0,12.0,1.0
2月22日,地区级,吉林,辽源,,,,,,,7.0,1.0,
2月22日,地区级,吉林,通化,,,,,,,5.0,2.0,
2月22日,地区级,吉林,白山,,,,,,,,,
2月22日,地区级,吉林,松原,,,,,,,2.0,2.0,
2月22日,地区级,吉林,白城,,,,,,,1.0,,
2月22日,地区级,吉林,延边,,,,,,,5.0,4.0,
2月22日,省级,吉林,,,6.0,,,,,91.0,52.0,1.0
2月22日,地区级,辽宁,沈阳,,1.0,,,,,28.0,16.0,
2月22日,地区级,辽宁,大连,,,,,,,19.0,9.0,
2月22日,地区级,辽宁,鞍山,,,,,,,4.0,,
2月22日,地区级,辽宁,抚顺,,,,,,,,,
2月22日,地区级,辽宁,本溪,,,,,,,3.0,3.0,
2月22日,地区级,辽宁,丹东,,,,,,,7.0,6.0,
2月22日,地区级,辽宁,锦州,,1.0,,,,,12.0,9.0,
2月22日,地区级,辽宁,营口,,,,,,,1.0,1.0,
2月22日,地区级,辽宁,阜新,,,,,,,8.0,6.0,
2月22日,地区级,辽宁,辽阳,,,,,,,3.0,3.0,
2月22日,地区级,辽宁,盘锦,,,,,,,11.0,5.0,
2月22日,地区级,辽宁,铁岭,,,,,,,7.0,2.0,
2月22日,地区级,辽宁,朝阳市,,,,,,,6.0,3.0,
2月22日,地区级,辽宁,葫芦岛,,,,,,,12.0,5.0,1.0
2月22日,省级,辽宁,,,2.0,,,,,121.0,68.0,1.0
2月22日,地区级,内蒙古,通辽,,,,,,,7.0,1.0,
2月22日,地区级,内蒙古,鄂尔多斯,,,,,,,11.0,7.0,
2月22日,地区级,内蒙古,包头,,2.0,,,,,11.0,4.0,
2月22日,地区级,内蒙古,赤峰,,,,,,,9.0,3.0,
2月22日,地区级,内蒙古,巴彦淖尔,,,,,,,8.0,3.0,
2月22日,地区级,内蒙古,锡林郭勒,,,,,,,9.0,1.0,
2月22日,地区级,内蒙古,呼和浩特,,,,,,,7.0,2.0,
2月22日,地区级,内蒙古,呼伦贝尔,,2.0,,,,,7.0,4.0,
2月22日,地区级,内蒙古,乌兰察布,,,,,,,3.0,1.0,
2月22日,地区级,内蒙古,兴安盟,,,,,,,1.0,,
2月22日,地区级,内蒙古,乌海,,,,,,,2.0,,
2月22日,省级,内蒙古,,,4.0,,,,,75.0,26.0,
2月22日,地区级,宁夏,银川,,,,,,,33.0,28.0,
2月22日,地区级,宁夏,吴忠,,,,,,,28.0,12.0,
2月22日,地区级,宁夏,固原,,,,,,,5.0,3.0,
2月22日,地区级,宁夏,中卫,,,,,,,3.0,3.0,
2月22日,地区级,宁夏,宁东,,,,,,,1.0,1.0,
2月22日,地区级,宁夏,石嘴山,,,,,,,1.0,1.0,
2月22日,地区级,宁夏,地区待确认,,,,,,,,,
2月22日,省级,宁夏,,,,,,,,71.0,48.0,
2月22日,地区级,青海,西宁,,,,,,,15.0,15.0,
2月22日,地区级,青海,海东,,,,,,,,,
2月22日,地区级,青海,海北州,,,,,,,3.0,3.0,
2月22日,地区级,青海,黄南州,,,,,,,,,
2月22日,地区级,青海,海南州,,,,,,,,,
2月22日,地区级,青海,果洛州,,,,,,,,,
2月22日,地区级,青海,玉树州,,,,,,,,,
2月22日,地区级,青海,海西州,,,,,,,,,
2月22日,地区级,青海,地区待确认,,,,,,,,,
2月22日,省级,青海,,,,,,,,18.0,18.0,
2月22日,国家级,,,648.0,2230.0,97.0,,,,76936.0,22888.0,2442.0
2月22日,地区级,陕西,西安,,6.0,,,,,120.0,65.0,1.0
2月22日,地区级,陕西,宝鸡,,,,,,,13.0,11.0,
2月22日,地区级,陕西,咸阳,,,,,,,18.0,14.0,
2月22日,地区级,陕西,铜川,,,,,,,8.0,8.0,
2月22日,地区级,陕西,渭南,,2.0,,,,,16.0,6.0,
2月22日,地区级,陕西,延安,,2.0,,,,,8.0,8.0,
2月22日,地区级,陕西,榆林,,,,,,,3.0,3.0,
2月22日,地区级,陕西,汉中,,,,,,,26.0,10.0,
2月22日,地区级,陕西,安康,,,,,,,26.0,15.0,
2月22日,地区级,陕西,商洛,,,,,,,7.0,4.0,
2月22日,地区级,陕西,地区待确认,,3.0,,,,,,9.0,
2月22日,省级,陕西,,,13.0,,,,,245.0,153.0,1.0
2月22日,地区级,山东,济南,,2.0,,,,,47.0,24.0,
2月22日,地区级,山东,青岛,,,,,,,59.0,34.0,1.0
2月22日,地区级,山东,淄博,,4.0,,,,,30.0,14.0,
2月22日,地区级,山东,枣庄,,1.0,,,,,24.0,15.0,
2月22日,地区级,山东,东营,,,,,,,,,
2月22日,地区级,山东,烟台,,1.0,,,,,47.0,19.0,
2月22日,地区级,山东,潍坊,,1.0,,,,,44.0,18.0,
2月22日,地区级,山东,济宁,4.0,2.0,,,,,57.0,31.0,
2月22日,地区级,山东,泰安,,3.0,,,,,35.0,21.0,1.0
2月22日,地区级,山东,威海,,1.0,,,,,38.0,21.0,
2月22日,地区级,山东,日照,,1.0,,,,,16.0,10.0,
2月22日,地区级,山东,临沂,,,,,,,49.0,44.0,
2月22日,地区级,山东,德州,,1.0,,,,,37.0,12.0,2.0
2月22日,地区级,山东,聊城,,,,,,,38.0,22.0,
2月22日,地区级,山东,滨州,,,,,,,15.0,11.0,
2月22日,地区级,山东,菏泽,,1.0,,,,,18.0,15.0,
2月22日,地区级,山东,任城监狱,,,,,,,200.0,,
2月22日,省级,山东,,4.0,18.0,,,,,754.0,311.0,4.0
2月22日,地区级,上海,外地来沪,1.0,4.0,,,,,111.0,77.0,
2月22日,地区级,上海,徐汇,,3.0,,,,,18.0,13.0,
2月22日,地区级,上海,浦东,,1.0,,,,,60.0,43.0,
2月22日,地区级,上海,宝山,,,,,,,21.0,10.0,
2月22日,地区级,上海,闵行,,,,,,,19.0,15.0,
2月22日,地区级,上海,静安,,1.0,,,,,16.0,11.0,
2月22日,地区级,上海,松江,,2.0,,,,,14.0,9.0,
2月22日,地区级,上海,长宁,,1.0,,,,,13.0,11.0,
2月22日,地区级,上海,普陀,,1.0,,,,,11.0,8.0,
2月22日,地区级,上海,杨浦,,1.0,,,,,9.0,5.0,
2月22日,地区级,上海,嘉定,,,,,,,9.0,3.0,
2月22日,地区级,上海,奉贤,,2.0,,,,,9.0,5.0,
2月22日,地区级,上海,虹口,,,,,,,7.0,5.0,
2月22日,地区级,上海,黄浦,,,,,,,6.0,3.0,
2月22日,地区级,上海,青浦,,,,,,,5.0,5.0,
2月22日,地区级,上海,金山,,,,,,,3.0,2.0,
2月22日,地区级,上海,崇明,,,,,,,4.0,2.0,
2月22日,地区级,上海,地区待确认,,,,,,,,,
2月22日,省级,上海,,1.0,16.0,,,,,335.0,227.0,3.0
2月22日,地区级,山西,太原,,,,,,,20.0,12.0,
2月22日,地区级,山西,大同,,,,,,,12.0,6.0,
2月22日,地区级,山西,阳泉,,1.0,,,,,4.0,3.0,
2月22日,地区级,山西,长治,,,,,,,8.0,3.0,
2月22日,地区级,山西,晋城,,1.0,,,,,10.0,5.0,
2月22日,地区级,山西,朔州,,,,,,,8.0,3.0,
2月22日,地区级,山西,晋中,,1.0,,,,,36.0,22.0,
2月22日,地区级,山西,运城,,,,,,,19.0,16.0,
2月22日,地区级,山西,忻州,,,,,,,7.0,4.0,
2月22日,地区级,山西,临汾,,,,,,,2.0,1.0,
2月22日,地区级,山西,吕梁,,,,,,,6.0,6.0,
2月22日,地区级,山西,地区待确认,,,,,,,,,
2月22日,省级,山西,,,3.0,,,,,132.0,81.0,
2月22日,地区级,四川,成都,,3.0,,,,,143.0,78.0,
2月22日,地区级,四川,自贡,,,,,,,9.0,7.0,
2月22日,地区级,四川,攀枝花,,3.0,,,,,16.0,16.0,
2月22日,地区级,四川,泸州,,,,,,,24.0,6.0,
2月22日,地区级,四川,德阳,,1.0,,,,,18.0,6.0,
2月22日,地区级,四川,绵阳,,,,,,,22.0,12.0,
2月22日,地区级,四川,广元,,,,,,,6.0,5.0,
2月22日,地区级,四川,遂宁,,,,,,,17.0,10.0,
2月22日,地区级,四川,内江,,,,,,,22.0,10.0,
2月22日,地区级,四川,乐山,,,,,,,3.0,2.0,
2月22日,地区级,四川,南充,,2.0,,,,,38.0,20.0,
2月22日,地区级,四川,宜宾,,1.0,,,,,12.0,8.0,
2月22日,地区级,四川,广安,,,,,,,30.0,20.0,
2月22日,地区级,四川,达州,,,,,,,41.0,13.0,
2月22日,地区级,四川,巴中,,,,,,,24.0,10.0,
2月22日,地区级,四川,雅安,,,,,,,7.0,4.0,
2月22日,地区级,四川,眉山,,,,,,,8.0,6.0,
2月22日,地区级,四川,资阳,,,,,,,3.0,2.0,
2月22日,地区级,四川,阿坝,,,,,,,1.0,1.0,
2月22日,地区级,四川,甘孜,,2.0,,,,,69.0,12.0,
2月22日,地区级,四川,凉山,,2.0,,,,,13.0,8.0,
2月22日,地区级,四川,地区待确认,,,,,,,,,
2月22日,地区级,四川,地区待确认,,,,,,,,,
2月22日,地区级,四川,地区待确认,,,,,,,,,3.0
2月22日,省级,四川,,,14.0,,,,,526.0,256.0,3.0
2月22日,地区级,台湾,台湾,,,,,,,26.0,2.0,1.0
2月22日,省级,台湾,,,,,,,,26.0,2.0,1.0
2月22日,地区级,天津,宝坻区,2.0,2.0,,,,,60.0,19.0,2.0
2月22日,地区级,天津,河东区,,,,,,,15.0,8.0,1.0
2月22日,地区级,天津,河北区,,,,,,,12.0,10.0,
2月22日,地区级,天津,和平区,,,,,,,6.0,4.0,
2月22日,地区级,天津,河西区,,1.0,,,,,4.0,3.0,
2月22日,地区级,天津,宁河区,,,,,,,4.0,1.0,
2月22日,地区级,天津,东丽区,,,,,,,4.0,2.0,
2月22日,地区级,天津,西青区,,,,,,,4.0,4.0,
2月22日,地区级,天津,南开区,,,,,,,6.0,2.0,
2月22日,地区级,天津,滨海新区,,,,,,,3.0,2.0,
2月22日,地区级,天津,红桥区,,,,,,,2.0,2.0,
2月22日,地区级,天津,津南区,,,,,,,1.0,1.0,
2月22日,地区级,天津,北辰区,,,,,,,6.0,2.0,
2月22日,地区级,天津,武清区,,,,,,,2.0,1.0,
2月22日,地区级,天津,外地来津,,,,,,,6.0,4.0,
2月22日,省级,天津,,2.0,3.0,,,,,135.0,65.0,3.0
2月22日,地区级,香港,香港,1.0,5.0,,,,,69.0,11.0,2.0
2月22日,省级,香港,,1.0,5.0,,,,,69.0,11.0,2.0
2月22日,地区级,新疆,乌鲁木齐,,,,,,,23.0,,
2月22日,地区级,新疆,伊犁州,,,,,,,18.0,,
2月22日,地区级,新疆,昌吉州,,1.0,,,,,4.0,,
2月22日,地区级,新疆,巴州,,,,,,,3.0,,
2月22日,地区级,新疆,阿克苏,,,,,,,1.0,,
2月22日,地区级,新疆,吐鲁番,,,,,,,3.0,,
2月22日,地区级,新疆,兵团第四师,,,,,,,10.0,,
2月22日,地区级,新疆,兵团第六师,,,,,,,2.0,,
2月22日,地区级,新疆,兵团第七师,,,,,,,1.0,,
2月22日,地区级,新疆,兵团第八师,,,,,,,4.0,,
2月22日,地区级,新疆,兵团第九师,,,,,,,4.0,,
2月22日,地区级,新疆,兵团第十二师,,,,,,,3.0,,
2月22日,省级,新疆,,0.0,1.0,0.0,0.0,,,76.0,25.0,2.0
2月22日,地区级,西藏,拉萨,,,,,,,1.0,1.0,
2月22日,省级,西藏,,,,,,,,1.0,1.0,
2月22日,地区级,云南,昆明,,,,,,,53.0,32.0,
2月22日,地区级,云南,西双版纳州,,5.0,,,,,15.0,9.0,1.0
2月22日,地区级,云南,玉溪,,,,,,,14.0,9.0,1.0
2月22日,地区级,云南,昭通,,4.0,,,,,25.0,10.0,
2月22日,地区级,云南,曲靖,,,,,,,13.0,8.0,
2月22日,地区级,云南,大理,,1.0,,,,,13.0,11.0,
2月22日,地区级,云南,保山,,1.0,,,,,9.0,5.0,
2月22日,地区级,云南,丽江,,,,,,,7.0,7.0,
2月22日,地区级,云南,红河,,,,,,,9.0,4.0,
2月22日,地区级,云南,德宏州,,,,,,,5.0,2.0,
2月22日,地区级,云南,楚雄州,,,,,,,4.0,4.0,
2月22日,地区级,云南,普洱,,,,,,,4.0,4.0,
2月22日,地区级,云南,文山州,,,,,,,2.0,1.0,
2月22日,地区级,云南,临沧,,,,,,,1.0,1.0,
2月22日,地区级,云南,地区待确认,,,,,,,,,
2月22日,省级,云南,,,11.0,,,,,174.0,107.0,2.0
2月22日,地区级,浙江,杭州,,2.0,,,,,169.0,123.0,
2月22日,地区级,浙江,宁波,,3.0,,,,,157.0,109.0,
2月22日,地区级,浙江,温州,,12.0,,,,,504.0,280.0,1.0
2月22日,地区级,浙江,湖州,,1.0,,,,,10.0,6.0,
2月22日,地区级,浙江,嘉兴,,1.0,,,,,45.0,19.0,
2月22日,地区级,浙江,绍兴,,6.0,,,,,42.0,32.0,
2月22日,地区级,浙江,金华,,2.0,,,,,55.0,39.0,
2月22日,地区级,浙江,衢州,,,,,,,14.0,10.0,
2月22日,地区级,浙江,舟山,,,,,,,10.0,5.0,
2月22日,地区级,浙江,台州,,8.0,,,,,146.0,92.0,
2月22日,地区级,浙江,丽水,,,,,,,17.0,14.0,
2月22日,地区级,浙江,省十里丰监狱,,,,,,,36.0,,
2月22日,省级,浙江,,,35.0,,,,,1205.0,729.0,1.0
2月23日,地区级,安徽,合肥,,2.0,,,,,174.0,,
2月23日,地区级,安徽,淮北,,2.0,,,,,27.0,,
2月23日,地区级,安徽,亳州,,7.0,,,,,108.0,,
2月23日,地区级,安徽,宿州,,,,,,,41.0,,
2月23日,地区级,安徽,蚌埠,,6.0,,,,,160.0,,
2月23日,地区级,安徽,阜阳,,3.0,,,,,155.0,,
2月23日,地区级,安徽,滁州,,,,,,,13.0,,
2月23日,地区级,安徽,六安,,1.0,,,,,69.0,,
2月23日,地区级,安徽,铜陵,,1.0,,,,,29.0,,
2月23日,地区级,安徽,马鞍山,,,,,,,38.0,,
2月23日,地区级,安徽,池州,,,,,,,17.0,,
2月23日,地区级,安徽,安庆,,4.0,,,,,83.0,,
2月23日,地区级,安徽,淮南,,,,,,,27.0,,
2月23日,地区级,安徽,芜湖,,2.0,,,,,33.0,,
2月23日,地区级,安徽,宣城,,,,,,,6.0,,
2月23日,地区级,安徽,黄山,,,,,,,9.0,,
2月23日,省级,安徽,,,28.0,,,,,989.0,648.0,6.0
2月23日,地区级,澳门,澳门,,,,,,,10.0,6.0,
2月23日,省级,澳门,,,,,,,,10.0,6.0,
2月23日,地区级,北京,东城,,,,,,,12.0,,
2月23日,地区级,北京,西城,,,,,,,53.0,,
2月23日,地区级,北京,朝阳,,,,,,,60.0,,
2月23日,地区级,北京,丰台,,,,,,,41.0,,
2月23日,地区级,北京,石景山,,,,,,,14.0,,
2月23日,地区级,北京,海淀,,,,,,,62.0,,
2月23日,地区级,北京,门头沟,,,,,,,3.0,,
2月23日,地区级,北京,房山,,,,,,,16.0,,
2月23日,地区级,北京,通州,,,,,,,19.0,,
2月23日,地区级,北京,顺义,,,,,,,10.0,,
2月23日,地区级,北京,昌平,,,,,,,29.0,,
2月23日,地区级,北京,大兴,,,,,,,39.0,,
2月23日,地区级,北京,怀柔,,,,,,,7.0,,
2月23日,地区级,北京,平谷,,,,,,,,,
2月23日,地区级,北京,密云,,,,,,,7.0,,
2月23日,地区级,北京,延庆,,,,,,,1.0,,
2月23日,地区级,北京,外地来京,,,,,,,26.0,,
2月23日,地区级,北京,地区待确认,,9.0,,,,,,198.0,4.0
2月23日,省级,北京,,,9.0,,,,,399.0,198.0,4.0
2月23日,地区级,重庆,万州区,,,,,,,118.0,66.0,4.0
2月23日,地区级,重庆,黔江区,,,,,,,2.0,2.0,
2月23日,地区级,重庆,涪陵区,,,,,,,5.0,2.0,
2月23日,地区级,重庆,渝中区,,1.0,,,,,20.0,16.0,
2月23日,地区级,重庆,大渡口区,,,,,,,7.0,6.0,
2月23日,地区级,重庆,江北区,,1.0,,,,,28.0,11.0,
2月23日,地区级,重庆,沙坪坝区,1.0,,,,,,9.0,1.0,
2月23日,地区级,重庆,九龙坡区,,,,,,,20.0,11.0,1.0
2月23日,地区级,重庆,南岸区,,,,,,,15.0,5.0,
2月23日,地区级,重庆,北碚区,,,,,,,,,
2月23日,地区级,重庆,渝北区,,,,,,,17.0,10.0,
2月23日,地区级,重庆,巴南区,,,,,,,6.0,3.0,
2月23日,地区级,重庆,长寿区,1.0,,,,,,22.0,11.0,
2月23日,地区级,重庆,江津区,,1.0,,,,,4.0,4.0,
2月23日,地区级,重庆,合川区,,,,,,,23.0,13.0,
2月23日,地区级,重庆,永川区,,,,,,,5.0,4.0,
2月23日,地区级,重庆,南川区,,,,,,,,,
2月23日,地区级,重庆,綦江区,,,,,,,23.0,12.0,
2月23日,地区级,重庆,大足区,,,,,,,14.0,9.0,
2月23日,地区级,重庆,璧山区,,,,,,,9.0,7.0,
2月23日,地区级,重庆,铜梁区,,,,,,,10.0,4.0,
2月23日,地区级,重庆,潼南区,,1.0,,,,,18.0,7.0,
2月23日,地区级,重庆,荣昌区,,,,,,,9.0,5.0,
2月23日,地区级,重庆,开州区,,,,,,,21.0,16.0,1.0
2月23日,地区级,重庆,梁平区,,,,,,,4.0,4.0,
2月23日,地区级,重庆,武隆区,,,,,,,1.0,1.0,
2月23日,地区级,重庆,城口县,,,,,,,2.0,2.0,
2月23日,地区级,重庆,丰都县,,,,,,,10.0,4.0,
2月23日,地区级,重庆,垫江县,,,,,,,20.0,10.0,
2月23日,地区级,重庆,忠县,,,,,,,21.0,18.0,
2月23日,地区级,重庆,云阳县,,2.0,,,,,25.0,21.0,
2月23日,地区级,重庆,奉节县,,1.0,,,,,22.0,11.0,
2月23日,地区级,重庆,巫山县,,,,,,,10.0,6.0,
2月23日,地区级,重庆,巫溪县,,,,,,,14.0,9.0,
2月23日,地区级,重庆,石柱县,,,,,,,15.0,11.0,
2月23日,地区级,重庆,秀山县,,,,,,,1.0,1.0,
2月23日,地区级,重庆,酉阳县,,,,,,,1.0,,
2月23日,地区级,重庆,彭水县,,,,,,,2.0,,
2月23日,地区级,重庆,两江新区,,,,,,,17.0,10.0,
2月23日,地区级,重庆,高新区,,,,,,,4.0,2.0,
2月23日,地区级,重庆,万盛经开区,,,,,,,1.0,,
2月23日,省级,重庆,,2.0,7.0,,,,,575.0,335.0,6.0
2月23日,地区级,福建,地区待确认,,,,,,,,,
2月23日,地区级,福建,厦门,,4.0,,,,,35.0,23.0,
2月23日,地区级,福建,漳州,,,,,,,20.0,14.0,
2月23日,地区级,福建,泉州,,2.0,,,,,46.0,21.0,
2月23日,地区级,福建,南平,,,,,,,20.0,10.0,
2月23日,地区级,福建,福州,,3.0,,,,,71.0,53.0,1.0
2月23日,地区级,福建,莆田,,,,,,,55.0,24.0,
2月23日,地区级,福建,宁德,,,,,,,26.0,20.0,
2月23日,地区级,福建,三明,,,,,,,14.0,5.0,
2月23日,地区级,福建,龙岩,,,,,,,6.0,4.0,
2月23日,省级,福建,,,9.0,,,,,293.0,174.0,1.0
2月23日,地区级,甘肃,兰州,,2.0,,,,,36.0,31.0,2.0
2月23日,地区级,甘肃,嘉峪关,,,,,,,,,
2月23日,地区级,甘肃,金昌,,,,,,,1.0,1.0,
2月23日,地区级,甘肃,白银,,,,,,,4.0,3.0,
2月23日,地区级,甘肃,天水,,,,,,,12.0,12.0,
2月23日,地区级,甘肃,武威,,,,,,,,,
2月23日,地区级,甘肃,张掖,,,,,,,2.0,2.0,
2月23日,地区级,甘肃,平凉,,,,,,,9.0,6.0,
2月23日,地区级,甘肃,酒泉,,,,,,,,,
2月23日,地区级,甘肃,庆阳,,,,,,,3.0,2.0,
2月23日,地区级,甘肃,定西,,,,,,,9.0,8.0,
2月23日,地区级,甘肃,陇南,,,,,,,4.0,4.0,
2月23日,地区级,甘肃,临夏,,,,,,,3.0,3.0,
2月23日,地区级,甘肃,甘南州,,,,,,,8.0,6.0,
2月23日,地区级,甘肃,地区待确认,,,,,,,,,
2月23日,省级,甘肃,,,2.0,,,,,91.0,78.0,2.0
2月23日,地区级,广东,深圳,,11.0,,,,,417.0,237.0,3.0
2月23日,地区级,广东,广州,,8.0,,,,,345.0,204.0,
2月23日,地区级,广东,珠海,,2.0,,,,,98.0,54.0,1.0
2月23日,地区级,广东,佛山,,2.0,,,,,84.0,36.0,
2月23日,地区级,广东,东莞,2.0,5.0,,,,,96.0,32.0,1.0
2月23日,地区级,广东,中山,,3.0,,,,,66.0,49.0,
2月23日,地区级,广东,惠州,,,,,,,62.0,46.0,
2月23日,地区级,广东,汕头,,,,,,,25.0,21.0,
2月23日,地区级,广东,江门,,,,,,,23.0,9.0,
2月23日,地区级,广东,湛江,,2.0,,,,,22.0,14.0,
2月23日,地区级,广东,肇庆,,,,,,,19.0,10.0,1.0
2月23日,地区级,广东,梅州,,,,,,,16.0,11.0,
2月23日,地区级,广东,阳江,1.0,,,,,,14.0,10.0,
2月23日,地区级,广东,茂名,,,,,,,14.0,6.0,
2月23日,地区级,广东,清远,,,,,,,12.0,10.0,
2月23日,地区级,广东,韶关,,,,,,,10.0,6.0,
2月23日,地区级,广东,揭阳,,,,,,,8.0,4.0,
2月23日,地区级,广东,汕尾,,,,,,,5.0,2.0,
2月23日,地区级,广东,潮州,,,,,,,5.0,4.0,
2月23日,地区级,广东,河源,,,,,,,4.0,1.0,
2月23日,地区级,广东,地区待确认,,-1.0,,,,,,6.0,
2月23日,省级,广东,,3.0,32.0,,,,,1345.0,772.0,6.0
2月23日,地区级,广西,南宁,,1.0,,,,,55.0,,
2月23日,地区级,广西,柳州,,1.0,,,,,24.0,,
2月23日,地区级,广西,桂林,,,,,,,32.0,,
2月23日,地区级,广西,梧州,,,,,,,5.0,,
2月23日,地区级,广西,北海,,,,,,,44.0,,1.0
2月23日,地区级,广西,防城港,,,,,,,19.0,,
2月23日,地区级,广西,钦州,,1.0,,,,,8.0,,
2月23日,地区级,广西,贵港,,,,,,,8.0,,
2月23日,地区级,广西,玉林,,,,,,,11.0,,
2月23日,地区级,广西,百色,,,,,,,3.0,,
2月23日,地区级,广西,贺州,,,,,,,4.0,,
2月23日,地区级,广西,河池,2.0,,,,,,27.0,,1.0
2月23日,地区级,广西,来宾,,,,,,,11.0,,
2月23日,地区级,广西,地区待确认,,,,,,,,,
2月23日,省级,广西,,2.0,3.0,,,,,251.0,107.0,2.0
2月23日,地区级,贵州,贵阳,,5.0,,,,,36.0,23.0,1.0
2月23日,地区级,贵州,六盘水,,1.0,,,,,10.0,8.0,1.0
2月23日,地区级,贵州,铜仁,,,,,,,10.0,10.0,
2月23日,地区级,贵州,黔东南州,,1.0,,,,,10.0,9.0,
2月23日,地区级,贵州,遵义,,,,,,,32.0,18.0,
2月23日,地区级,贵州,安顺,,2.0,,,,,4.0,3.0,
2月23日,地区级,贵州,黔南州,,1.0,,,,,17.0,13.0,
2月23日,地区级,贵州,毕节,,1.0,,,,,23.0,14.0,
2月23日,地区级,贵州,黔西南州,,,,,,,4.0,4.0,
2月23日,省级,贵州,,,11.0,,,,,146.0,102.0,2.0
2月23日,地区级,海南,海口,,1.0,,,,,39.0,21.0,
2月23日,地区级,海南,三亚,,,,,,,54.0,33.0,1.0
2月23日,地区级,海南,三沙,,,,,,,,,
2月23日,地区级,海南,儋州,,,1.0,,,,15.0,12.0,1.0
2月23日,地区级,海南,五指山,,,,,,,,,
2月23日,地区级,海南,琼海,,,,,,,6.0,4.0,1.0
2月23日,地区级,海南,文昌,,,,,,,3.0,3.0,
2月23日,地区级,海南,万宁,,,,,,,13.0,9.0,
2月23日,地区级,海南,东方,,,,,,,3.0,2.0,
2月23日,地区级,海南,定安县,,,,,,,3.0,2.0,1.0
2月23日,地区级,海南,屯昌县,,,,,,,,,
2月23日,地区级,海南,澄迈县,,,,,,,9.0,5.0,1.0
2月23日,地区级,海南,临高县,,1.0,,,,,6.0,5.0,
2月23日,地区级,海南,白沙县,,,,,,,,,
2月23日,地区级,海南,昌江县,,,,,,,7.0,3.0,
2月23日,地区级,海南,乐东,,,,,,,2.0,2.0,
2月23日,地区级,海南,陵水县,,,,,,,4.0,3.0,
2月23日,地区级,海南,保亭,,,,,,,3.0,1.0,
2月23日,地区级,海南,琼中县,,,,,,,1.0,1.0,
2月23日,地区级,海南,地区待确认,,,,,,,,,
2月23日,省级,海南,,,2.0,1.0,,,,168.0,106.0,5.0
2月23日,地区级,河北,沧州,,2.0,,,,,48.0,28.0,3.0
2月23日,地区级,河北,唐山,,,,,,,58.0,20.0,1.0
2月23日,地区级,河北,张家口,,2.0,,,,,34.0,28.0,
2月23日,地区级,河北,保定,,,,,,,32.0,29.0,
2月23日,地区级,河北,邯郸,,4.0,,,,,32.0,26.0,
2月23日,地区级,河北,廊坊,,2.0,,,,,30.0,27.0,
2月23日,地区级,河北,石家庄,,2.0,,,,,29.0,21.0,
2月23日,地区级,河北,邢台,,1.0,,,,,23.0,19.0,1.0
2月23日,地区级,河北,秦皇岛,,2.0,,,,,10.0,8.0,1.0
2月23日,地区级,河北,衡水,,1.0,,,,,8.0,8.0,
2月23日,地区级,河北,承德,,1.0,,,,,7.0,7.0,
2月23日,地区级,河北,地区待确认,,,,,,,,,
2月23日,省级,河北,,,17.0,,,,,311.0,221.0,6.0
2月23日,地区级,黑龙江,哈尔滨,,,,,,,198.0,77.0,3.0
2月23日,地区级,黑龙江,齐齐哈尔,,1.0,,,,,43.0,24.0,1.0
2月23日,地区级,黑龙江,鸡西,,4.0,,,,,46.0,18.0,
2月23日,地区级,黑龙江,鹤岗,,,,,,,5.0,4.0,
2月23日,地区级,黑龙江,双鸭山,,1.0,,,,,52.0,20.0,3.0
2月23日,地区级,黑龙江,大庆,,1.0,,,,,26.0,9.0,1.0
2月23日,地区级,黑龙江,伊春,,,,,,,1.0,,
2月23日,地区级,黑龙江,佳木斯,,,,,,,15.0,15.0,
2月23日,地区级,黑龙江,七台河,,1.0,,,,,17.0,10.0,
2月23日,地区级,黑龙江,牡丹江,,1.0,,,,,14.0,7.0,
2月23日,地区级,黑龙江,黑河,,,,,,,14.0,9.0,
2月23日,地区级,黑龙江,绥化,,,,,,,47.0,29.0,4.0
2月23日,地区级,黑龙江,大兴安岭,,,,,,,2.0,2.0,
2月23日,省级,黑龙江,,,9.0,,,,,480.0,224.0,12.0
2月23日,地区级,河南,信阳,,,,,,,274.0,,
2月23日,地区级,河南,南阳,,,,,,,155.0,,
2月23日,地区级,河南,郑州,,,,,,,157.0,,
2月23日,地区级,河南,驻马店,,,,,,,139.0,,
2月23日,地区级,河南,商丘,,,,,,,91.0,,
2月23日,地区级,河南,周口,,,,,,,76.0,,
2月23日,地区级,河南,平顶山,,,,,,,58.0,,
2月23日,地区级,河南,新乡,,,,,,,57.0,,
2月23日,地区级,河南,安阳,,3.0,,,,,53.0,6.0,
2月23日,地区级,河南,许昌,,,,,,,39.0,,
2月23日,地区级,河南,漯河,,,,,,,35.0,,
2月23日,地区级,河南,洛阳,,,,,,,31.0,,
2月23日,地区级,河南,焦作,,,,,,,32.0,,
2月23日,地区级,河南,开封,,,,,,,26.0,,
2月23日,地区级,河南,鹤壁,,,,,,,19.0,,
2月23日,地区级,河南,濮阳,,,,,,,17.0,,
2月23日,地区级,河南,三门峡,,,,,,,7.0,,
2月23日,地区级,河南,济源示范区,,,,,,,5.0,,
2月23日,地区级,河南,地区待确认,,66.0,,,,,,927.0,19.0
2月23日,省级,河南,,,69.0,,,,,1271.0,930.0,19.0
2月23日,地区级,湖北,武汉,348.0,772.0,131.0,-195.0,,,46607.0,8946.0,1987.0
2月23日,地区级,湖北,孝感,22.0,99.0,6.0,,,,3465.0,1177.0,108.0
2月23日,地区级,湖北,黄冈,,119.0,5.0,,,,2904.0,1659.0,103.0
2月23日,地区级,湖北,随州,3.0,53.0,3.0,,,,1303.0,551.0,33.0
2月23日,地区级,湖北,荆州,,53.0,1.0,,,,1574.0,734.0,42.0
2月23日,地区级,湖北,襄阳,1.0,58.0,1.0,,,,1174.0,521.0,29.0
2月23日,地区级,湖北,黄石,4.0,48.0,1.0,,,,1005.0,490.0,30.0
2月23日,地区级,湖北,宜昌,7.0,15.0,,,,,924.0,304.0,29.0
2月23日,地区级,湖北,荆门,2.0,28.0,,,,,920.0,389.0,37.0
2月23日,地区级,湖北,鄂州,4.0,48.0,,,,,1383.0,465.0,40.0
2月23日,地区级,湖北,咸宁,,47.0,,,,,836.0,445.0,11.0
2月23日,地区级,湖北,十堰,2.0,26.0,,,,,669.0,293.0,2.0
2月23日,地区级,湖北,仙桃,2.0,20.0,,,,,573.0,268.0,19.0
2月23日,地区级,湖北,天门,,26.0,,,,,494.0,258.0,13.0
2月23日,地区级,湖北,恩施州,,23.0,1.0,,,,251.0,146.0,4.0
2月23日,地区级,湖北,潜江,3.0,4.0,,,,,194.0,82.0,8.0
2月23日,地区级,湖北,神农架,,,,,,,11.0,10.0,
2月23日,地区级,湖北,监狱系统,,,,,,,,,
2月23日,地区级,湖北,地区待确认,,,,,,,,,
2月23日,省级,湖北,,398.0,1439.0,149.0,-195.0,,,64287.0,16738.0,2495.0
2月23日,地区级,湖南,长沙,,2.0,,,,,242.0,143.0,2.0
2月23日,地区级,湖南,株洲,,3.0,,,,,80.0,50.0,
2月23日,地区级,湖南,湘潭,,4.0,,,,,36.0,25.0,
2月23日,地区级,湖南,衡阳,,,,,,,48.0,37.0,
2月23日,地区级,湖南,邵阳,,2.0,,,,,102.0,88.0,1.0
2月23日,地区级,湖南,岳阳,,4.0,,,,,156.0,91.0,1.0
2月23日,地区级,湖南,常德,,1.0,,,,,82.0,61.0,
2月23日,地区级,湖南,张家界,,,,,,,5.0,5.0,
2月23日,地区级,湖南,益阳,,,,,,,59.0,52.0,
2月23日,地区级,湖南,郴州,,,,,,,39.0,31.0,
2月23日,地区级,湖南,永州,,,,,,,43.0,37.0,
2月23日,地区级,湖南,怀化,,,,,,,40.0,38.0,
2月23日,地区级,湖南,娄底,,1.0,,,,,76.0,55.0,
2月23日,地区级,湖南,湘西自治州,,,,,,,8.0,8.0,
2月23日,省级,湖南,,,17.0,,,,,1016.0,721.0,4.0
2月23日,地区级,江苏,南京,,,,,,,93.0,52.0,
2月23日,地区级,江苏,无锡,,2.0,,,,,55.0,41.0,
2月23日,地区级,江苏,徐州,,3.0,,,,,79.0,66.0,
2月23日,地区级,江苏,常州,,,,,,,51.0,36.0,
2月23日,地区级,江苏,苏州,,1.0,,,,,87.0,50.0,
2月23日,地区级,江苏,南通,,1.0,,,,,40.0,33.0,
2月23日,地区级,江苏,连云港,,2.0,,,,,48.0,24.0,
2月23日,地区级,江苏,淮安,,1.0,,,,,66.0,39.0,
2月23日,地区级,江苏,盐城,,4.0,,,,,27.0,24.0,
2月23日,地区级,江苏,扬州,,,,,,,23.0,17.0,
2月23日,地区级,江苏,镇江,,,,,,,12.0,10.0,
2月23日,地区级,江苏,泰州,,1.0,,,,,37.0,26.0,
2月23日,地区级,江苏,宿迁,,1.0,,,,,13.0,9.0,
2月23日,地区级,江苏,地区待确认,,,,,,,,,
2月23日,省级,江苏,,,16.0,,,,,631.0,427.0,
2月23日,地区级,江西,南昌,,3.0,,,,,229.0,181.0,
2月23日,地区级,江西,景德镇,,,,,,,6.0,3.0,
2月23日,地区级,江西,萍乡,,3.0,,,,,33.0,16.0,
2月23日,地区级,江西,九江,,6.0,,,,,118.0,57.0,
2月23日,地区级,江西,新余,,8.0,,,,,130.0,103.0,
2月23日,地区级,江西,鹰潭,,,,,,,18.0,6.0,
2月23日,地区级,江西,赣州,,2.0,,,,,76.0,49.0,1.0
2月23日,地区级,江西,吉安,,2.0,,,,,22.0,13.0,
2月23日,地区级,江西,宜春,,4.0,,,,,106.0,76.0,
2月23日,地区级,江西,抚州,,4.0,,,,,72.0,51.0,
2月23日,地区级,江西,上饶,,2.0,,,,,123.0,90.0,
2月23日,地区级,江西,赣江新区,,,,,,,1.0,,
2月23日,省级,江西,,,34.0,,,,,934.0,645.0,1.0
2月23日,地区级,吉林,长春,,1.0,,,,,45.0,27.0,
2月23日,地区级,吉林,吉林,,,,,,,5.0,5.0,
2月23日,地区级,吉林,四平,,,,,,,21.0,12.0,1.0
2月23日,地区级,吉林,辽源,,,,,,,7.0,1.0,
2月23日,地区级,吉林,通化,2.0,1.0,,,,,7.0,3.0,
2月23日,地区级,吉林,白山,,,,,,,,,
2月23日,地区级,吉林,松原,,,,,,,2.0,2.0,
2月23日,地区级,吉林,白城,,,,,,,1.0,,
2月23日,地区级,吉林,延边,,,,,,,5.0,4.0,
2月23日,省级,吉林,,2.0,2.0,,,,,93.0,54.0,1.0
2月23日,地区级,辽宁,沈阳,,2.0,,,,,28.0,18.0,
2月23日,地区级,辽宁,大连,,,,,,,19.0,9.0,
2月23日,地区级,辽宁,鞍山,,,,,,,4.0,,
2月23日,地区级,辽宁,抚顺,,,,,,,,,
2月23日,地区级,辽宁,本溪,,,,,,,3.0,3.0,
2月23日,地区级,辽宁,丹东,,,,,,,7.0,6.0,
2月23日,地区级,辽宁,锦州,,,,,,,12.0,9.0,
2月23日,地区级,辽宁,营口,,,,,,,1.0,1.0,
2月23日,地区级,辽宁,阜新,,,,,,,8.0,6.0,
2月23日,地区级,辽宁,辽阳,,,,,,,3.0,3.0,
2月23日,地区级,辽宁,盘锦,,2.0,,,,,11.0,7.0,
2月23日,地区级,辽宁,铁岭,,1.0,,,,,7.0,3.0,
2月23日,地区级,辽宁,朝阳市,,,,,,,6.0,3.0,
2月23日,地区级,辽宁,葫芦岛,,,,,,,12.0,5.0,1.0
2月23日,省级,辽宁,,,5.0,,,,,121.0,73.0,1.0
2月23日,地区级,内蒙古,通辽,,,,,,,7.0,1.0,
2月23日,地区级,内蒙古,鄂尔多斯,,,,,,,11.0,7.0,
2月23日,地区级,内蒙古,包头,,,,,,,11.0,4.0,
2月23日,地区级,内蒙古,赤峰,,,,,,,9.0,3.0,
2月23日,地区级,内蒙古,巴彦淖尔,,3.0,,,,,8.0,6.0,
2月23日,地区级,内蒙古,锡林郭勒,,1.0,,,,,9.0,2.0,
2月23日,地区级,内蒙古,呼和浩特,,,,,,,7.0,2.0,
2月23日,地区级,内蒙古,呼伦贝尔,,,,,,,7.0,4.0,
2月23日,地区级,内蒙古,乌兰察布,,,,,,,3.0,1.0,
2月23日,地区级,内蒙古,兴安盟,,,,,,,1.0,,
2月23日,地区级,内蒙古,乌海,,,,,,,2.0,,
2月23日,省级,内蒙古,,,4.0,,,,,75.0,30.0,
2月23日,地区级,宁夏,银川,,1.0,,,,,33.0,29.0,
2月23日,地区级,宁夏,吴忠,,7.0,,,,,28.0,19.0,
2月23日,地区级,宁夏,固原,,1.0,,,,,5.0,4.0,
2月23日,地区级,宁夏,中卫,,,,,,,3.0,3.0,
2月23日,地区级,宁夏,宁东,,,,,,,1.0,1.0,
2月23日,地区级,宁夏,石嘴山,,,,,,,1.0,1.0,
2月23日,地区级,宁夏,地区待确认,,,,,,,,,
2月23日,省级,宁夏,,,9.0,,,,,71.0,57.0,
2月23日,地区级,青海,西宁,,,,,,,15.0,15.0,
2月23日,地区级,青海,海东,,,,,,,,,
2月23日,地区级,青海,海北州,,,,,,,3.0,3.0,
2月23日,地区级,青海,黄南州,,,,,,,,,
2月23日,地区级,青海,海南州,,,,,,,,,
2月23日,地区级,青海,果洛州,,,,,,,,,
2月23日,地区级,青海,玉树州,,,,,,,,,
2月23日,地区级,青海,海西州,,,,,,,,,
2月23日,地区级,青海,地区待确认,,,,,,,,,
2月23日,省级,青海,,,,,,,,18.0,18.0,
2月23日,国家级,,,409.0,1846.0,150.0,-195.0,,,77150.0,24734.0,2592.0
2月23日,地区级,陕西,西安,,,,,,,120.0,65.0,1.0
2月23日,地区级,陕西,宝鸡,,,,,,,13.0,11.0,
2月23日,地区级,陕西,咸阳,,,,,,,18.0,14.0,
2月23日,地区级,陕西,铜川,,,,,,,8.0,8.0,
2月23日,地区级,陕西,渭南,,1.0,,,,,16.0,7.0,
2月23日,地区级,陕西,延安,,,,,,,8.0,8.0,
2月23日,地区级,陕西,榆林,,,,,,,3.0,3.0,
2月23日,地区级,陕西,汉中,,,,,,,26.0,10.0,
2月23日,地区级,陕西,安康,,,,,,,26.0,17.0,
2月23日,地区级,陕西,商洛,,1.0,,,,,7.0,5.0,
2月23日,地区级,陕西,地区待确认,,7.0,,,,,,14.0,
2月23日,省级,陕西,,,9.0,,,,,245.0,162.0,1.0
2月23日,地区级,山东,济南,,,,,,,47.0,24.0,
2月23日,地区级,山东,青岛,1.0,2.0,,,,,60.0,36.0,1.0
2月23日,地区级,山东,淄博,,,,,,,30.0,14.0,
2月23日,地区级,山东,枣庄,,3.0,,,,,24.0,18.0,
2月23日,地区级,山东,东营,,,,,,,,,
2月23日,地区级,山东,烟台,,,,,,,47.0,19.0,
2月23日,地区级,山东,潍坊,,4.0,,,,,44.0,22.0,
2月23日,地区级,山东,济宁,,,,,,,57.0,31.0,
2月23日,地区级,山东,泰安,,,,,,,35.0,21.0,1.0
2月23日,地区级,山东,威海,,1.0,,,,,38.0,22.0,
2月23日,地区级,山东,日照,,1.0,,,,,16.0,11.0,
2月23日,地区级,山东,临沂,,,,,,,49.0,44.0,
2月23日,地区级,山东,德州,,,,,,,37.0,12.0,2.0
2月23日,地区级,山东,聊城,,2.0,,,,,38.0,24.0,
2月23日,地区级,山东,滨州,,,,,,,15.0,11.0,
2月23日,地区级,山东,菏泽,,1.0,,,,,18.0,16.0,
2月23日,地区级,山东,任城监狱,,,,,,,200.0,,
2月23日,省级,山东,,1.0,14.0,,,,,755.0,325.0,4.0
2月23日,地区级,上海,外地来沪,,4.0,,,,,111.0,81.0,
2月23日,地区级,上海,徐汇,,2.0,,,,,18.0,15.0,
2月23日,地区级,上海,浦东,,5.0,,,,,60.0,48.0,
2月23日,地区级,上海,宝山,,2.0,,,,,21.0,12.0,
2月23日,地区级,上海,闵行,,1.0,,,,,19.0,16.0,
2月23日,地区级,上海,静安,,1.0,,,,,16.0,12.0,
2月23日,地区级,上海,松江,,1.0,,,,,14.0,10.0,
2月23日,地区级,上海,长宁,,1.0,,,,,13.0,12.0,
2月23日,地区级,上海,普陀,,,,,,,11.0,8.0,
2月23日,地区级,上海,杨浦,,1.0,,,,,9.0,6.0,
2月23日,地区级,上海,嘉定,,3.0,,,,,9.0,6.0,
2月23日,地区级,上海,奉贤,,,,,,,9.0,5.0,
2月23日,地区级,上海,虹口,,,,,,,7.0,5.0,
2月23日,地区级,上海,黄浦,,1.0,,,,,6.0,4.0,
2月23日,地区级,上海,青浦,,,,,,,5.0,5.0,
2月23日,地区级,上海,金山,,,,,,,3.0,2.0,
2月23日,地区级,上海,崇明,,,,,,,4.0,2.0,
2月23日,地区级,上海,地区待确认,,,,,,,,,
2月23日,省级,上海,,,22.0,,,,,335.0,249.0,3.0
2月23日,地区级,山西,太原,,,,,,,20.0,12.0,
2月23日,地区级,山西,大同,,2.0,,,,,12.0,8.0,
2月23日,地区级,山西,阳泉,,1.0,,,,,4.0,4.0,
2月23日,地区级,山西,长治,,,,,,,8.0,3.0,
2月23日,地区级,山西,晋城,,,,,,,10.0,5.0,
2月23日,地区级,山西,朔州,,2.0,,,,,8.0,5.0,
2月23日,地区级,山西,晋中,,1.0,,,,,36.0,23.0,
2月23日,地区级,山西,运城,,1.0,,,,,19.0,17.0,
2月23日,地区级,山西,忻州,,,,,,,7.0,4.0,
2月23日,地区级,山西,临汾,,,,,,,2.0,1.0,
2月23日,地区级,山西,吕梁,,,,,,,6.0,6.0,
2月23日,地区级,山西,地区待确认,,,,,,,,,
2月23日,省级,山西,,,7.0,,,,,132.0,88.0,
2月23日,地区级,四川,成都,,,,,,,143.0,78.0,
2月23日,地区级,四川,自贡,,,,,,,9.0,7.0,
2月23日,地区级,四川,攀枝花,,,,,,,16.0,16.0,
2月23日,地区级,四川,泸州,,2.0,,,,,24.0,8.0,
2月23日,地区级,四川,德阳,,1.0,,,,,18.0,7.0,
2月23日,地区级,四川,绵阳,,,,,,,22.0,12.0,
2月23日,地区级,四川,广元,,1.0,,,,,6.0,6.0,
2月23日,地区级,四川,遂宁,,,,,,,17.0,10.0,
2月23日,地区级,四川,内江,,1.0,,,,,22.0,11.0,
2月23日,地区级,四川,乐山,,,,,,,3.0,2.0,
2月23日,地区级,四川,南充,1.0,2.0,,,,,39.0,22.0,
2月23日,地区级,四川,宜宾,,,,,,,12.0,8.0,
2月23日,地区级,四川,广安,,,,,,,30.0,20.0,
2月23日,地区级,四川,达州,,,,,,,41.0,13.0,
2月23日,地区级,四川,巴中,,,,,,,24.0,10.0,
2月23日,地区级,四川,雅安,,,,,,,7.0,4.0,
2月23日,地区级,四川,眉山,,,,,,,8.0,6.0,
2月23日,地区级,四川,资阳,,,,,,,3.0,2.0,
2月23日,地区级,四川,阿坝,,,,,,,1.0,1.0,
2月23日,地区级,四川,甘孜,,,,,,,69.0,12.0,
2月23日,地区级,四川,凉山,,,,,,,13.0,8.0,
2月23日,地区级,四川,地区待确认,,,,,,,,,
2月23日,地区级,四川,地区待确认,,,,,,,,,
2月23日,地区级,四川,地区待确认,,,,,,,,,3.0
2月23日,省级,四川,,1.0,7.0,,,,,527.0,263.0,3.0
2月23日,地区级,台湾,台湾,2.0,3.0,,,,,28.0,5.0,1.0
2月23日,省级,台湾,,2.0,3.0,,,,,28.0,5.0,1.0
2月23日,地区级,天津,宝坻区,,7.0,,,,,60.0,26.0,2.0
2月23日,地区级,天津,河东区,,2.0,,,,,15.0,10.0,1.0
2月23日,地区级,天津,河北区,,,,,,,12.0,10.0,
2月23日,地区级,天津,和平区,,1.0,,,,,6.0,5.0,
2月23日,地区级,天津,河西区,,1.0,,,,,4.0,4.0,
2月23日,地区级,天津,宁河区,,,,,,,4.0,1.0,
2月23日,地区级,天津,东丽区,,2.0,,,,,4.0,4.0,
2月23日,地区级,天津,西青区,,,,,,,4.0,4.0,
2月23日,地区级,天津,南开区,,,,,,,6.0,2.0,
2月23日,地区级,天津,滨海新区,,,,,,,3.0,2.0,
2月23日,地区级,天津,红桥区,,,,,,,2.0,2.0,
2月23日,地区级,天津,津南区,,,,,,,1.0,1.0,
2月23日,地区级,天津,北辰区,,1.0,,,,,6.0,3.0,
2月23日,地区级,天津,武清区,,1.0,,,,,2.0,2.0,
2月23日,地区级,天津,外地来津,,1.0,,,,,6.0,5.0,
2月23日,省级,天津,,,16.0,,,,,135.0,81.0,3.0
2月23日,地区级,香港,香港,5.0,1.0,,,,,74.0,12.0,2.0
2月23日,省级,香港,,5.0,1.0,,,,,74.0,12.0,2.0
2月23日,地区级,新疆,乌鲁木齐,,3.0,,,,,23.0,,
2月23日,地区级,新疆,伊犁州,,,,,,,18.0,,
2月23日,地区级,新疆,昌吉州,,,,,,,4.0,,
2月23日,地区级,新疆,巴州,,,,,,,3.0,,
2月23日,地区级,新疆,阿克苏,,,,,,,1.0,,
2月23日,地区级,新疆,吐鲁番,,,,,,,3.0,,
2月23日,地区级,新疆,兵团第四师,,,,,,,10.0,,
2月23日,地区级,新疆,兵团第六师,,,,,,,2.0,,
2月23日,地区级,新疆,兵团第七师,,,,,,,1.0,,
2月23日,地区级,新疆,兵团第八师,,,,,,,4.0,,
2月23日,地区级,新疆,兵团第九师,,,,,,,4.0,,
2月23日,地区级,新疆,兵团第十二师,,,,,,,3.0,,
2月23日,省级,新疆,,0.0,3.0,0.0,0.0,,,76.0,28.0,2.0
2月23日,地区级,西藏,拉萨,,,,,,,1.0,1.0,
2月23日,省级,西藏,,,,,,,,1.0,1.0,
2月23日,地区级,云南,昆明,,4.0,,,,,53.0,36.0,
2月23日,地区级,云南,西双版纳州,,3.0,,,,,15.0,12.0,1.0
2月23日,地区级,云南,玉溪,,,,,,,14.0,9.0,1.0
2月23日,地区级,云南,昭通,,,,,,,25.0,10.0,
2月23日,地区级,云南,曲靖,,1.0,,,,,13.0,9.0,
2月23日,地区级,云南,大理,,,,,,,13.0,11.0,
2月23日,地区级,云南,保山,,,,,,,9.0,5.0,
2月23日,地区级,云南,丽江,,,,,,,7.0,7.0,
2月23日,地区级,云南,红河,,,,,,,9.0,4.0,
2月23日,地区级,云南,德宏州,,,,,,,5.0,2.0,
2月23日,地区级,云南,楚雄州,,,,,,,4.0,4.0,
2月23日,地区级,云南,普洱,,,,,,,4.0,4.0,
2月23日,地区级,云南,文山州,,,,,,,2.0,1.0,
2月23日,地区级,云南,临沧,,,,,,,1.0,1.0,
2月23日,地区级,云南,地区待确认,,,,,,,,,
2月23日,省级,云南,,,8.0,,,,,174.0,115.0,2.0
2月23日,地区级,浙江,杭州,,8.0,,,,,169.0,131.0,
2月23日,地区级,浙江,宁波,,5.0,,,,,157.0,114.0,
2月23日,地区级,浙江,温州,,12.0,,,,,504.0,292.0,1.0
2月23日,地区级,浙江,湖州,,,,,,,10.0,7.0,
2月23日,地区级,浙江,嘉兴,,2.0,,,,,45.0,25.0,
2月23日,地区级,浙江,绍兴,,3.0,,,,,42.0,30.0,
2月23日,地区级,浙江,金华,,,,,,,55.0,39.0,
2月23日,地区级,浙江,衢州,,,,,,,14.0,10.0,
2月23日,地区级,浙江,舟山,,,,,,,10.0,5.0,
2月23日,地区级,浙江,台州,,6.0,,,,,146.0,98.0,
2月23日,地区级,浙江,丽水,,,,,,,17.0,14.0,
2月23日,地区级,浙江,省十里丰监狱,,,,,,,36.0,,
2月23日,省级,浙江,,,36.0,,,,,1205.0,765.0,1.0
2月24日,地区级,安徽,合肥,,16.0,,,,,174.0,,
2月24日,地区级,安徽,淮北,,,,,,,27.0,,
2月24日,地区级,安徽,亳州,,1.0,,,,,108.0,,
2月24日,地区级,安徽,宿州,,3.0,,,,,41.0,,
2月24日,地区级,安徽,蚌埠,,6.0,,,,,160.0,,
2月24日,地区级,安徽,阜阳,,2.0,,,,,155.0,,
2月24日,地区级,安徽,滁州,,1.0,,,,,13.0,,
2月24日,地区级,安徽,六安,,1.0,,,,,69.0,,
2月24日,地区级,安徽,铜陵,,3.0,,,,,29.0,,
2月24日,地区级,安徽,马鞍山,,1.0,,,,,38.0,,
2月24日,地区级,安徽,池州,,3.0,,,,,17.0,,
2月24日,地区级,安徽,安庆,,4.0,,,,,83.0,,
2月24日,地区级,安徽,淮南,,3.0,,,,,27.0,,
2月24日,地区级,安徽,芜湖,,,,,,,33.0,,
2月24日,地区级,安徽,宣城,,,,,,,6.0,,
2月24日,地区级,安徽,黄山,,,,,,,9.0,,
2月24日,省级,安徽,,,44.0,,,,,989.0,692.0,6.0
2月24日,地区级,澳门,澳门,,,,,,,10.0,6.0,
2月24日,省级,澳门,,,,,,,,10.0,6.0,
2月24日,地区级,北京,东城,,,,1.0,,,13.0,,
2月24日,地区级,北京,西城,,,,,,,53.0,,
2月24日,地区级,北京,朝阳,1.0,,,,,,61.0,,
2月24日,地区级,北京,丰台,,,,,,,41.0,,
2月24日,地区级,北京,石景山,,,,,,,14.0,,
2月24日,地区级,北京,海淀,,,,,,,62.0,,
2月24日,地区级,北京,门头沟,,,,,,,3.0,,
2月24日,地区级,北京,房山,,,,,,,16.0,,
2月24日,地区级,北京,通州,,,,,,,19.0,,
2月24日,地区级,北京,顺义,,,,,,,10.0,,
2月24日,地区级,北京,昌平,,,,,,,29.0,,
2月24日,地区级,北京,大兴,,,,,,,39.0,,
2月24日,地区级,北京,怀柔,,,,,,,7.0,,
2月24日,地区级,北京,平谷,,,,,,,,,
2月24日,地区级,北京,密云,,,,,,,7.0,,
2月24日,地区级,北京,延庆,,,,,,,1.0,,
2月24日,地区级,北京,外地来京,,,,-1.0,,,25.0,,
2月24日,地区级,北京,地区待确认,,17.0,,,,,,215.0,4.0
2月24日,省级,北京,,1.0,17.0,,,,,400.0,215.0,4.0
2月24日,地区级,重庆,万州区,,6.0,,,,,118.0,72.0,4.0
2月24日,地区级,重庆,黔江区,,,,,,,2.0,2.0,
2月24日,地区级,重庆,涪陵区,,,,,,,5.0,2.0,
2月24日,地区级,重庆,渝中区,,,,,,,20.0,16.0,
2月24日,地区级,重庆,大渡口区,,,,,,,7.0,6.0,
2月24日,地区级,重庆,江北区,,,,,,,28.0,11.0,
2月24日,地区级,重庆,沙坪坝区,,,,,,,9.0,1.0,
2月24日,地区级,重庆,九龙坡区,1.0,,,,,,21.0,11.0,1.0
2月24日,地区级,重庆,南岸区,,,,,,,15.0,5.0,
2月24日,地区级,重庆,北碚区,,,,,,,,,
2月24日,地区级,重庆,渝北区,,,,,,,17.0,10.0,
2月24日,地区级,重庆,巴南区,,,,,,,6.0,3.0,
2月24日,地区级,重庆,长寿区,,,,,,,22.0,11.0,
2月24日,地区级,重庆,江津区,,,,,,,4.0,4.0,
2月24日,地区级,重庆,合川区,,1.0,,,,,23.0,14.0,
2月24日,地区级,重庆,永川区,,,,,,,5.0,4.0,
2月24日,地区级,重庆,南川区,,,,,,,,,
2月24日,地区级,重庆,綦江区,,1.0,,,,,23.0,13.0,
2月24日,地区级,重庆,大足区,,,,,,,14.0,9.0,
2月24日,地区级,重庆,璧山区,,,,,,,9.0,7.0,
2月24日,地区级,重庆,铜梁区,,,,,,,10.0,4.0,
2月24日,地区级,重庆,潼南区,,,,,,,18.0,7.0,
2月24日,地区级,重庆,荣昌区,,,,,,,9.0,5.0,
2月24日,地区级,重庆,开州区,,2.0,,,,,21.0,18.0,1.0
2月24日,地区级,重庆,梁平区,,,,,,,4.0,4.0,
2月24日,地区级,重庆,武隆区,,,,,,,1.0,1.0,
2月24日,地区级,重庆,城口县,,,,,,,2.0,2.0,
2月24日,地区级,重庆,丰都县,,,,,,,10.0,4.0,
2月24日,地区级,重庆,垫江县,,,,,,,20.0,10.0,
2月24日,地区级,重庆,忠县,,,,,,,21.0,18.0,
2月24日,地区级,重庆,云阳县,,,,,,,25.0,21.0,
2月24日,地区级,重庆,奉节县,,1.0,,,,,22.0,12.0,
2月24日,地区级,重庆,巫山县,,1.0,,,,,10.0,7.0,
2月24日,地区级,重庆,巫溪县,,1.0,,,,,14.0,10.0,
2月24日,地区级,重庆,石柱县,,,,,,,15.0,11.0,
2月24日,地区级,重庆,秀山县,,,,,,,1.0,1.0,
2月24日,地区级,重庆,酉阳县,,,,,,,1.0,,
2月24日,地区级,重庆,彭水县,,,,,,,2.0,,
2月24日,地区级,重庆,两江新区,,,,,,,17.0,10.0,
2月24日,地区级,重庆,高新区,,1.0,,,,,4.0,3.0,
2月24日,地区级,重庆,万盛经开区,,,,,,,1.0,,
2月24日,省级,重庆,,1.0,14.0,,,,,576.0,349.0,6.0
2月24日,地区级,福建,地区待确认,,,,,,,,,
2月24日,地区级,福建,厦门,,4.0,,,,,35.0,27.0,
2月24日,地区级,福建,漳州,,,,,,,20.0,14.0,
2月24日,地区级,福建,泉州,1.0,,,,,,47.0,21.0,
2月24日,地区级,福建,南平,,,,,,,20.0,10.0,
2月24日,地区级,福建,福州,,3.0,,,,,71.0,56.0,1.0
2月24日,地区级,福建,莆田,,6.0,,,,,55.0,30.0,
2月24日,地区级,福建,宁德,,,,,,,26.0,20.0,
2月24日,地区级,福建,三明,,,,,,,14.0,5.0,
2月24日,地区级,福建,龙岩,,1.0,,,,,6.0,5.0,
2月24日,省级,福建,,1.0,14.0,,,,,294.0,188.0,1.0
2月24日,地区级,甘肃,兰州,,,,,,,36.0,31.0,2.0
2月24日,地区级,甘肃,嘉峪关,,,,,,,,,
2月24日,地区级,甘肃,金昌,,,,,,,1.0,1.0,
2月24日,地区级,甘肃,白银,,,,,,,4.0,3.0,
2月24日,地区级,甘肃,天水,,,,,,,12.0,12.0,
2月24日,地区级,甘肃,武威,,,,,,,,,
2月24日,地区级,甘肃,张掖,,,,,,,2.0,2.0,
2月24日,地区级,甘肃,平凉,,,,,,,9.0,6.0,
2月24日,地区级,甘肃,酒泉,,,,,,,,,
2月24日,地区级,甘肃,庆阳,,,,,,,3.0,2.0,
2月24日,地区级,甘肃,定西,,,,,,,9.0,8.0,
2月24日,地区级,甘肃,陇南,,,,,,,4.0,4.0,
2月24日,地区级,甘肃,临夏,,,,,,,3.0,3.0,
2月24日,地区级,甘肃,甘南州,,2.0,,,,,8.0,8.0,
2月24日,省级,甘肃,,,2.0,,,,,91.0,80.0,2.0
2月24日,地区级,广东,深圳,,12.0,,,,,417.0,249.0,3.0
2月24日,地区级,广东,广州,1.0,6.0,1.0,,,,346.0,210.0,1.0
2月24日,地区级,广东,珠海,,2.0,,,,,98.0,56.0,1.0
2月24日,地区级,广东,佛山,,,,,,,84.0,36.0,
2月24日,地区级,广东,东莞,1.0,4.0,,,,,97.0,36.0,1.0
2月24日,地区级,广东,中山,,2.0,,,,,66.0,51.0,
2月24日,地区级,广东,惠州,,,,,,,62.0,46.0,
2月24日,地区级,广东,汕头,,,,,,,25.0,21.0,
2月24日,地区级,广东,江门,,,,,,,23.0,9.0,
2月24日,地区级,广东,湛江,,,,,,,22.0,14.0,
2月24日,地区级,广东,肇庆,,,,,,,19.0,10.0,1.0
2月24日,地区级,广东,梅州,,,,,,,16.0,11.0,
2月24日,地区级,广东,阳江,,,,,,,14.0,10.0,
2月24日,地区级,广东,茂名,,,,,,,14.0,6.0,
2月24日,地区级,广东,清远,,2.0,,,,,12.0,12.0,
2月24日,地区级,广东,韶关,,,,,,,10.0,6.0,
2月24日,地区级,广东,揭阳,,,,,,,8.0,4.0,
2月24日,地区级,广东,汕尾,,,,,,,5.0,2.0,
2月24日,地区级,广东,潮州,,,,,,,5.0,4.0,
2月24日,地区级,广东,河源,,,,,,,4.0,1.0,
2月24日,地区级,广东,地区待确认,,5.0,,,,,,11.0,
2月24日,省级,广东,,2.0,33.0,1.0,,,,1347.0,805.0,7.0
2月24日,地区级,广西,南宁,,5.0,,,,,55.0,,
2月24日,地区级,广西,柳州,,,,,,,24.0,,
2月24日,地区级,广西,桂林,,6.0,,,,,32.0,,
2月24日,地区级,广西,梧州,,,,,,,5.0,,
2月24日,地区级,广西,北海,,7.0,,,,,44.0,,1.0
2月24日,地区级,广西,防城港,,2.0,,,,,19.0,,
2月24日,地区级,广西,钦州,,,,,,,8.0,,
2月24日,地区级,广西,贵港,,1.0,,,,,8.0,,
2月24日,地区级,广西,玉林,,,,,,,11.0,,
2月24日,地区级,广西,百色,,,,,,,3.0,,
2月24日,地区级,广西,贺州,,,,,,,4.0,,
2月24日,地区级,广西,河池,1.0,1.0,,,,,28.0,,1.0
2月24日,地区级,广西,来宾,,,,,,,11.0,,
2月24日,地区级,广西,地区待确认,,,,,,,,,
2月24日,省级,广西,,1.0,22.0,,,,,252.0,129.0,2.0
2月24日,地区级,贵州,贵阳,,,,,,,36.0,23.0,1.0
2月24日,地区级,贵州,六盘水,,,,,,,10.0,8.0,1.0
2月24日,地区级,贵州,铜仁,,,,,,,10.0,10.0,
2月24日,地区级,贵州,黔东南州,,1.0,,,,,10.0,10.0,
2月24日,地区级,贵州,遵义,,,,,,,32.0,18.0,
2月24日,地区级,贵州,安顺,,,,,,,4.0,3.0,
2月24日,地区级,贵州,黔南州,,,,,,,17.0,13.0,
2月24日,地区级,贵州,毕节,,,,,,,23.0,14.0,
2月24日,地区级,贵州,黔西南州,,,,,,,4.0,4.0,
2月24日,省级,贵州,,,1.0,,,,,146.0,103.0,2.0
2月24日,地区级,海南,海口,,2.0,,,,,39.0,23.0,
2月24日,地区级,海南,三亚,,6.0,,,,,54.0,39.0,1.0
2月24日,地区级,海南,三沙,,,,,,,,,
2月24日,地区级,海南,儋州,,,,,,,15.0,12.0,1.0
2月24日,地区级,海南,五指山,,,,,,,,,
2月24日,地区级,海南,琼海,,,,,,,6.0,4.0,1.0
2月24日,地区级,海南,文昌,,,,,,,3.0,3.0,
2月24日,地区级,海南,万宁,,2.0,,,,,13.0,11.0,
2月24日,地区级,海南,东方,,,,,,,3.0,2.0,
2月24日,地区级,海南,定安县,,,,,,,3.0,2.0,1.0
2月24日,地区级,海南,屯昌县,,,,,,,,,
2月24日,地区级,海南,澄迈县,,,,,,,9.0,5.0,1.0
2月24日,地区级,海南,临高县,,,,,,,6.0,5.0,
2月24日,地区级,海南,白沙县,,,,,,,,,
2月24日,地区级,海南,昌江县,,,,,,,7.0,3.0,
2月24日,地区级,海南,乐东,,,,,,,2.0,2.0,
2月24日,地区级,海南,陵水县,,,,,,,4.0,3.0,
2月24日,地区级,海南,保亭,,,,,,,3.0,1.0,
2月24日,地区级,海南,琼中县,,,,,,,1.0,1.0,
2月24日,地区级,海南,地区待确认,,,,,,,,,
2月24日,省级,海南,,,10.0,,,,,168.0,116.0,5.0
2月24日,地区级,河北,沧州,,3.0,,,,,48.0,31.0,3.0
2月24日,地区级,河北,唐山,,7.0,,,,,58.0,27.0,1.0
2月24日,地区级,河北,张家口,,4.0,,,,,34.0,32.0,
2月24日,地区级,河北,保定,,3.0,,,,,32.0,42.0,
2月24日,地区级,河北,邯郸,,1.0,,,,,32.0,27.0,
2月24日,地区级,河北,廊坊,,1.0,,,,,30.0,28.0,
2月24日,地区级,河北,石家庄,,1.0,,,,,29.0,22.0,
2月24日,地区级,河北,邢台,,,,,,,23.0,19.0,1.0
2月24日,地区级,河北,秦皇岛,,,,,,,10.0,8.0,1.0
2月24日,地区级,河北,衡水,,,,,,,8.0,8.0,
2月24日,地区级,河北,承德,,,,,,,7.0,7.0,
2月24日,地区级,河北,地区待确认,,,,,,,,,
2月24日,省级,河北,,,20.0,,,,,311.0,241.0,6.0
2月24日,地区级,黑龙江,哈尔滨,,,,,,,198.0,77.0,3.0
2月24日,地区级,黑龙江,齐齐哈尔,,2.0,,,,,43.0,26.0,1.0
2月24日,地区级,黑龙江,鸡西,,2.0,,,,,46.0,20.0,
2月24日,地区级,黑龙江,鹤岗,,,,,,,5.0,4.0,
2月24日,地区级,黑龙江,双鸭山,,,,,,,52.0,20.0,3.0
2月24日,地区级,黑龙江,大庆,,3.0,,,,,26.0,12.0,1.0
2月24日,地区级,黑龙江,伊春,,,,,,,1.0,,
2月24日,地区级,黑龙江,佳木斯,,,,,,,15.0,15.0,
2月24日,地区级,黑龙江,七台河,,,,,,,17.0,10.0,
2月24日,地区级,黑龙江,牡丹江,,1.0,,,,,14.0,8.0,
2月24日,地区级,黑龙江,黑河,,,,,,,14.0,9.0,
2月24日,地区级,黑龙江,绥化,,,,,,,47.0,29.0,4.0
2月24日,地区级,黑龙江,大兴安岭,,,,,,,2.0,2.0,
2月24日,省级,黑龙江,,,8.0,,,,,480.0,232.0,12.0
2月24日,地区级,河南,信阳,,,,,,,274.0,,
2月24日,地区级,河南,南阳,,,,,,,155.0,,
2月24日,地区级,河南,郑州,,,,,,,157.0,,
2月24日,地区级,河南,驻马店,,,,,,,139.0,124.0,
2月24日,地区级,河南,商丘,,,,,,,91.0,,
2月24日,地区级,河南,周口,,,,,,,76.0,,
2月24日,地区级,河南,平顶山,,,,,,,58.0,,
2月24日,地区级,河南,新乡,,,,,,,57.0,48.0,
2月24日,地区级,河南,安阳,,,,,,,53.0,37.0,
2月24日,地区级,河南,许昌,,,,,,,39.0,,
2月24日,地区级,河南,漯河,,,,,,,35.0,,
2月24日,地区级,河南,洛阳,,,,,,,31.0,,
2月24日,地区级,河南,焦作,,,,,,,32.0,,
2月24日,地区级,河南,开封,,,,,,,26.0,,
2月24日,地区级,河南,鹤壁,,,,,,,19.0,,
2月24日,地区级,河南,濮阳,,,,,,,17.0,,
2月24日,地区级,河南,三门峡,,,,,,,7.0,,
2月24日,地区级,河南,济源示范区,,,,,,,5.0,,
2月24日,地区级,河南,地区待确认,,59.0,,,,,,801.0,19.0
2月24日,省级,河南,,,59.0,,,,,,989.0,19.0
2月24日,地区级,湖北,武汉,464.0,1391.0,56.0,,,,47071.0,10337.0,2043.0
2月24日,地区级,湖北,孝感,17.0,151.0,2.0,,,,3482.0,1328.0,110.0
2月24日,地区级,湖北,黄冈,,101.0,3.0,,,,2904.0,1760.0,106.0
2月24日,地区级,湖北,随州,2.0,50.0,3.0,,,,1305.0,601.0,36.0
2月24日,地区级,湖北,荆州,2.0,42.0,,,,,1576.0,776.0,42.0
2月24日,地区级,湖北,襄阳,1.0,72.0,1.0,,,,1175.0,593.0,30.0
2月24日,地区级,湖北,黄石,3.0,44.0,1.0,,,,1008.0,534.0,31.0
2月24日,地区级,湖北,宜昌,2.0,24.0,,,,,926.0,328.0,29.0
2月24日,地区级,湖北,荆门,,43.0,,,,,920.0,432.0,37.0
2月24日,地区级,湖北,鄂州,2.0,31.0,1.0,,,,1385.0,496.0,41.0
2月24日,地区级,湖北,咸宁,,59.0,,,,,836.0,504.0,11.0
2月24日,地区级,湖北,十堰,2.0,22.0,1.0,,,,671.0,315.0,3.0
2月24日,地区级,湖北,仙桃,2.0,48.0,,,,,575.0,316.0,19.0
2月24日,地区级,湖北,天门,1.0,24.0,,,,,495.0,282.0,13.0
2月24日,地区级,湖北,恩施州,,5.0,,,,,251.0,151.0,4.0
2月24日,地区级,湖北,潜江,1.0,9.0,,,,,195.0,91.0,8.0
2月24日,地区级,湖北,神农架,,,,,,,11.0,10.0,
2月24日,地区级,湖北,监狱系统,,,,,,,,,
2月24日,地区级,湖北,地区待确认,,,,,,,,,
2月24日,省级,湖北,,499.0,2116.0,68.0,0.0,,,64786.0,18854.0,2563.0
2月24日,地区级,湖南,长沙,,9.0,,,,,242.0,152.0,2.0
2月24日,地区级,湖南,株洲,,2.0,,,,,80.0,52.0,
2月24日,地区级,湖南,湘潭,,1.0,,,,,36.0,26.0,
2月24日,地区级,湖南,衡阳,,1.0,,,,,48.0,38.0,
2月24日,地区级,湖南,邵阳,,,,,,,102.0,88.0,1.0
2月24日,地区级,湖南,岳阳,,7.0,,,,,156.0,98.0,1.0
2月24日,地区级,湖南,常德,,1.0,,,,,82.0,62.0,
2月24日,地区级,湖南,张家界,,,,,,,5.0,5.0,
2月24日,地区级,湖南,益阳,,3.0,,,,,59.0,55.0,
2月24日,地区级,湖南,郴州,,,,,,,39.0,31.0,
2月24日,地区级,湖南,永州,,4.0,,,,,43.0,41.0,
2月24日,地区级,湖南,怀化,,1.0,,,,,40.0,39.0,
2月24日,地区级,湖南,娄底,,1.0,,,,,76.0,56.0,
2月24日,地区级,湖南,湘西自治州,,,,,,,8.0,8.0,
2月24日,省级,湖南,,,30.0,,,,,1016.0,751.0,4.0
2月24日,地区级,江苏,南京,,5.0,,,,,93.0,57.0,
2月24日,地区级,江苏,无锡,,,,,,,55.0,41.0,
2月24日,地区级,江苏,徐州,,1.0,,,,,79.0,67.0,
2月24日,地区级,江苏,常州,,5.0,,,,,51.0,41.0,
2月24日,地区级,江苏,苏州,,7.0,,,,,87.0,57.0,
2月24日,地区级,江苏,南通,,1.0,,,,,40.0,34.0,
2月24日,地区级,江苏,连云港,,1.0,,,,,48.0,25.0,
2月24日,地区级,江苏,淮安,,7.0,,,,,66.0,39.0,
2月24日,地区级,江苏,盐城,,,,,,,27.0,24.0,
2月24日,地区级,江苏,扬州,,,,,,,23.0,17.0,
2月24日,地区级,江苏,镇江,,,,,,,12.0,10.0,
2月24日,地区级,江苏,泰州,,2.0,,,,,37.0,28.0,
2月24日,地区级,江苏,宿迁,,2.0,,,,,13.0,11.0,
2月24日,地区级,江苏,地区待确认,,,,,,,,,
2月24日,省级,江苏,,,31.0,,,,,631.0,458.0,
2月24日,地区级,江西,南昌,,2.0,,,,,229.0,184.0,
2月24日,地区级,江西,景德镇,,,,,,,6.0,3.0,
2月24日,地区级,江西,萍乡,,,,,,,33.0,16.0,
2月24日,地区级,江西,九江,,5.0,,,,,118.0,62.0,
2月24日,地区级,江西,新余,,6.0,,,,,130.0,109.0,
2月24日,地区级,江西,鹰潭,,4.0,,,,,18.0,10.0,
2月24日,地区级,江西,赣州,,4.0,,,,,76.0,53.0,1.0
2月24日,地区级,江西,吉安,,,,,,,22.0,12.0,
2月24日,地区级,江西,宜春,,8.0,,,,,106.0,84.0,
2月24日,地区级,江西,抚州,,1.0,,,,,72.0,52.0,
2月24日,地区级,江西,上饶,,7.0,,,,,123.0,97.0,
2月24日,地区级,江西,赣江新区,,,,,,,1.0,,
2月24日,省级,江西,,,37.0,,,,,934.0,682.0,1.0
2月24日,地区级,吉林,长春,,5.0,,,,,45.0,32.0,
2月24日,地区级,吉林,吉林,,,,,,,5.0,5.0,
2月24日,地区级,吉林,四平,,,,,,,21.0,12.0,1.0
2月24日,地区级,吉林,辽源,,,,,,,7.0,1.0,
2月24日,地区级,吉林,通化,,,,,,,7.0,3.0,
2月24日,地区级,吉林,白山,,,,,,,,,
2月24日,地区级,吉林,松原,,,,,,,2.0,2.0,
2月24日,地区级,吉林,白城,,,,,,,1.0,,
2月24日,地区级,吉林,延边,,1.0,,,,,5.0,5.0,
2月24日,省级,吉林,,,6.0,,,,,93.0,60.0,1.0
2月24日,地区级,辽宁,沈阳,,2.0,,,,,28.0,20.0,
2月24日,地区级,辽宁,大连,,2.0,,,,,19.0,11.0,
2月24日,地区级,辽宁,鞍山,,,,,,,4.0,,
2月24日,地区级,辽宁,抚顺,,,,,,,,,
2月24日,地区级,辽宁,本溪,,,,,,,3.0,3.0,
2月24日,地区级,辽宁,丹东,,,,,,,7.0,6.0,
2月24日,地区级,辽宁,锦州,,,,,,,12.0,9.0,
2月24日,地区级,辽宁,营口,,,,,,,1.0,1.0,
2月24日,地区级,辽宁,阜新,,2.0,,,,,8.0,8.0,
2月24日,地区级,辽宁,辽阳,,,,,,,3.0,3.0,
2月24日,地区级,辽宁,盘锦,,2.0,,,,,11.0,9.0,
2月24日,地区级,辽宁,铁岭,,2.0,,,,,7.0,5.0,
2月24日,地区级,辽宁,朝阳市,,,,,,,6.0,3.0,
2月24日,地区级,辽宁,葫芦岛,,,,,,,12.0,5.0,1.0
2月24日,省级,辽宁,,,10.0,,,,,121.0,83.0,1.0
2月24日,地区级,内蒙古,通辽,,,,,,,7.0,1.0,
2月24日,地区级,内蒙古,鄂尔多斯,,2.0,,,,,11.0,9.0,
2月24日,地区级,内蒙古,包头,,1.0,,,,,11.0,5.0,
2月24日,地区级,内蒙古,赤峰,,,,,,,9.0,3.0,
2月24日,地区级,内蒙古,巴彦淖尔,,,,,,,8.0,6.0,
2月24日,地区级,内蒙古,锡林郭勒,,,,,,,9.0,2.0,
2月24日,地区级,内蒙古,呼和浩特,,,,,,,7.0,2.0,
2月24日,地区级,内蒙古,呼伦贝尔,,,,,,,7.0,4.0,
2月24日,地区级,内蒙古,乌兰察布,,,,,,,3.0,1.0,
2月24日,地区级,内蒙古,兴安盟,,,,,,,1.0,,
2月24日,地区级,内蒙古,乌海,,1.0,,,,,2.0,1.0,
2月24日,省级,内蒙古,,,4.0,,,,,75.0,34.0,
2月24日,地区级,宁夏,银川,,,,,,,33.0,29.0,
2月24日,地区级,宁夏,吴忠,,1.0,,,,,28.0,20.0,
2月24日,地区级,宁夏,固原,,,,,,,5.0,4.0,
2月24日,地区级,宁夏,中卫,,,,,,,3.0,3.0,
2月24日,地区级,宁夏,宁东,,,,,,,1.0,1.0,
2月24日,地区级,宁夏,石嘴山,,,,,,,1.0,1.0,
2月24日,地区级,宁夏,地区待确认,,,,,,,,,
2月24日,省级,宁夏,,,1.0,,,,,71.0,58.0,
2月24日,地区级,青海,西宁,,,,,,,15.0,15.0,
2月24日,地区级,青海,海东,,,,,,,,,
2月24日,地区级,青海,海北州,,,,,,,3.0,3.0,
2月24日,地区级,青海,黄南州,,,,,,,,,
2月24日,地区级,青海,海南州,,,,,,,,,
2月24日,地区级,青海,果洛州,,,,,,,,,
2月24日,地区级,青海,玉树州,,,,,,,,,
2月24日,地区级,青海,海西州,,,,,,,,,
2月24日,地区级,青海,地区待确认,,,,,,,,,
2月24日,省级,青海,,,,,,,,18.0,18.0,
2月24日,国家级,,,508.0,2589.0,71.0,,,,77658.0,27323.0,2663.0
2月24日,地区级,陕西,西安,,6.0,,,,,120.0,80.0,1.0
2月24日,地区级,陕西,宝鸡,,1.0,,,,,13.0,12.0,
2月24日,地区级,陕西,咸阳,,1.0,,,,,18.0,15.0,
2月24日,地区级,陕西,铜川,,,,,,,8.0,8.0,
2月24日,地区级,陕西,渭南,,,,,,,16.0,7.0,
2月24日,地区级,陕西,延安,,,,,,,8.0,8.0,
2月24日,地区级,陕西,榆林,,,,,,,3.0,3.0,
2月24日,地区级,陕西,汉中,,,,,,,26.0,10.0,
2月24日,地区级,陕西,安康,,,,,,,26.0,17.0,
2月24日,地区级,陕西,商洛,,,,,,,7.0,5.0,
2月24日,地区级,陕西,地区待确认,,5.0,,,,,,10.0,
2月24日,省级,陕西,,,13.0,,,,,245.0,175.0,1.0
2月24日,地区级,山东,济南,,,,,,,47.0,24.0,
2月24日,地区级,山东,青岛,,2.0,,,,,60.0,38.0,1.0
2月24日,地区级,山东,淄博,,2.0,1.0,,,,30.0,16.0,1.0
2月24日,地区级,山东,枣庄,,1.0,,,,,24.0,19.0,
2月24日,地区级,山东,东营,,,,,,,,,
2月24日,地区级,山东,烟台,,1.0,,,,,47.0,20.0,
2月24日,地区级,山东,潍坊,,,,,,,44.0,22.0,
2月24日,地区级,山东,济宁,,3.0,,,,,57.0,34.0,
2月24日,地区级,山东,泰安,,1.0,1.0,,,,35.0,22.0,2.0
2月24日,地区级,山东,威海,,3.0,,,,,38.0,25.0,
2月24日,地区级,山东,日照,,,,,,,16.0,11.0,
2月24日,地区级,山东,临沂,,,,,,,49.0,44.0,
2月24日,地区级,山东,德州,,3.0,,,,,37.0,15.0,2.0
2月24日,地区级,山东,聊城,,1.0,,,,,38.0,25.0,
2月24日,地区级,山东,滨州,,,,,,,15.0,11.0,
2月24日,地区级,山东,菏泽,,1.0,,,,,18.0,17.0,
2月24日,地区级,山东,任城监狱,,,,,,,200.0,,
2月24日,省级,山东,,,18.0,2.0,,,,755.0,343.0,6.0
2月24日,地区级,上海,外地来沪,,5.0,,,,,111.0,86.0,
2月24日,地区级,上海,徐汇,,,,,,,18.0,15.0,
2月24日,地区级,上海,浦东,,1.0,,,,,60.0,49.0,
2月24日,地区级,上海,宝山,,,,,,,21.0,12.0,
2月24日,地区级,上海,闵行,,1.0,,,,,19.0,17.0,
2月24日,地区级,上海,静安,,,,,,,16.0,12.0,
2月24日,地区级,上海,松江,,1.0,,,,,14.0,11.0,
2月24日,地区级,上海,长宁,,,,,,,13.0,12.0,
2月24日,地区级,上海,普陀,,1.0,,,,,11.0,9.0,
2月24日,地区级,上海,杨浦,,1.0,,,,,9.0,7.0,
2月24日,地区级,上海,嘉定,,,,,,,9.0,6.0,
2月24日,地区级,上海,奉贤,,2.0,,,,,9.0,7.0,
2月24日,地区级,上海,虹口,,,,,,,7.0,5.0,
2月24日,地区级,上海,黄浦,,,,,,,6.0,4.0,
2月24日,地区级,上海,青浦,,,,,,,5.0,5.0,
2月24日,地区级,上海,金山,,,,,,,3.0,2.0,
2月24日,地区级,上海,崇明,,,,,,,4.0,2.0,
2月24日,地区级,上海,地区待确认,,,,,,,,,
2月24日,省级,上海,,,12.0,,,,,335.0,261.0,3.0
2月24日,地区级,山西,太原,,2.0,,,,,20.0,14.0,
2月24日,地区级,山西,大同,,,,,,,12.0,8.0,
2月24日,地区级,山西,阳泉,,,,,,,4.0,4.0,
2月24日,地区级,山西,长治,,2.0,,,,,8.0,5.0,
2月24日,地区级,山西,晋城,,,,,,,10.0,5.0,
2月24日,地区级,山西,朔州,,1.0,,,,,8.0,6.0,
2月24日,地区级,山西,晋中,1.0,,,,,,37.0,23.0,
2月24日,地区级,山西,运城,,,,,,,19.0,17.0,
2月24日,地区级,山西,忻州,,,,,,,7.0,4.0,
2月24日,地区级,山西,临汾,,1.0,,,,,2.0,2.0,
2月24日,地区级,山西,吕梁,,,,,,,6.0,6.0,
2月24日,地区级,山西,地区待确认,,,,,,,,,
2月24日,省级,山西,,1.0,6.0,,,,,133.0,94.0,
2月24日,地区级,四川,成都,,1.0,,,,,143.0,79.0,
2月24日,地区级,四川,自贡,,,,,,,9.0,7.0,
2月24日,地区级,四川,攀枝花,,,,,,,16.0,16.0,
2月24日,地区级,四川,泸州,,2.0,,,,,24.0,10.0,
2月24日,地区级,四川,德阳,,,,,,,18.0,7.0,
2月24日,地区级,四川,绵阳,,,,,,,22.0,12.0,
2月24日,地区级,四川,广元,,,,,,,6.0,6.0,
2月24日,地区级,四川,遂宁,,,,,,,17.0,10.0,
2月24日,地区级,四川,内江,,2.0,,,,,22.0,13.0,
2月24日,地区级,四川,乐山,,1.0,,,,,3.0,3.0,
2月24日,地区级,四川,南充,,,,,,,39.0,22.0,
2月24日,地区级,四川,宜宾,,,,,,,12.0,8.0,
2月24日,地区级,四川,广安,,,,,,,30.0,20.0,
2月24日,地区级,四川,达州,1.0,2.0,,,,,42.0,15.0,
2月24日,地区级,四川,巴中,,,,,,,24.0,10.0,
2月24日,地区级,四川,雅安,,1.0,,,,,7.0,5.0,
2月24日,地区级,四川,眉山,,,,,,,8.0,6.0,
2月24日,地区级,四川,资阳,1.0,,,,,,4.0,2.0,
2月24日,地区级,四川,阿坝,,,,,,,1.0,1.0,
2月24日,地区级,四川,甘孜,,6.0,,,,,69.0,18.0,
2月24日,地区级,四川,凉山,,,,,,,13.0,8.0,
2月24日,地区级,四川,地区待确认,,,,,,,,,
2月24日,地区级,四川,地区待确认,,,,,,,,,
2月24日,地区级,四川,地区待确认,,,,,,,,,3.0
2月24日,省级,四川,,2.0,15.0,,,,,529.0,278.0,3.0
2月24日,地区级,台湾,台湾,2.0,,,,,,30.0,5.0,1.0
2月24日,省级,台湾,,2.0,,,,,,30.0,5.0,1.0
2月24日,地区级,天津,宝坻区,,4.0,,,,,60.0,30.0,2.0
2月24日,地区级,天津,河东区,,1.0,,,,,15.0,11.0,1.0
2月24日,地区级,天津,河北区,,,,,,,12.0,10.0,
2月24日,地区级,天津,和平区,,,,,,,6.0,5.0,
2月24日,地区级,天津,河西区,,,,,,,4.0,4.0,
2月24日,地区级,天津,宁河区,,,,,,,4.0,1.0,
2月24日,地区级,天津,东丽区,,,,,,,4.0,4.0,
2月24日,地区级,天津,西青区,,,,,,,4.0,4.0,
2月24日,地区级,天津,南开区,,,,,,,6.0,2.0,
2月24日,地区级,天津,滨海新区,,1.0,,,,,3.0,3.0,
2月24日,地区级,天津,红桥区,,,,,,,2.0,2.0,
2月24日,地区级,天津,津南区,,,,,,,1.0,1.0,
2月24日,地区级,天津,北辰区,,,,,,,6.0,3.0,
2月24日,地区级,天津,武清区,,,,,,,2.0,2.0,
2月24日,地区级,天津,外地来津,,,,,,,6.0,5.0,
2月24日,省级,天津,,,6.0,,,,,135.0,87.0,3.0
2月24日,地区级,香港,香港,7.0,7.0,,,,,81.0,19.0,2.0
2月24日,省级,香港,,7.0,7.0,,,,,81.0,19.0,2.0
2月24日,地区级,新疆,乌鲁木齐,,,,,,,23.0,,
2月24日,地区级,新疆,伊犁州,,,,,,,18.0,,
2月24日,地区级,新疆,昌吉州,,,,,,,4.0,,
2月24日,地区级,新疆,巴州,,,,,,,3.0,,
2月24日,地区级,新疆,阿克苏,,,,,,,1.0,,
2月24日,地区级,新疆,吐鲁番,,,,,,,3.0,,
2月24日,地区级,新疆,兵团第四师,,,,,,,10.0,,
2月24日,地区级,新疆,兵团第六师,,,,,,,2.0,,
2月24日,地区级,新疆,兵团第七师,,,,,,,1.0,,
2月24日,地区级,新疆,兵团第八师,,,,,,,4.0,,
2月24日,地区级,新疆,兵团第九师,,1.0,,,,,4.0,,
2月24日,地区级,新疆,兵团第十二师,,1.0,,,,,3.0,,
2月24日,省级,新疆,,0.0,2.0,0.0,0.0,,,76.0,30.0,2.0
2月24日,地区级,西藏,拉萨,,,,,,,1.0,1.0,
2月24日,省级,西藏,,,,,,,,1.0,1.0,
2月24日,地区级,云南,昆明,,4.0,,,,,53.0,40.0,
2月24日,地区级,云南,西双版纳州,,,,,,,15.0,12.0,1.0
2月24日,地区级,云南,玉溪,,3.0,,,,,14.0,12.0,1.0
2月24日,地区级,云南,昭通,,,,,,,25.0,10.0,
2月24日,地区级,云南,曲靖,,,,,,,13.0,9.0,
2月24日,地区级,云南,大理,,1.0,,,,,13.0,12.0,
2月24日,地区级,云南,保山,,,,,,,9.0,5.0,
2月24日,地区级,云南,丽江,,,,,,,7.0,7.0,
2月24日,地区级,云南,红河,,,,,,,9.0,4.0,
2月24日,地区级,云南,德宏州,,,,,,,5.0,2.0,
2月24日,地区级,云南,楚雄州,,,,,,,4.0,4.0,
2月24日,地区级,云南,普洱,,,,,,,4.0,4.0,
2月24日,地区级,云南,文山州,,1.0,,,,,2.0,2.0,
2月24日,地区级,云南,临沧,,,,,,,1.0,1.0,
2月24日,地区级,云南,地区待确认,,,,,,,,,
2月24日,省级,云南,,,9.0,,,,,174.0,124.0,2.0
2月24日,地区级,浙江,杭州,,5.0,,,,,169.0,136.0,
2月24日,地区级,浙江,宁波,,7.0,,,,,157.0,121.0,
2月24日,地区级,浙江,温州,,14.0,,,,,504.0,306.0,1.0
2月24日,地区级,浙江,湖州,,,,,,,10.0,7.0,
2月24日,地区级,浙江,嘉兴,,3.0,,,,,45.0,28.0,
2月24日,地区级,浙江,绍兴,,,,,,,42.0,30.0,
2月24日,地区级,浙江,金华,,,,,,,55.0,39.0,
2月24日,地区级,浙江,衢州,,,,,,,14.0,10.0,
2月24日,地区级,浙江,舟山,,,,,,,10.0,5.0,
2月24日,地区级,浙江,台州,,,,,,,146.0,98.0,
2月24日,地区级,浙江,丽水,,,,,,,17.0,14.0,
2月24日,地区级,浙江,省十里丰监狱,,,,,,,36.0,,
2月24日,省级,浙江,,,29.0,,,,,1205.0,794.0,1.0
2月25日,地区级,安徽,合肥,,8.0,,,,,174.0,,
2月25日,地区级,安徽,淮北,,3.0,,,,,27.0,,
2月25日,地区级,安徽,亳州,,6.0,,,,,108.0,,
2月25日,地区级,安徽,宿州,,,,,,,41.0,,
2月25日,地区级,安徽,蚌埠,,6.0,,,,,160.0,,
2月25日,地区级,安徽,阜阳,,5.0,,,,,155.0,,
2月25日,地区级,安徽,滁州,,,,,,,13.0,,
2月25日,地区级,安徽,六安,,1.0,,,,,69.0,,
2月25日,地区级,安徽,铜陵,,4.0,,,,,29.0,,
2月25日,地区级,安徽,马鞍山,,1.0,,,,,38.0,,
2月25日,地区级,安徽,池州,,,,,,,17.0,,
2月25日,地区级,安徽,安庆,,,,,,,83.0,,
2月25日,地区级,安徽,淮南,,,,,,,27.0,,
2月25日,地区级,安徽,芜湖,,1.0,,,,,33.0,,
2月25日,地区级,安徽,宣城,,,,,,,6.0,,
2月25日,地区级,安徽,黄山,,,,,,,9.0,,
2月25日,省级,安徽,,,35.0,,,,,989.0,727.0,6.0
2月25日,地区级,澳门,澳门,,1.0,,,,,10.0,7.0,
2月25日,省级,澳门,,,1.0,,,,,10.0,7.0,
2月25日,地区级,北京,东城,,,,,,,13.0,,
2月25日,地区级,北京,西城,,,,,,,53.0,,
2月25日,地区级,北京,朝阳,,,,,,,61.0,,
2月25日,地区级,北京,丰台,,,,,,,41.0,,
2月25日,地区级,北京,石景山,,,,,,,14.0,,
2月25日,地区级,北京,海淀,,,,,,,62.0,,
2月25日,地区级,北京,门头沟,,,,,,,3.0,,
2月25日,地区级,北京,房山,,,,,,,16.0,,
2月25日,地区级,北京,通州,,,,,,,19.0,,
2月25日,地区级,北京,顺义,,,,,,,10.0,,
2月25日,地区级,北京,昌平,,,,,,,29.0,,
2月25日,地区级,北京,大兴,,,,,,,39.0,,
2月25日,地区级,北京,怀柔,,,,,,,7.0,,
2月25日,地区级,北京,平谷,,,,,,,,,
2月25日,地区级,北京,密云,,,,,,,7.0,,
2月25日,地区级,北京,延庆,,,,,,,1.0,,
2月25日,地区级,北京,外地来京,,,,,,,25.0,,
2月25日,地区级,北京,地区待确认,,20.0,,,,,,235.0,4.0
2月25日,省级,北京,,,20.0,,,,,400.0,235.0,4.0
2月25日,地区级,重庆,万州区,,3.0,,,,,118.0,75.0,4.0
2月25日,地区级,重庆,黔江区,,,,,,,2.0,2.0,
2月25日,地区级,重庆,涪陵区,,,,,,,5.0,2.0,
2月25日,地区级,重庆,渝中区,,,,,,,20.0,16.0,
2月25日,地区级,重庆,大渡口区,,,,,,,7.0,6.0,
2月25日,地区级,重庆,江北区,,3.0,,,,,28.0,14.0,
2月25日,地区级,重庆,沙坪坝区,,1.0,,,,,9.0,2.0,
2月25日,地区级,重庆,九龙坡区,,1.0,,,,,21.0,12.0,1.0
2月25日,地区级,重庆,南岸区,,3.0,,,,,15.0,8.0,
2月25日,地区级,重庆,北碚区,,,,,,,,,
2月25日,地区级,重庆,渝北区,,1.0,,,,,17.0,11.0,
2月25日,地区级,重庆,巴南区,,,,,,,6.0,3.0,
2月25日,地区级,重庆,长寿区,,2.0,,,,,22.0,13.0,
2月25日,地区级,重庆,江津区,,,,,,,4.0,4.0,
2月25日,地区级,重庆,合川区,,1.0,,,,,23.0,15.0,
2月25日,地区级,重庆,永川区,,1.0,,,,,5.0,5.0,
2月25日,地区级,重庆,南川区,,,,,,,,,
2月25日,地区级,重庆,綦江区,,,,,,,23.0,13.0,
2月25日,地区级,重庆,大足区,,1.0,,,,,14.0,10.0,
2月25日,地区级,重庆,璧山区,,1.0,,,,,9.0,8.0,
2月25日,地区级,重庆,铜梁区,,,,,,,10.0,4.0,
2月25日,地区级,重庆,潼南区,,,,,,,18.0,7.0,
2月25日,地区级,重庆,荣昌区,,1.0,,,,,9.0,6.0,
2月25日,地区级,重庆,开州区,,,,,,,21.0,18.0,1.0
2月25日,地区级,重庆,梁平区,,,,,,,4.0,4.0,
2月25日,地区级,重庆,武隆区,,,,,,,1.0,1.0,
2月25日,地区级,重庆,城口县,,,,,,,2.0,2.0,
2月25日,地区级,重庆,丰都县,,,,,,,10.0,4.0,
2月25日,地区级,重庆,垫江县,,,,,,,20.0,10.0,
2月25日,地区级,重庆,忠县,,,,,,,21.0,18.0,
2月25日,地区级,重庆,云阳县,,,,,,,25.0,21.0,
2月25日,地区级,重庆,奉节县,,1.0,,,,,22.0,13.0,
2月25日,地区级,重庆,巫山县,,1.0,,,,,10.0,8.0,
2月25日,地区级,重庆,巫溪县,,1.0,,,,,14.0,11.0,
2月25日,地区级,重庆,石柱县,,,,,,,15.0,11.0,
2月25日,地区级,重庆,秀山县,,,,,,,1.0,1.0,
2月25日,地区级,重庆,酉阳县,,,,,,,1.0,,
2月25日,地区级,重庆,彭水县,,,,,,,2.0,,
2月25日,地区级,重庆,两江新区,,,,,,,17.0,10.0,
2月25日,地区级,重庆,高新区,,1.0,,,,,4.0,4.0,
2月25日,地区级,重庆,万盛经开区,,,,,,,1.0,,
2月25日,省级,重庆,,,23.0,,,,,576.0,372.0,6.0
2月25日,地区级,福建,地区待确认,,,,,,,,,
2月25日,地区级,福建,厦门,,3.0,,,,,35.0,30.0,
2月25日,地区级,福建,漳州,,1.0,,,,,20.0,15.0,
2月25日,地区级,福建,泉州,,2.0,,,,,47.0,23.0,
2月25日,地区级,福建,南平,,2.0,,,,,20.0,12.0,
2月25日,地区级,福建,福州,,5.0,,,,,71.0,61.0,1.0
2月25日,地区级,福建,莆田,,1.0,,,,,55.0,31.0,
2月25日,地区级,福建,宁德,,,,,,,26.0,20.0,
2月25日,地区级,福建,三明,,3.0,,,,,14.0,8.0,
2月25日,地区级,福建,龙岩,,,,,,,6.0,5.0,
2月25日,省级,福建,,,17.0,,,,,294.0,205.0,1.0
2月25日,地区级,甘肃,兰州,,,,,,,36.0,31.0,2.0
2月25日,地区级,甘肃,嘉峪关,,,,,,,,,
2月25日,地区级,甘肃,金昌,,,,,,,1.0,1.0,
2月25日,地区级,甘肃,白银,,,,,,,4.0,3.0,
2月25日,地区级,甘肃,天水,,,,,,,12.0,12.0,
2月25日,地区级,甘肃,武威,,,,,,,,,
2月25日,地区级,甘肃,张掖,,,,,,,2.0,2.0,
2月25日,地区级,甘肃,平凉,,,,,,,9.0,6.0,
2月25日,地区级,甘肃,酒泉,,,,,,,,,
2月25日,地区级,甘肃,庆阳,,,,,,,3.0,2.0,
2月25日,地区级,甘肃,定西,,,,,,,9.0,8.0,
2月25日,地区级,甘肃,陇南,,,,,,,4.0,4.0,
2月25日,地区级,甘肃,临夏,,,,,,,3.0,3.0,
2月25日,地区级,甘肃,甘南州,,,,,,,8.0,8.0,
2月25日,省级,甘肃,,,,,,,,91.0,80.0,2.0
2月25日,地区级,广东,深圳,,13.0,,,,,417.0,262.0,3.0
2月25日,地区级,广东,广州,,12.0,,,,,346.0,222.0,1.0
2月25日,地区级,广东,珠海,,3.0,,,,,98.0,59.0,1.0
2月25日,地区级,广东,佛山,,,,,,,84.0,36.0,
2月25日,地区级,广东,东莞,,4.0,,,,,97.0,40.0,1.0
2月25日,地区级,广东,中山,,2.0,,,,,66.0,53.0,
2月25日,地区级,广东,惠州,,3.0,,,,,62.0,49.0,
2月25日,地区级,广东,汕头,,,,,,,25.0,21.0,
2月25日,地区级,广东,江门,,1.0,,,,,23.0,10.0,
2月25日,地区级,广东,湛江,,,,,,,22.0,14.0,
2月25日,地区级,广东,肇庆,,,,,,,19.0,10.0,1.0
2月25日,地区级,广东,梅州,,,,,,,16.0,11.0,
2月25日,地区级,广东,阳江,,,,,,,14.0,10.0,
2月25日,地区级,广东,茂名,,,,,,,14.0,6.0,
2月25日,地区级,广东,清远,,,,,,,12.0,12.0,
2月25日,地区级,广东,韶关,,1.0,,,,,10.0,7.0,
2月25日,地区级,广东,揭阳,,,,,,,8.0,4.0,
2月25日,地区级,广东,汕尾,,,,,,,5.0,2.0,
2月25日,地区级,广东,潮州,,,,,,,5.0,4.0,
2月25日,地区级,广东,河源,,,,,,,4.0,1.0,
2月25日,地区级,广东,地区待确认,,-3.0,,,,,,8.0,
2月25日,省级,广东,,,36.0,,,,,1347.0,841.0,7.0
2月25日,地区级,广西,南宁,,2.0,,,,,55.0,,
2月25日,地区级,广西,柳州,,,,,,,24.0,,
2月25日,地区级,广西,桂林,,,,,,,32.0,,
2月25日,地区级,广西,梧州,,,,,,,5.0,,
2月25日,地区级,广西,北海,,3.0,,,,,44.0,,1.0
2月25日,地区级,广西,防城港,,,,,,,19.0,,
2月25日,地区级,广西,钦州,,,,,,,8.0,,
2月25日,地区级,广西,贵港,,,,,,,8.0,,
2月25日,地区级,广西,玉林,,1.0,,,,,11.0,,
2月25日,地区级,广西,百色,,1.0,,,,,3.0,,
2月25日,地区级,广西,贺州,,2.0,,,,,4.0,,
2月25日,地区级,广西,河池,,,,,,,28.0,,1.0
2月25日,地区级,广西,来宾,,,,,,,11.0,,
2月25日,地区级,广西,地区待确认,,,,,,,,,
2月25日,省级,广西,,,9.0,,,,,252.0,138.0,2.0
2月25日,地区级,贵州,贵阳,,,,,,,36.0,23.0,1.0
2月25日,地区级,贵州,六盘水,,,,,,,10.0,8.0,1.0
2月25日,地区级,贵州,铜仁,,,,,,,10.0,10.0,
2月25日,地区级,贵州,黔东南州,,,,,,,10.0,10.0,
2月25日,地区级,贵州,遵义,,,,,,,32.0,18.0,
2月25日,地区级,贵州,安顺,,,,,,,4.0,3.0,
2月25日,地区级,贵州,黔南州,,,,,,,17.0,13.0,
2月25日,地区级,贵州,毕节,,1.0,,,,,23.0,15.0,
2月25日,地区级,贵州,黔西南州,,,,,,,4.0,4.0,
2月25日,省级,贵州,,,1.0,,,,,146.0,104.0,2.0
2月25日,地区级,海南,海口,,6.0,,,,,39.0,29.0,
2月25日,地区级,海南,三亚,,1.0,,,,,54.0,40.0,1.0
2月25日,地区级,海南,三沙,,,,,,,,,
2月25日,地区级,海南,儋州,,,,,,,15.0,12.0,1.0
2月25日,地区级,海南,五指山,,,,,,,,,
2月25日,地区级,海南,琼海,,,,,,,6.0,4.0,1.0
2月25日,地区级,海南,文昌,,,,,,,3.0,3.0,
2月25日,地区级,海南,万宁,,,,,,,13.0,11.0,
2月25日,地区级,海南,东方,,,,,,,3.0,2.0,
2月25日,地区级,海南,定安县,,,,,,,3.0,2.0,1.0
2月25日,地区级,海南,屯昌县,,,,,,,,,
2月25日,地区级,海南,澄迈县,,,,,,,9.0,5.0,1.0
2月25日,地区级,海南,临高县,,1.0,,,,,6.0,6.0,
2月25日,地区级,海南,白沙县,,,,,,,,,
2月25日,地区级,海南,昌江县,,,,,,,7.0,3.0,
2月25日,地区级,海南,乐东,,,,,,,2.0,2.0,
2月25日,地区级,海南,陵水县,,,,,,,4.0,3.0,
2月25日,地区级,海南,保亭,,,,,,,3.0,1.0,
2月25日,地区级,海南,琼中县,,,,,,,1.0,1.0,
2月25日,地区级,海南,地区待确认,,,,,,,,,
2月25日,省级,海南,,,8.0,,,,,168.0,124.0,5.0
2月25日,地区级,河北,沧州,,2.0,,,,,48.0,33.0,3.0
2月25日,地区级,河北,唐山,,3.0,,,,,58.0,30.0,1.0
2月25日,地区级,河北,张家口,1.0,,,,,,35.0,32.0,
2月25日,地区级,河北,保定,,,,,,,32.0,42.0,
2月25日,地区级,河北,邯郸,,1.0,,,,,32.0,28.0,
2月25日,地区级,河北,廊坊,,,,,,,30.0,28.0,
2月25日,地区级,河北,石家庄,,,,,,,29.0,22.0,
2月25日,地区级,河北,邢台,,1.0,,,,,23.0,20.0,1.0
2月25日,地区级,河北,秦皇岛,,,,,,,10.0,8.0,1.0
2月25日,地区级,河北,衡水,,,,,,,8.0,8.0,
2月25日,地区级,河北,承德,,,,,,,7.0,7.0,
2月25日,地区级,河北,地区待确认,,,,,,,,,
2月25日,省级,河北,,1.0,7.0,,,,,312.0,248.0,6.0
2月25日,地区级,黑龙江,哈尔滨,,,,,,,198.0,77.0,3.0
2月25日,地区级,黑龙江,齐齐哈尔,,,,,,,43.0,26.0,1.0
2月25日,地区级,黑龙江,鸡西,,2.0,,,,,46.0,22.0,
2月25日,地区级,黑龙江,鹤岗,,,,,,,5.0,4.0,
2月25日,地区级,黑龙江,双鸭山,,4.0,,,,,52.0,24.0,3.0
2月25日,地区级,黑龙江,大庆,,,,,,,26.0,12.0,1.0
2月25日,地区级,黑龙江,伊春,,,,,,,1.0,,
2月25日,地区级,黑龙江,佳木斯,,,,,,,15.0,15.0,
2月25日,地区级,黑龙江,七台河,,1.0,,,,,17.0,11.0,
2月25日,地区级,黑龙江,牡丹江,,,,,,,14.0,8.0,
2月25日,地区级,黑龙江,黑河,,,,,,,14.0,9.0,
2月25日,地区级,黑龙江,绥化,,6.0,,,,,47.0,35.0,4.0
2月25日,地区级,黑龙江,大兴安岭,,,,,,,2.0,2.0,
2月25日,省级,黑龙江,,,13.0,,,,,480.0,245.0,12.0
2月25日,地区级,河南,信阳,,,,,,,274.0,,
2月25日,地区级,河南,南阳,,,,,,,155.0,,
2月25日,地区级,河南,郑州,,,,,,,157.0,,
2月25日,地区级,河南,驻马店,,,,,,,139.0,124.0,
2月25日,地区级,河南,商丘,,,,,,,91.0,,
2月25日,地区级,河南,周口,,,,,,,76.0,,
2月25日,地区级,河南,平顶山,,,,,,,58.0,,
2月25日,地区级,河南,新乡,,,,,,,57.0,48.0,
2月25日,地区级,河南,安阳,,4.0,,,,,53.0,41.0,
2月25日,地区级,河南,许昌,,,,,,,39.0,,
2月25日,地区级,河南,漯河,,,,,,,35.0,,
2月25日,地区级,河南,洛阳,,,,,,,31.0,,
2月25日,地区级,河南,焦作,,,,,,,32.0,,
2月25日,地区级,河南,开封,,,,,,,26.0,16.0,
2月25日,地区级,河南,鹤壁,,,,,,,19.0,,
2月25日,地区级,河南,濮阳,,,,,,,17.0,,
2月25日,地区级,河南,三门峡,,,,,,,7.0,,
2月25日,地区级,河南,济源示范区,,,,,,,5.0,,
2月25日,地区级,河南,地区待确认,,30.0,,,,,,794.0,19.0
2月25日,省级,河南,,,34.0,,,,,1271.0,1023.0,19.0
2月25日,地区级,湖北,武汉,370.0,1456.0,42.0,,,,47441.0,11793.0,2085.0
2月25日,地区级,湖北,孝感,19.0,60.0,3.0,,,,3501.0,1388.0,113.0
2月25日,地区级,湖北,黄冈,,92.0,1.0,,,,2904.0,1852.0,107.0
2月25日,地区级,湖北,随州,1.0,51.0,1.0,,,,1306.0,652.0,37.0
2月25日,地区级,湖北,荆州,1.0,46.0,2.0,,,,1577.0,822.0,44.0
2月25日,地区级,湖北,襄阳,,60.0,,,,,1175.0,653.0,30.0
2月25日,地区级,湖北,黄石,3.0,51.0,1.0,,,,1011.0,585.0,32.0
2月25日,地区级,湖北,宜昌,1.0,34.0,1.0,,,,927.0,362.0,30.0
2月25日,地区级,湖北,荆门,2.0,37.0,,,,,922.0,469.0,37.0
2月25日,地区级,湖北,鄂州,2.0,47.0,,,,,1387.0,543.0,41.0
2月25日,地区级,湖北,咸宁,,56.0,,,,,836.0,560.0,11.0
2月25日,地区级,湖北,十堰,,33.0,,,,,671.0,348.0,3.0
2月25日,地区级,湖北,仙桃,,21.0,,,,,575.0,337.0,19.0
2月25日,地区级,湖北,天门,1.0,4.0,,,,,496.0,286.0,13.0
2月25日,地区级,湖北,恩施州,,7.0,,,,,251.0,158.0,4.0
2月25日,地区级,湖北,潜江,1.0,3.0,1.0,,,,196.0,94.0,9.0
2月25日,地区级,湖北,神农架,,,,,,,11.0,10.0,
2月25日,地区级,湖北,监狱系统,,,,,,,,,
2月25日,地区级,湖北,地区待确认,,,,,,,,,
2月25日,省级,湖北,,401.0,2058.0,52.0,0.0,,,65187.0,20912.0,2615.0
2月25日,地区级,湖南,长沙,,7.0,,,,,242.0,159.0,2.0
2月25日,地区级,湖南,株洲,,2.0,,,,,80.0,54.0,
2月25日,地区级,湖南,湘潭,,3.0,,,,,36.0,29.0,
2月25日,地区级,湖南,衡阳,,,,,,,48.0,38.0,
2月25日,地区级,湖南,邵阳,,2.0,,,,,102.0,90.0,1.0
2月25日,地区级,湖南,岳阳,,8.0,,,,,156.0,106.0,1.0
2月25日,地区级,湖南,常德,,4.0,,,,,82.0,66.0,
2月25日,地区级,湖南,张家界,,,,,,,5.0,5.0,
2月25日,地区级,湖南,益阳,,1.0,,,,,59.0,56.0,
2月25日,地区级,湖南,郴州,,,,,,,39.0,31.0,
2月25日,地区级,湖南,永州,,,,,,,43.0,41.0,
2月25日,地区级,湖南,怀化,,,,,,,40.0,39.0,
2月25日,地区级,湖南,娄底,,1.0,,,,,76.0,57.0,
2月25日,地区级,湖南,湘西自治州,,,,,,,8.0,8.0,
2月25日,省级,湖南,,,28.0,,,,,1016.0,779.0,4.0
2月25日,地区级,江苏,南京,,1.0,,,,,93.0,58.0,
2月25日,地区级,江苏,无锡,,1.0,,,,,55.0,42.0,
2月25日,地区级,江苏,徐州,,,,,,,79.0,67.0,
2月25日,地区级,江苏,常州,,,,,,,51.0,41.0,
2月25日,地区级,江苏,苏州,,,,,,,87.0,57.0,
2月25日,地区级,江苏,南通,,1.0,,,,,40.0,35.0,
2月25日,地区级,江苏,连云港,,2.0,,,,,48.0,27.0,
2月25日,地区级,江苏,淮安,,,,,,,66.0,46.0,
2月25日,地区级,江苏,盐城,,,,,,,27.0,24.0,
2月25日,地区级,江苏,扬州,,,,,,,23.0,17.0,
2月25日,地区级,江苏,镇江,,,,,,,12.0,10.0,
2月25日,地区级,江苏,泰州,,,,,,,37.0,28.0,
2月25日,地区级,江苏,宿迁,,,,,,,13.0,11.0,
2月25日,地区级,江苏,地区待确认,,,,,,,,,
2月25日,省级,江苏,,,5.0,,,,,631.0,463.0,
2月25日,地区级,江西,南昌,,3.0,,,,,229.0,187.0,
2月25日,地区级,江西,景德镇,,,,,,,6.0,3.0,
2月25日,地区级,江西,萍乡,,2.0,,,,,33.0,18.0,
2月25日,地区级,江西,九江,,9.0,,,,,118.0,71.0,
2月25日,地区级,江西,新余,,2.0,,,,,130.0,111.0,
2月25日,地区级,江西,鹰潭,,,,,,,18.0,10.0,
2月25日,地区级,江西,赣州,,4.0,,,,,76.0,57.0,1.0
2月25日,地区级,江西,吉安,,1.0,,,,,22.0,13.0,
2月25日,地区级,江西,宜春,,6.0,,,,,106.0,90.0,
2月25日,地区级,江西,抚州,,6.0,,,,,72.0,58.0,
2月25日,地区级,江西,上饶,,4.0,,,,,123.0,101.0,
2月25日,地区级,江西,赣江新区,,,,,,,1.0,,
2月25日,省级,江西,,,37.0,,,,,934.0,719.0,1.0
2月25日,地区级,吉林,长春,,1.0,,,,,45.0,33.0,
2月25日,地区级,吉林,吉林,,,,,,,5.0,5.0,
2月25日,地区级,吉林,四平,,1.0,,,,,21.0,13.0,1.0
2月25日,地区级,吉林,辽源,,1.0,,,,,7.0,2.0,
2月25日,地区级,吉林,通化,,,,,,,7.0,3.0,
2月25日,地区级,吉林,白山,,,,,,,,,
2月25日,地区级,吉林,松原,,,,,,,2.0,2.0,
2月25日,地区级,吉林,白城,,,,,,,1.0,,
2月25日,地区级,吉林,延边,,,,,,,5.0,5.0,
2月25日,省级,吉林,,,3.0,,,,,93.0,63.0,1.0
2月25日,地区级,辽宁,沈阳,,2.0,,,,,28.0,22.0,
2月25日,地区级,辽宁,大连,,,,,,,19.0,11.0,
2月25日,地区级,辽宁,鞍山,,,,,,,4.0,,
2月25日,地区级,辽宁,抚顺,,,,,,,,,
2月25日,地区级,辽宁,本溪,,,,,,,3.0,3.0,
2月25日,地区级,辽宁,丹东,,,,,,,7.0,6.0,
2月25日,地区级,辽宁,锦州,,2.0,,,,,12.0,11.0,
2月25日,地区级,辽宁,营口,,,,,,,1.0,1.0,
2月25日,地区级,辽宁,阜新,,,,,,,8.0,8.0,
2月25日,地区级,辽宁,辽阳,,,,,,,3.0,3.0,
2月25日,地区级,辽宁,盘锦,,,,,,,11.0,9.0,
2月25日,地区级,辽宁,铁岭,,,,,,,7.0,5.0,
2月25日,地区级,辽宁,朝阳市,,,,,,,6.0,3.0,
2月25日,地区级,辽宁,葫芦岛,,1.0,,,,,12.0,6.0,1.0
2月25日,省级,辽宁,,,5.0,,,,,121.0,88.0,1.0
2月25日,地区级,内蒙古,通辽,,,,,,,7.0,1.0,
2月25日,地区级,内蒙古,鄂尔多斯,,,,,,,11.0,9.0,
2月25日,地区级,内蒙古,包头,,,,,,,11.0,5.0,
2月25日,地区级,内蒙古,赤峰,,1.0,,,,,9.0,4.0,
2月25日,地区级,内蒙古,巴彦淖尔,,,,,,,8.0,6.0,
2月25日,地区级,内蒙古,锡林郭勒,,,,,,,9.0,2.0,
2月25日,地区级,内蒙古,呼和浩特,,,,,,,7.0,2.0,
2月25日,地区级,内蒙古,呼伦贝尔,,,,,,,7.0,4.0,
2月25日,地区级,内蒙古,乌兰察布,,,,,,,3.0,1.0,
2月25日,地区级,内蒙古,兴安盟,,,,,,,1.0,,
2月25日,地区级,内蒙古,乌海,,,,,,,2.0,1.0,
2月25日,省级,内蒙古,,,1.0,,,,,75.0,35.0,
2月25日,地区级,宁夏,银川,,1.0,,,,,33.0,30.0,
2月25日,地区级,宁夏,吴忠,,2.0,,,,,28.0,22.0,
2月25日,地区级,宁夏,固原,,,,,,,5.0,4.0,
2月25日,地区级,宁夏,中卫,,,,,,,3.0,3.0,
2月25日,地区级,宁夏,宁东,,,,,,,1.0,1.0,
2月25日,地区级,宁夏,石嘴山,,,,,,,1.0,1.0,
2月25日,地区级,宁夏,地区待确认,,,,,,,,,
2月25日,省级,宁夏,,,3.0,,,,,71.0,61.0,
2月25日,国家级,,,406.0,2422.0,52.0,,,,78064.0,29745.0,2715.0
2月25日,地区级,陕西,西安,,7.0,,,,,120.0,87.0,1.0
2月25日,地区级,陕西,宝鸡,,,,,,,13.0,12.0,
2月25日,地区级,陕西,咸阳,,,,,,,18.0,15.0,
2月25日,地区级,陕西,铜川,,,,,,,8.0,8.0,
2月25日,地区级,陕西,渭南,,1.0,,,,,16.0,9.0,
2月25日,地区级,陕西,延安,,,,,,,8.0,8.0,
2月25日,地区级,陕西,榆林,,,,,,,3.0,3.0,
2月25日,地区级,陕西,汉中,,,,,,,26.0,10.0,
2月25日,地区级,陕西,安康,,3.0,,,,,26.0,20.0,
2月25日,地区级,陕西,商洛,,,,,,,7.0,5.0,
2月25日,地区级,陕西,地区待确认,,,,,,,,9.0,
2月25日,省级,陕西,,,11.0,,,,,245.0,186.0,1.0
2月25日,地区级,山东,济南,,,,,,,47.0,24.0,
2月25日,地区级,山东,青岛,,1.0,,,,,60.0,39.0,1.0
2月25日,地区级,山东,淄博,,,,,,,30.0,16.0,1.0
2月25日,地区级,山东,枣庄,,1.0,,,,,24.0,20.0,
2月25日,地区级,山东,东营,,,,,,,,,
2月25日,地区级,山东,烟台,,3.0,,,,,47.0,23.0,
2月25日,地区级,山东,潍坊,,2.0,,,,,44.0,24.0,
2月25日,地区级,山东,济宁,1.0,1.0,,,,,58.0,35.0,
2月25日,地区级,山东,泰安,,,,,,,35.0,22.0,2.0
2月25日,地区级,山东,威海,,2.0,,,,,38.0,27.0,
2月25日,地区级,山东,日照,,,,,,,16.0,11.0,
2月25日,地区级,山东,临沂,,1.0,,,,,49.0,45.0,
2月25日,地区级,山东,德州,,,,,,,37.0,15.0,2.0
2月25日,地区级,山东,聊城,,3.0,,,,,38.0,28.0,
2月25日,地区级,山东,滨州,,,,,,,15.0,11.0,
2月25日,地区级,山东,菏泽,,,,,,,18.0,17.0,
2月25日,地区级,山东,任城监狱,,,,,,,200.0,,
2月25日,省级,山东,,1.0,14.0,,,,,756.0,357.0,6.0
2月25日,地区级,上海,外地来沪,,3.0,,,,,111.0,89.0,
2月25日,地区级,上海,徐汇,,,,,,,18.0,15.0,
2月25日,地区级,上海,浦东,,1.0,,,,,60.0,50.0,
2月25日,地区级,上海,宝山,,,,,,,21.0,12.0,
2月25日,地区级,上海,闵行,,,,,,,19.0,17.0,
2月25日,地区级,上海,静安,,,,,,,16.0,12.0,
2月25日,地区级,上海,松江,,,,,,,14.0,11.0,
2月25日,地区级,上海,长宁,,1.0,,,,,13.0,13.0,
2月25日,地区级,上海,普陀,,,,,,,11.0,9.0,
2月25日,地区级,上海,杨浦,,,,,,,9.0,7.0,
2月25日,地区级,上海,嘉定,,,,,,,9.0,6.0,
2月25日,地区级,上海,奉贤,,,,,,,9.0,7.0,
2月25日,地区级,上海,虹口,,1.0,,,,,7.0,6.0,
2月25日,地区级,上海,黄浦,,,,,,,6.0,4.0,
2月25日,地区级,上海,青浦,1.0,,,,,,6.0,5.0,
2月25日,地区级,上海,金山,,1.0,,,,,3.0,3.0,
2月25日,地区级,上海,崇明,,,,,,,4.0,2.0,
2月25日,地区级,上海,地区待确认,,,,,,,,,
2月25日,省级,上海,,1.0,7.0,,,,,336.0,268.0,3.0
2月25日,地区级,山西,太原,,,,,,,20.0,14.0,
2月25日,地区级,山西,大同,,,,,,,12.0,8.0,
2月25日,地区级,山西,阳泉,,,,,,,4.0,4.0,
2月25日,地区级,山西,长治,,,,,,,8.0,5.0,
2月25日,地区级,山西,晋城,,,,,,,10.0,5.0,
2月25日,地区级,山西,朔州,,,,,,,8.0,6.0,
2月25日,地区级,山西,晋中,,2.0,,,,,37.0,25.0,
2月25日,地区级,山西,运城,,1.0,,,,,19.0,18.0,
2月25日,地区级,山西,忻州,,1.0,,,,,7.0,5.0,
2月25日,地区级,山西,临汾,,,,,,,2.0,2.0,
2月25日,地区级,山西,吕梁,,,,,,,6.0,6.0,
2月25日,地区级,山西,地区待确认,,,,,,,,,
2月25日,省级,山西,,,4.0,,,,,133.0,98.0,
2月25日,地区级,四川,成都,,2.0,,,,,143.0,81.0,
2月25日,地区级,四川,自贡,,1.0,,,,,9.0,8.0,
2月25日,地区级,四川,攀枝花,,,,,,,16.0,16.0,
2月25日,地区级,四川,泸州,,2.0,,,,,24.0,12.0,
2月25日,地区级,四川,德阳,,2.0,,,,,18.0,9.0,
2月25日,地区级,四川,绵阳,,2.0,,,,,22.0,14.0,
2月25日,地区级,四川,广元,,,,,,,6.0,6.0,
2月25日,地区级,四川,遂宁,,,,,,,17.0,10.0,
2月25日,地区级,四川,内江,,,,,,,22.0,13.0,
2月25日,地区级,四川,乐山,,,,,,,3.0,3.0,
2月25日,地区级,四川,南充,,1.0,,,,,39.0,23.0,
2月25日,地区级,四川,宜宾,,2.0,,,,,12.0,10.0,
2月25日,地区级,四川,广安,,,,,,,30.0,20.0,
2月25日,地区级,四川,达州,,,,,,,42.0,15.0,
2月25日,地区级,四川,巴中,,,,,,,24.0,10.0,
2月25日,地区级,四川,雅安,,1.0,,,,,7.0,6.0,
2月25日,地区级,四川,眉山,,,,,,,8.0,6.0,
2月25日,地区级,四川,资阳,,,,,,,4.0,2.0,
2月25日,地区级,四川,阿坝,,,,,,,1.0,1.0,
2月25日,地区级,四川,甘孜,2.0,,,,,,71.0,18.0,
2月25日,地区级,四川,凉山,,1.0,,,,,13.0,9.0,
2月25日,地区级,四川,地区待确认,,,,,,,,,
2月25日,地区级,四川,地区待确认,,,,,,,,,
2月25日,地区级,四川,地区待确认,,,,,,,,,3.0
2月25日,省级,四川,,2.0,14.0,,,,,531.0,292.0,3.0
2月25日,地区级,台湾,台湾,1.0,,,,,,31.0,5.0,1.0
2月25日,省级,台湾,,1.0,,,,,,31.0,5.0,1.0
2月25日,地区级,天津,宝坻区,,4.0,,,,,60.0,34.0,2.0
2月25日,地区级,天津,河东区,,,,,,,15.0,11.0,1.0
2月25日,地区级,天津,河北区,,,,,,,12.0,10.0,
2月25日,地区级,天津,和平区,,,,,,,6.0,5.0,
2月25日,地区级,天津,河西区,,,,,,,4.0,4.0,
2月25日,地区级,天津,宁河区,,,,,,,4.0,1.0,
2月25日,地区级,天津,东丽区,,,,,,,4.0,4.0,
2月25日,地区级,天津,西青区,,,,,,,4.0,4.0,
2月25日,地区级,天津,南开区,,,,,,,6.0,2.0,
2月25日,地区级,天津,滨海新区,,,,,,,3.0,3.0,
2月25日,地区级,天津,红桥区,,,,,,,2.0,2.0,
2月25日,地区级,天津,津南区,,,,,,,1.0,1.0,
2月25日,地区级,天津,北辰区,,,,,,,6.0,3.0,
2月25日,地区级,天津,武清区,,,,,,,2.0,2.0,
2月25日,地区级,天津,外地来津,,,,,,,6.0,5.0,
2月25日,省级,天津,,,4.0,,,,,135.0,91.0,3.0
2月25日,地区级,香港,香港,4.0,-1.0,,,,,85.0,18.0,2.0
2月25日,省级,香港,,4.0,-1.0,,,,,85.0,18.0,2.0
2月25日,地区级,新疆,乌鲁木齐,,,,,,,23.0,,
2月25日,地区级,新疆,伊犁州,,,,,,,18.0,,
2月25日,地区级,新疆,昌吉州,,,,,,,4.0,,
2月25日,地区级,新疆,巴州,,,,,,,3.0,,
2月25日,地区级,新疆,阿克苏,,,,,,,1.0,,
2月25日,地区级,新疆,吐鲁番,,,,,,,3.0,,
2月25日,地区级,新疆,兵团第四师,,,,,,,10.0,,
2月25日,地区级,新疆,兵团第六师,,,,,,,2.0,,
2月25日,地区级,新疆,兵团第七师,,,,,,,1.0,,
2月25日,地区级,新疆,兵团第八师,,,,,,,4.0,,
2月25日,地区级,新疆,兵团第九师,,,,,,,4.0,,
2月25日,地区级,新疆,兵团第十二师,,,,,,,3.0,,
2月25日,省级,新疆,,0.0,0.0,0.0,0.0,,,76.0,30.0,2.0
2月25日,地区级,西藏,拉萨,,,,,,,1.0,1.0,
2月25日,省级,西藏,,,,,,,,1.0,1.0,
2月25日,地区级,云南,昆明,,,,,,,53.0,36.0,
2月25日,地区级,云南,西双版纳州,,,,,,,15.0,12.0,1.0
2月25日,地区级,云南,玉溪,,,,,,,14.0,12.0,1.0
2月25日,地区级,云南,昭通,,1.0,,,,,25.0,15.0,
2月25日,地区级,云南,曲靖,,1.0,,,,,13.0,10.0,
2月25日,地区级,云南,大理,,,,,,,13.0,12.0,
2月25日,地区级,云南,保山,,2.0,,,,,9.0,7.0,
2月25日,地区级,云南,丽江,,,,,,,7.0,7.0,
2月25日,地区级,云南,红河,,1.0,,,,,9.0,5.0,
2月25日,地区级,云南,德宏州,,,,,,,5.0,2.0,
2月25日,地区级,云南,楚雄州,,,,,,,4.0,4.0,
2月25日,地区级,云南,普洱,,,,,,,4.0,4.0,
2月25日,地区级,云南,文山州,,,,,,,2.0,2.0,
2月25日,地区级,云南,临沧,,,,,,,1.0,1.0,
2月25日,地区级,云南,地区待确认,,,,,,,,,
2月25日,省级,云南,,,5.0,,,,,174.0,129.0,2.0
2月25日,地区级,浙江,杭州,,3.0,,,,,169.0,139.0,
2月25日,地区级,浙江,宁波,,1.0,,,,,157.0,122.0,
2月25日,地区级,浙江,温州,,11.0,,,,,504.0,317.0,1.0
2月25日,地区级,浙江,湖州,,,,,,,10.0,7.0,
2月25日,地区级,浙江,嘉兴,,,,,,,45.0,28.0,
2月25日,地区级,浙江,绍兴,,,,,,,42.0,30.0,
2月25日,地区级,浙江,金华,,,,,,,55.0,39.0,
2月25日,地区级,浙江,衢州,,1.0,,,,,14.0,11.0,
2月25日,地区级,浙江,舟山,,1.0,,,,,10.0,6.0,
2月25日,地区级,浙江,台州,,,,,,,146.0,98.0,
2月25日,地区级,浙江,丽水,,,,,,,17.0,14.0,
2月25日,地区级,浙江,省十里丰监狱,,3.0,,,,,36.0,3.0,
2月25日,省级,浙江,,,20.0,,,,,1205.0,814.0,1.0
2月26日,地区级,安徽,合肥,,8.0,,,,,174.0,,
2月26日,地区级,安徽,淮北,,2.0,,,,,27.0,,
2月26日,地区级,安徽,亳州,,2.0,,,,,108.0,,
2月26日,地区级,安徽,宿州,,1.0,,,,,41.0,,
2月26日,地区级,安徽,蚌埠,,8.0,,,,,160.0,,
2月26日,地区级,安徽,阜阳,,3.0,,,,,155.0,,
2月26日,地区级,安徽,滁州,,,,,,,13.0,,
2月26日,地区级,安徽,六安,,2.0,,,,,69.0,,
2月26日,地区级,安徽,铜陵,,,,,,,29.0,,
2月26日,地区级,安徽,马鞍山,,4.0,,,,,38.0,,
2月26日,地区级,安徽,池州,,,,,,,17.0,,
2月26日,地区级,安徽,安庆,,5.0,,,,,83.0,,
2月26日,地区级,安徽,淮南,,2.0,,,,,27.0,,
2月26日,地区级,安徽,芜湖,,,,,,,33.0,,
2月26日,地区级,安徽,宣城,,,,,,,6.0,,
2月26日,地区级,安徽,黄山,,,,,,,9.0,,
2月26日,省级,安徽,,,37.0,,,,,989.0,764.0,6.0
2月26日,地区级,澳门,澳门,,,,,,,10.0,7.0,
2月26日,省级,澳门,,,,,,,,10.0,7.0,
2月26日,地区级,北京,东城,,,,,,,13.0,,
2月26日,地区级,北京,西城,,,,,,,53.0,,
2月26日,地区级,北京,朝阳,9.0,,,,,,70.0,,
2月26日,地区级,北京,丰台,1.0,,,,,,42.0,,
2月26日,地区级,北京,石景山,,,,,,,14.0,,
2月26日,地区级,北京,海淀,,,,,,,62.0,,
2月26日,地区级,北京,门头沟,,,,,,,3.0,,
2月26日,地区级,北京,房山,,,,,,,16.0,,
2月26日,地区级,北京,通州,,,,,,,19.0,,
2月26日,地区级,北京,顺义,,,,,,,10.0,,
2月26日,地区级,北京,昌平,,,,,,,29.0,,
2月26日,地区级,北京,大兴,,,,,,,39.0,,
2月26日,地区级,北京,怀柔,,,,,,,7.0,,
2月26日,地区级,北京,平谷,,,,,,,,,
2月26日,地区级,北京,密云,,,,,,,7.0,,
2月26日,地区级,北京,延庆,,,,,,,1.0,,
2月26日,地区级,北京,外地来京,,,,,,,25.0,,
2月26日,地区级,北京,地区待确认,,13.0,1.0,,,,,248.0,5.0
2月26日,省级,北京,,10.0,13.0,1.0,,,,410.0,248.0,5.0
2月26日,地区级,重庆,万州区,,4.0,,,,,118.0,79.0,4.0
2月26日,地区级,重庆,黔江区,,,,,,,2.0,2.0,
2月26日,地区级,重庆,涪陵区,,,,,,,5.0,2.0,
2月26日,地区级,重庆,渝中区,,,,,,,20.0,16.0,
2月26日,地区级,重庆,大渡口区,,,,,,,7.0,6.0,
2月26日,地区级,重庆,江北区,,2.0,,,,,28.0,16.0,
2月26日,地区级,重庆,沙坪坝区,,1.0,,,,,9.0,3.0,
2月26日,地区级,重庆,九龙坡区,,,,,,,21.0,12.0,1.0
2月26日,地区级,重庆,南岸区,,,,,,,15.0,8.0,
2月26日,地区级,重庆,北碚区,,,,,,,,,
2月26日,地区级,重庆,渝北区,,,,,,,17.0,11.0,
2月26日,地区级,重庆,巴南区,,,,,,,6.0,3.0,
2月26日,地区级,重庆,长寿区,,1.0,,,,,22.0,14.0,
2月26日,地区级,重庆,江津区,,,,,,,4.0,4.0,
2月26日,地区级,重庆,合川区,,,,,,,23.0,15.0,
2月26日,地区级,重庆,永川区,,,,,,,5.0,5.0,
2月26日,地区级,重庆,南川区,,,,,,,,,
2月26日,地区级,重庆,綦江区,,,,,,,23.0,13.0,
2月26日,地区级,重庆,大足区,,,,,,,14.0,10.0,
2月26日,地区级,重庆,璧山区,,,,,,,9.0,8.0,
2月26日,地区级,重庆,铜梁区,,,,,,,10.0,4.0,
2月26日,地区级,重庆,潼南区,,,,,,,18.0,7.0,
2月26日,地区级,重庆,荣昌区,,,,,,,9.0,6.0,
2月26日,地区级,重庆,开州区,,,,,,,21.0,18.0,1.0
2月26日,地区级,重庆,梁平区,,,,,,,4.0,4.0,
2月26日,地区级,重庆,武隆区,,,,,,,1.0,1.0,
2月26日,地区级,重庆,城口县,,,,,,,2.0,2.0,
2月26日,地区级,重庆,丰都县,,,,,,,10.0,4.0,
2月26日,地区级,重庆,垫江县,,,,,,,20.0,10.0,
2月26日,地区级,重庆,忠县,,,,,,,21.0,18.0,
2月26日,地区级,重庆,云阳县,,,,,,,25.0,21.0,
2月26日,地区级,重庆,奉节县,,,,,,,22.0,13.0,
2月26日,地区级,重庆,巫山县,,,,,,,10.0,8.0,
2月26日,地区级,重庆,巫溪县,,1.0,,,,,14.0,12.0,
2月26日,地区级,重庆,石柱县,,,,,,,15.0,11.0,
2月26日,地区级,重庆,秀山县,,,,,,,1.0,1.0,
2月26日,地区级,重庆,酉阳县,,,,,,,1.0,,
2月26日,地区级,重庆,彭水县,,1.0,,,,,2.0,1.0,
2月26日,地区级,重庆,两江新区,,2.0,,,,,17.0,12.0,
2月26日,地区级,重庆,高新区,,,,,,,4.0,4.0,
2月26日,地区级,重庆,万盛经开区,,,,,,,1.0,,
2月26日,省级,重庆,,,12.0,,,,,576.0,384.0,6.0
2月26日,地区级,福建,地区待确认,,,,,,,,,
2月26日,地区级,福建,厦门,,1.0,,,,,35.0,31.0,
2月26日,地区级,福建,漳州,,,,,,,20.0,15.0,
2月26日,地区级,福建,泉州,,6.0,,,,,47.0,29.0,
2月26日,地区级,福建,南平,,,,,,,20.0,12.0,
2月26日,地区级,福建,福州,1.0,4.0,,,,,72.0,65.0,1.0
2月26日,地区级,福建,莆田,1.0,5.0,,,,,56.0,36.0,
2月26日,地区级,福建,宁德,,3.0,,,,,26.0,23.0,
2月26日,地区级,福建,三明,,,,,,,14.0,8.0,
2月26日,地区级,福建,龙岩,,1.0,,,,,6.0,6.0,
2月26日,省级,福建,,2.0,20.0,,,,,296.0,225.0,1.0
2月26日,地区级,甘肃,兰州,,1.0,,,,,36.0,32.0,
2月26日,地区级,甘肃,嘉峪关,,,,,,,,,
2月26日,地区级,甘肃,金昌,,,,,,,1.0,1.0,
2月26日,地区级,甘肃,白银,,,,,,,4.0,3.0,
2月26日,地区级,甘肃,天水,,,,,,,12.0,12.0,
2月26日,地区级,甘肃,武威,,,,,,,,,
2月26日,地区级,甘肃,张掖,,,,,,,2.0,2.0,
2月26日,地区级,甘肃,平凉,,,,,,,9.0,6.0,
2月26日,地区级,甘肃,酒泉,,,,,,,,,
2月26日,地区级,甘肃,庆阳,,,,,,,3.0,2.0,
2月26日,地区级,甘肃,定西,,,,,,,9.0,8.0,
2月26日,地区级,甘肃,陇南,,,,,,,4.0,4.0,
2月26日,地区级,甘肃,临夏,,,,,,,3.0,3.0,
2月26日,地区级,甘肃,甘南州,,,,,,,8.0,8.0,
2月26日,地区级,甘肃,地区待确认,,,,,,,,,2.0
2月26日,省级,甘肃,,,1.0,,,,,91.0,81.0,2.0
2月26日,地区级,广东,深圳,,9.0,,,,,417.0,271.0,3.0
2月26日,地区级,广东,广州,,8.0,,,,,346.0,230.0,1.0
2月26日,地区级,广东,珠海,,2.0,,,,,98.0,61.0,1.0
2月26日,地区级,广东,佛山,,,,,,,84.0,36.0,
2月26日,地区级,广东,东莞,,,,,,,97.0,40.0,1.0
2月26日,地区级,广东,中山,,,,,,,66.0,53.0,
2月26日,地区级,广东,惠州,,3.0,,,,,62.0,52.0,
2月26日,地区级,广东,汕头,,1.0,,,,,25.0,22.0,
2月26日,地区级,广东,江门,,1.0,,,,,23.0,11.0,
2月26日,地区级,广东,湛江,,,,,,,22.0,14.0,
2月26日,地区级,广东,肇庆,,3.0,,,,,19.0,13.0,1.0
2月26日,地区级,广东,梅州,,1.0,,,,,16.0,12.0,
2月26日,地区级,广东,阳江,,,,,,,14.0,10.0,
2月26日,地区级,广东,茂名,,,,,,,14.0,7.0,
2月26日,地区级,广东,清远,,,,,,,12.0,12.0,
2月26日,地区级,广东,韶关,,,,,,,10.0,7.0,
2月26日,地区级,广东,揭阳,,,,,,,8.0,5.0,
2月26日,地区级,广东,汕尾,,,,,,,5.0,2.0,
2月26日,地区级,广东,潮州,,,,,,,5.0,4.0,
2月26日,地区级,广东,河源,,1.0,,,,,4.0,3.0,
2月26日,地区级,广东,地区待确认,,3.0,,,,,,,
2月26日,地区级,广东,地区待确认,,,,,,,,8.0,
2月26日,省级,广东,,,32.0,,,,,1347.0,873.0,7.0
2月26日,地区级,广西,南宁,,6.0,,,,,55.0,,
2月26日,地区级,广西,柳州,,3.0,,,,,24.0,,
2月26日,地区级,广西,桂林,,1.0,,,,,32.0,,
2月26日,地区级,广西,梧州,,,,,,,5.0,,
2月26日,地区级,广西,北海,,5.0,,,,,44.0,,1.0
2月26日,地区级,广西,防城港,,,,,,,19.0,,
2月26日,地区级,广西,钦州,,,,,,,8.0,,
2月26日,地区级,广西,贵港,,1.0,,,,,8.0,,
2月26日,地区级,广西,玉林,,,,,,,11.0,,
2月26日,地区级,广西,百色,,,,,,,3.0,,
2月26日,地区级,广西,贺州,,,,,,,4.0,,
2月26日,地区级,广西,河池,,3.0,,,,,28.0,,1.0
2月26日,地区级,广西,来宾,,2.0,,,,,11.0,,
2月26日,地区级,广西,地区待确认,,,,,,,,,
2月26日,省级,广西,,,21.0,,,,,252.0,159.0,2.0
2月26日,地区级,贵州,贵阳,,4.0,,,,,36.0,27.0,1.0
2月26日,地区级,贵州,六盘水,,,,,,,10.0,8.0,1.0
2月26日,地区级,贵州,铜仁,,,,,,,10.0,10.0,
2月26日,地区级,贵州,黔东南州,,,,,,,10.0,10.0,
2月26日,地区级,贵州,遵义,,1.0,,,,,32.0,19.0,
2月26日,地区级,贵州,安顺,,1.0,,,,,4.0,4.0,
2月26日,地区级,贵州,黔南州,,2.0,,,,,17.0,15.0,
2月26日,地区级,贵州,毕节,,,,,,,23.0,15.0,
2月26日,地区级,贵州,黔西南州,,,,,,,4.0,4.0,
2月26日,省级,贵州,,,8.0,,,,,146.0,112.0,2.0
2月26日,地区级,海南,海口,,1.0,,,,,39.0,30.0,
2月26日,地区级,海南,三亚,,4.0,,,,,54.0,44.0,1.0
2月26日,地区级,海南,三沙,,,,,,,,,
2月26日,地区级,海南,儋州,,,,,,,15.0,12.0,1.0
2月26日,地区级,海南,五指山,,,,,,,,,
2月26日,地区级,海南,琼海,,,,,,,6.0,4.0,1.0
2月26日,地区级,海南,文昌,,,,,,,3.0,3.0,
2月26日,地区级,海南,万宁,,,,,,,13.0,11.0,
2月26日,地区级,海南,东方,,,,,,,3.0,2.0,
2月26日,地区级,海南,定安县,,,,,,,3.0,2.0,1.0
2月26日,地区级,海南,屯昌县,,,,,,,,,
2月26日,地区级,海南,澄迈县,,,,,,,9.0,5.0,1.0
2月26日,地区级,海南,临高县,,,,,,,6.0,6.0,
2月26日,地区级,海南,白沙县,,,,,,,,,
2月26日,地区级,海南,昌江县,,,,,,,7.0,3.0,
2月26日,地区级,海南,乐东,,,,,,,2.0,2.0,
2月26日,地区级,海南,陵水县,,,,,,,4.0,3.0,
2月26日,地区级,海南,保亭,,,,,,,3.0,1.0,
2月26日,地区级,海南,琼中县,,,,,,,1.0,1.0,
2月26日,地区级,海南,地区待确认,,,,,,,,,
2月26日,省级,海南,,,5.0,,,,,168.0,129.0,5.0
2月26日,地区级,河北,沧州,,2.0,,,,,48.0,35.0,3.0
2月26日,地区级,河北,唐山,,6.0,,,,,58.0,36.0,1.0
2月26日,地区级,河北,张家口,5.0,,,,,,40.0,32.0,
2月26日,地区级,河北,保定,,,,,,,32.0,42.0,
2月26日,地区级,河北,邯郸,,1.0,,,,,32.0,29.0,
2月26日,地区级,河北,廊坊,,2.0,,,,,30.0,30.0,
2月26日,地区级,河北,石家庄,,,,,,,29.0,22.0,
2月26日,地区级,河北,邢台,,2.0,,,,,23.0,22.0,1.0
2月26日,地区级,河北,秦皇岛,,,,,,,10.0,8.0,1.0
2月26日,地区级,河北,衡水,,,,,,,8.0,8.0,
2月26日,地区级,河北,承德,,,,,,,7.0,7.0,
2月26日,地区级,河北,地区待确认,,,,,,,,,
2月26日,省级,河北,,5.0,13.0,,,,,317.0,261.0,6.0
2月26日,地区级,黑龙江,哈尔滨,,1.0,1.0,,,,198.0,78.0,4.0
2月26日,地区级,黑龙江,齐齐哈尔,,2.0,,,,,43.0,28.0,1.0
2月26日,地区级,黑龙江,鸡西,,5.0,,,,,46.0,27.0,
2月26日,地区级,黑龙江,鹤岗,,,,,,,5.0,4.0,
2月26日,地区级,黑龙江,双鸭山,,5.0,,,,,52.0,29.0,3.0
2月26日,地区级,黑龙江,大庆,,2.0,,,,,26.0,14.0,1.0
2月26日,地区级,黑龙江,伊春,,,,,,,1.0,,
2月26日,地区级,黑龙江,佳木斯,,,,,,,15.0,15.0,
2月26日,地区级,黑龙江,七台河,,1.0,,,,,17.0,12.0,
2月26日,地区级,黑龙江,牡丹江,,1.0,,,,,14.0,9.0,
2月26日,地区级,黑龙江,黑河,,,,,,,14.0,9.0,
2月26日,地区级,黑龙江,绥化,,,,,,,47.0,35.0,4.0
2月26日,地区级,黑龙江,大兴安岭,,,,,,,2.0,2.0,
2月26日,省级,黑龙江,,,17.0,1.0,,,,480.0,262.0,13.0
2月26日,地区级,河南,信阳,,,,,,,274.0,,
2月26日,地区级,河南,南阳,1.0,,,,,,156.0,,
2月26日,地区级,河南,郑州,,,,,,,157.0,,
2月26日,地区级,河南,驻马店,,,,,,,139.0,124.0,
2月26日,地区级,河南,商丘,,,,,,,91.0,,
2月26日,地区级,河南,周口,,,,,,,76.0,,
2月26日,地区级,河南,平顶山,,,,,,,58.0,,
2月26日,地区级,河南,新乡,,,,,,,57.0,48.0,
2月26日,地区级,河南,安阳,,,,,,,53.0,,
2月26日,地区级,河南,许昌,,,,,,,39.0,,
2月26日,地区级,河南,漯河,,,,,,,35.0,,
2月26日,地区级,河南,洛阳,,,,,,,31.0,,
2月26日,地区级,河南,焦作,,,,,,,32.0,,
2月26日,地区级,河南,开封,,,,,,,26.0,16.0,
2月26日,地区级,河南,鹤壁,,,,,,,19.0,,
2月26日,地区级,河南,濮阳,,,,,,,17.0,,
2月26日,地区级,河南,三门峡,,,,,,,7.0,,
2月26日,地区级,河南,济源示范区,,,,,,,5.0,,
2月26日,地区级,河南,地区待确认,,39.0,1.0,,,,,874.0,20.0
2月26日,省级,河南,,1.0,39.0,1.0,,,,1272.0,1062.0,20.0
2月26日,地区级,湖北,武汉,383.0,1535.0,19.0,,,,47824.0,13328.0,2104.0
2月26日,地区级,湖北,孝感,15.0,234.0,,,,,3516.0,1622.0,113.0
2月26日,地区级,湖北,黄冈,,96.0,3.0,,,,2904.0,1948.0,110.0
2月26日,地区级,湖北,随州,1.0,41.0,,,,,1307.0,693.0,37.0
2月26日,地区级,湖北,荆州,2.0,45.0,1.0,,,,1579.0,867.0,45.0
2月26日,地区级,湖北,襄阳,,48.0,1.0,,,,1175.0,701.0,31.0
2月26日,地区级,湖北,黄石,2.0,28.0,1.0,,,,1013.0,613.0,33.0
2月26日,地区级,湖北,宜昌,2.0,34.0,,,,,929.0,396.0,30.0
2月26日,地区级,湖北,荆门,1.0,39.0,,,,,923.0,508.0,37.0
2月26日,地区级,湖北,鄂州,2.0,68.0,1.0,,,,1389.0,611.0,42.0
2月26日,地区级,湖北,咸宁,,47.0,,,,,836.0,607.0,11.0
2月26日,地区级,湖北,十堰,,24.0,,,,,671.0,372.0,3.0
2月26日,地区级,湖北,仙桃,,19.0,,,,,575.0,356.0,19.0
2月26日,地区级,湖北,天门,,21.0,,,,,496.0,307.0,13.0
2月26日,地区级,湖北,恩施州,,6.0,,,,,251.0,164.0,4.0
2月26日,地区级,湖北,潜江,1.0,3.0,,,,,197.0,97.0,9.0
2月26日,地区级,湖北,神农架,,,,,,,11.0,10.0,
2月26日,地区级,湖北,监狱系统,,,,,,,,,
2月26日,地区级,湖北,地区待确认,,,,,,,,,
2月26日,省级,湖北,,409.0,2288.0,26.0,0.0,,,65596.0,23200.0,2641.0
2月26日,地区级,湖南,长沙,,5.0,,,,,242.0,164.0,2.0
2月26日,地区级,湖南,株洲,,2.0,,,,,80.0,56.0,
2月26日,地区级,湖南,湘潭,,,,,,,36.0,29.0,
2月26日,地区级,湖南,衡阳,,,,,,,48.0,38.0,
2月26日,地区级,湖南,邵阳,,,,,,,102.0,90.0,1.0
2月26日,地区级,湖南,岳阳,,1.0,,,,,156.0,107.0,1.0
2月26日,地区级,湖南,常德,,1.0,,,,,82.0,67.0,
2月26日,地区级,湖南,张家界,,,,,,,5.0,5.0,
2月26日,地区级,湖南,益阳,,,,,,,59.0,56.0,
2月26日,地区级,湖南,郴州,,2.0,,,,,39.0,33.0,
2月26日,地区级,湖南,永州,1.0,1.0,,,,,44.0,42.0,
2月26日,地区级,湖南,怀化,,1.0,,,,,40.0,40.0,
2月26日,地区级,湖南,娄底,,1.0,,,,,76.0,58.0,
2月26日,地区级,湖南,湘西自治州,,,,,,,8.0,8.0,
2月26日,省级,湖南,,1.0,14.0,,,,,1017.0,793.0,4.0
2月26日,地区级,江苏,南京,,,,,,,93.0,58.0,
2月26日,地区级,江苏,无锡,,3.0,,,,,55.0,45.0,
2月26日,地区级,江苏,徐州,,2.0,,,,,79.0,69.0,
2月26日,地区级,江苏,常州,,7.0,,,,,51.0,48.0,
2月26日,地区级,江苏,苏州,,2.0,,,,,87.0,59.0,
2月26日,地区级,江苏,南通,,2.0,,,,,40.0,37.0,
2月26日,地区级,江苏,连云港,,6.0,,,,,48.0,33.0,
2月26日,地区级,江苏,淮安,,4.0,,,,,66.0,50.0,
2月26日,地区级,江苏,盐城,,1.0,,,,,27.0,25.0,
2月26日,地区级,江苏,扬州,,,,,,,23.0,17.0,
2月26日,地区级,江苏,镇江,,,,,,,12.0,10.0,
2月26日,地区级,江苏,泰州,,4.0,,,,,37.0,32.0,
2月26日,地区级,江苏,宿迁,,,,,,,13.0,11.0,
2月26日,地区级,江苏,地区待确认,,,,,,,,,
2月26日,省级,江苏,,,31.0,,,,,631.0,494.0,
2月26日,地区级,江西,南昌,,7.0,,,,,229.0,193.0,
2月26日,地区级,江西,景德镇,,,,,,,6.0,3.0,
2月26日,地区级,江西,萍乡,,2.0,,,,,33.0,20.0,
2月26日,地区级,江西,九江,,9.0,,,,,118.0,80.0,
2月26日,地区级,江西,新余,,4.0,,,,,130.0,115.0,
2月26日,地区级,江西,鹰潭,,1.0,,,,,18.0,11.0,
2月26日,地区级,江西,赣州,,4.0,,,,,76.0,61.0,1.0
2月26日,地区级,江西,吉安,,,,,,,22.0,13.0,
2月26日,地区级,江西,宜春,,5.0,,,,,106.0,95.0,
2月26日,地区级,江西,抚州,,3.0,,,,,72.0,61.0,
2月26日,地区级,江西,上饶,,,,,,,123.0,101.0,
2月26日,地区级,江西,赣江新区,,,,,,,1.0,1.0,
2月26日,省级,江西,,,35.0,,,,,934.0,754.0,1.0
2月26日,地区级,吉林,长春,,,,,,,45.0,33.0,
2月26日,地区级,吉林,吉林,,,,,,,5.0,5.0,
2月26日,地区级,吉林,四平,,2.0,,,,,21.0,15.0,1.0
2月26日,地区级,吉林,辽源,,,,,,,7.0,2.0,
2月26日,地区级,吉林,通化,,,,,,,7.0,3.0,
2月26日,地区级,吉林,白山,,,,,,,,,
2月26日,地区级,吉林,松原,,,,,,,2.0,2.0,
2月26日,地区级,吉林,白城,,,,,,,1.0,,
2月26日,地区级,吉林,延边,,,,,,,5.0,5.0,
2月26日,省级,吉林,,,2.0,,,,,93.0,65.0,1.0
2月26日,地区级,辽宁,沈阳,,1.0,,,,,28.0,23.0,
2月26日,地区级,辽宁,大连,,1.0,,,,,19.0,12.0,
2月26日,地区级,辽宁,鞍山,,1.0,,,,,4.0,1.0,
2月26日,地区级,辽宁,抚顺,,,,,,,,,
2月26日,地区级,辽宁,本溪,,,,,,,3.0,3.0,
2月26日,地区级,辽宁,丹东,,,,,,,7.0,6.0,
2月26日,地区级,辽宁,锦州,,,,,,,12.0,11.0,
2月26日,地区级,辽宁,营口,,,,,,,1.0,1.0,
2月26日,地区级,辽宁,阜新,,,,,,,8.0,8.0,
2月26日,地区级,辽宁,辽阳,,,,,,,3.0,3.0,
2月26日,地区级,辽宁,盘锦,,1.0,,,,,11.0,10.0,
2月26日,地区级,辽宁,铁岭,,,,,,,7.0,5.0,
2月26日,地区级,辽宁,朝阳市,,,,,,,6.0,3.0,
2月26日,地区级,辽宁,葫芦岛,,,,,,,12.0,6.0,1.0
2月26日,省级,辽宁,,,4.0,,,,,121.0,92.0,1.0
2月26日,地区级,内蒙古,通辽,,1.0,,,,,7.0,2.0,
2月26日,地区级,内蒙古,鄂尔多斯,,,,,,,11.0,9.0,
2月26日,地区级,内蒙古,包头,,,,,,,11.0,5.0,
2月26日,地区级,内蒙古,赤峰,,1.0,,,,,9.0,5.0,
2月26日,地区级,内蒙古,巴彦淖尔,,,,,,,8.0,6.0,
2月26日,地区级,内蒙古,锡林郭勒,,,,,,,9.0,2.0,
2月26日,地区级,内蒙古,呼和浩特,,,,,,,7.0,2.0,
2月26日,地区级,内蒙古,呼伦贝尔,,,,,,,7.0,4.0,
2月26日,地区级,内蒙古,乌兰察布,,1.0,,,,,3.0,2.0,
2月26日,地区级,内蒙古,兴安盟,,,,,,,1.0,,
2月26日,地区级,内蒙古,乌海,,,,,,,2.0,1.0,
2月26日,省级,内蒙古,,,3.0,,,,,75.0,38.0,
2月26日,地区级,宁夏,银川,,,,,,,33.0,30.0,
2月26日,地区级,宁夏,吴忠,,3.0,,,,,28.0,25.0,
2月26日,地区级,宁夏,固原,,1.0,,,,,5.0,5.0,
2月26日,地区级,宁夏,中卫,1.0,,,,,,4.0,3.0,
2月26日,地区级,宁夏,宁东,,,,,,,1.0,1.0,
2月26日,地区级,宁夏,石嘴山,,,,,,,1.0,1.0,
2月26日,地区级,宁夏,地区待确认,,,,,,,,,
2月26日,省级,宁夏,,1.0,4.0,,,,,72.0,65.0,
2月26日,地区级,青海,西宁,,,,,,,15.0,15.0,
2月26日,地区级,青海,海东,,,,,,,,,
2月26日,地区级,青海,海北州,,,,,,,3.0,3.0,
2月26日,地区级,青海,黄南州,,,,,,,,,
2月26日,地区级,青海,海南州,,,,,,,,,
2月26日,地区级,青海,果洛州,,,,,,,,,
2月26日,地区级,青海,玉树州,,,,,,,,,
2月26日,地区级,青海,海西州,,,,,,,,,
2月26日,地区级,青海,地区待确认,,,,,,,,,
2月26日,省级,青海,,,,,,,,18.0,18.0,
2月26日,国家级,,,433.0,2750.0,29.0,,,,78497.0,32495.0,2744.0
2月26日,地区级,陕西,西安,,5.0,,,,,120.0,92.0,1.0
2月26日,地区级,陕西,宝鸡,,,,,,,13.0,12.0,
2月26日,地区级,陕西,咸阳,,,,,,,18.0,15.0,
2月26日,地区级,陕西,铜川,,,,,,,8.0,8.0,
2月26日,地区级,陕西,渭南,,1.0,,,,,16.0,9.0,
2月26日,地区级,陕西,延安,,,,,,,8.0,8.0,
2月26日,地区级,陕西,榆林,,,,,,,3.0,3.0,
2月26日,地区级,陕西,汉中,,,,,,,26.0,10.0,
2月26日,地区级,陕西,安康,,,,,,,26.0,20.0,
2月26日,地区级,陕西,商洛,,1.0,,,,,7.0,6.0,
2月26日,地区级,陕西,地区待确认,,1.0,,,,,,11.0,
2月26日,省级,陕西,,,8.0,,,,,245.0,194.0,1.0
2月26日,地区级,山东,济南,,1.0,,,,,47.0,25.0,
2月26日,地区级,山东,青岛,,3.0,,,,,60.0,42.0,1.0
2月26日,地区级,山东,淄博,,2.0,,,,,30.0,18.0,1.0
2月26日,地区级,山东,枣庄,,2.0,,,,,24.0,22.0,
2月26日,地区级,山东,东营,,,,,,,,,
2月26日,地区级,山东,烟台,,3.0,,,,,47.0,26.0,
2月26日,地区级,山东,潍坊,,,,,,,44.0,24.0,
2月26日,地区级,山东,济宁,,8.0,,,,,58.0,43.0,
2月26日,地区级,山东,泰安,,1.0,,,,,35.0,23.0,2.0
2月26日,地区级,山东,威海,,,,,,,38.0,27.0,
2月26日,地区级,山东,日照,,1.0,,,,,16.0,12.0,
2月26日,地区级,山东,临沂,,,,,,,49.0,45.0,
2月26日,地区级,山东,德州,,,,,,,37.0,15.0,2.0
2月26日,地区级,山东,聊城,,2.0,,,,,38.0,30.0,
2月26日,地区级,山东,滨州,,1.0,,,,,15.0,12.0,
2月26日,地区级,山东,菏泽,,,,,,,18.0,17.0,
2月26日,地区级,山东,任城监狱,,,,,,,200.0,,
2月26日,省级,山东,,,24.0,,,,,756.0,381.0,6.0
2月26日,地区级,上海,外地来沪,,,,,,,111.0,89.0,
2月26日,地区级,上海,徐汇,,,,,,,18.0,15.0,
2月26日,地区级,上海,浦东,,,,,,,60.0,50.0,
2月26日,地区级,上海,宝山,,1.0,,,,,21.0,13.0,
2月26日,地区级,上海,闵行,,,,,,,19.0,17.0,
2月26日,地区级,上海,静安,,1.0,,,,,16.0,13.0,
2月26日,地区级,上海,松江,,,,,,,14.0,11.0,
2月26日,地区级,上海,长宁,,,,,,,13.0,13.0,
2月26日,地区级,上海,普陀,,,,,,,11.0,9.0,
2月26日,地区级,上海,杨浦,,,,,,,9.0,7.0,
2月26日,地区级,上海,嘉定,,,,,,,9.0,6.0,
2月26日,地区级,上海,奉贤,,1.0,,,,,9.0,8.0,
2月26日,地区级,上海,虹口,,,,,,,7.0,6.0,
2月26日,地区级,上海,黄浦,,,,,,,6.0,4.0,
2月26日,地区级,上海,青浦,,,,,,,6.0,5.0,
2月26日,地区级,上海,金山,1.0,,,,,,4.0,3.0,
2月26日,地区级,上海,崇明,,1.0,,,,,4.0,3.0,
2月26日,地区级,上海,地区待确认,,,,,,,,,
2月26日,省级,上海,,1.0,4.0,,,,,337.0,272.0,3.0
2月26日,地区级,山西,太原,,2.0,,,,,20.0,16.0,
2月26日,地区级,山西,大同,,,,,,,12.0,8.0,
2月26日,地区级,山西,阳泉,,,,,,,4.0,4.0,
2月26日,地区级,山西,长治,,2.0,,,,,8.0,7.0,
2月26日,地区级,山西,晋城,,2.0,,,,,10.0,7.0,
2月26日,地区级,山西,朔州,,,,,,,8.0,6.0,
2月26日,地区级,山西,晋中,,,,,,,37.0,25.0,
2月26日,地区级,山西,运城,,,,,,,19.0,18.0,
2月26日,地区级,山西,忻州,,,,,,,7.0,5.0,
2月26日,地区级,山西,临汾,,,,,,,2.0,2.0,
2月26日,地区级,山西,吕梁,,,,,,,6.0,6.0,
2月26日,地区级,山西,地区待确认,,,,,,,,,
2月26日,省级,山西,,,6.0,,,,,133.0,104.0,
2月26日,地区级,四川,成都,,2.0,,,,,143.0,83.0,
2月26日,地区级,四川,自贡,,,,,,,9.0,8.0,
2月26日,地区级,四川,攀枝花,,,,,,,16.0,16.0,
2月26日,地区级,四川,泸州,,5.0,,,,,24.0,17.0,
2月26日,地区级,四川,德阳,,,,,,,18.0,9.0,
2月26日,地区级,四川,绵阳,,,,,,,22.0,14.0,
2月26日,地区级,四川,广元,,,,,,,6.0,6.0,
2月26日,地区级,四川,遂宁,,3.0,,,,,17.0,13.0,
2月26日,地区级,四川,内江,,2.0,,,,,22.0,15.0,
2月26日,地区级,四川,乐山,,,,,,,3.0,3.0,
2月26日,地区级,四川,南充,,,,,,,39.0,23.0,
2月26日,地区级,四川,宜宾,,,,,,,12.0,10.0,
2月26日,地区级,四川,广安,,,,,,,30.0,20.0,
2月26日,地区级,四川,达州,,5.0,,,,,42.0,20.0,
2月26日,地区级,四川,巴中,,1.0,,,,,24.0,11.0,
2月26日,地区级,四川,雅安,,,,,,,7.0,6.0,
2月26日,地区级,四川,眉山,,,,,,,8.0,6.0,
2月26日,地区级,四川,资阳,,,,,,,4.0,2.0,
2月26日,地区级,四川,阿坝,,,,,,,1.0,1.0,
2月26日,地区级,四川,甘孜,3.0,,,,,,74.0,18.0,
2月26日,地区级,四川,凉山,,,,,,,13.0,9.0,
2月26日,地区级,四川,地区待确认,,,,,,,,,
2月26日,地区级,四川,地区待确认,,,,,,,,,
2月26日,地区级,四川,地区待确认,,,,,,,,,3.0
2月26日,省级,四川,,3.0,18.0,,,,,534.0,310.0,3.0
2月26日,地区级,台湾,台湾,1.0,,,,,,32.0,5.0,1.0
2月26日,省级,台湾,,1.0,,,,,,32.0,5.0,1.0
2月26日,地区级,天津,宝坻区,,5.0,,,,,60.0,39.0,2.0
2月26日,地区级,天津,河东区,,,,,,,15.0,11.0,1.0
2月26日,地区级,天津,河北区,,,,,,,12.0,10.0,
2月26日,地区级,天津,和平区,,,,,,,6.0,5.0,
2月26日,地区级,天津,河西区,,,,,,,4.0,4.0,
2月26日,地区级,天津,宁河区,,,,,,,4.0,1.0,
2月26日,地区级,天津,东丽区,,,,,,,4.0,4.0,
2月26日,地区级,天津,西青区,,,,,,,4.0,4.0,
2月26日,地区级,天津,南开区,,,,,,,6.0,2.0,
2月26日,地区级,天津,滨海新区,,,,,,,3.0,3.0,
2月26日,地区级,天津,红桥区,,,,,,,2.0,2.0,
2月26日,地区级,天津,津南区,,,,,,,1.0,1.0,
2月26日,地区级,天津,北辰区,,,,,,,6.0,3.0,
2月26日,地区级,天津,武清区,,,,,,,2.0,2.0,
2月26日,地区级,天津,外地来津,,,,,,,6.0,5.0,
2月26日,省级,天津,,,5.0,,,,,135.0,96.0,3.0
2月26日,地区级,香港,香港,6.0,6.0,,,,,91.0,24.0,2.0
2月26日,省级,香港,,6.0,6.0,,,,,91.0,24.0,2.0
2月26日,地区级,新疆,乌鲁木齐,,,,,,,23.0,,
2月26日,地区级,新疆,伊犁州,,2.0,,,,,18.0,,
2月26日,地区级,新疆,昌吉州,,,,,,,4.0,,
2月26日,地区级,新疆,巴州,,1.0,,,,,3.0,,
2月26日,地区级,新疆,阿克苏,,,,,,,1.0,,
2月26日,地区级,新疆,吐鲁番,,,,,,,3.0,,
2月26日,地区级,新疆,兵团第四师,,1.0,,,,,10.0,,
2月26日,地区级,新疆,兵团第六师,,,,,,,2.0,,
2月26日,地区级,新疆,兵团第七师,,,,,,,1.0,,
2月26日,地区级,新疆,兵团第八师,,,,,,,4.0,,
2月26日,地区级,新疆,兵团第九师,,,,,,,4.0,,
2月26日,地区级,新疆,兵团第十二师,,,,,,,3.0,,
2月26日,省级,新疆,,0.0,4.0,0.0,0.0,,,76.0,34.0,2.0
2月26日,地区级,西藏,拉萨,,,,,,,1.0,1.0,
2月26日,省级,西藏,,,,,,,,1.0,1.0,
2月26日,地区级,云南,昆明,,12.0,,,,,53.0,48.0,
2月26日,地区级,云南,西双版纳州,,,,,,,15.0,12.0,1.0
2月26日,地区级,云南,玉溪,,,,,,,14.0,12.0,1.0
2月26日,地区级,云南,昭通,,,,,,,25.0,15.0,
2月26日,地区级,云南,曲靖,,,,,,,13.0,10.0,
2月26日,地区级,云南,大理,,,,,,,13.0,12.0,
2月26日,地区级,云南,保山,,1.0,,,,,9.0,8.0,
2月26日,地区级,云南,丽江,,,,,,,7.0,7.0,
2月26日,地区级,云南,红河,,,,,,,9.0,5.0,
2月26日,地区级,云南,德宏州,,2.0,,,,,5.0,4.0,
2月26日,地区级,云南,楚雄州,,,,,,,4.0,4.0,
2月26日,地区级,云南,普洱,,,,,,,4.0,4.0,
2月26日,地区级,云南,文山州,,,,,,,2.0,2.0,
2月26日,地区级,云南,临沧,,,,,,,1.0,1.0,
2月26日,地区级,云南,地区待确认,,,,,,,,,
2月26日,省级,云南,,,15.0,,,,,174.0,144.0,2.0
2月26日,地区级,浙江,杭州,,6.0,,,,,169.0,145.0,
2月26日,地区级,浙江,宁波,,12.0,,,,,157.0,134.0,
2月26日,地区级,浙江,温州,,37.0,,,,,504.0,354.0,1.0
2月26日,地区级,浙江,湖州,,,,,,,10.0,7.0,
2月26日,地区级,浙江,嘉兴,,4.0,,,,,45.0,32.0,
2月26日,地区级,浙江,绍兴,,1.0,,,,,42.0,31.0,
2月26日,地区级,浙江,金华,,4.0,,,,,55.0,43.0,
2月26日,地区级,浙江,衢州,,,,,,,14.0,11.0,
2月26日,地区级,浙江,舟山,,,,,,,10.0,6.0,
2月26日,地区级,浙江,台州,,3.0,,,,,146.0,101.0,
2月26日,地区级,浙江,丽水,,,,,,,17.0,14.0,
2月26日,地区级,浙江,省十里丰监狱,,,,,,,36.0,3.0,
2月26日,省级,浙江,,,67.0,,,,,1205.0,881.0,1.0
2月27日,地区级,新疆,乌鲁木齐,,1.0,,,,,23.0,,
2月27日,地区级,新疆,伊犁州,,2.0,,,,,18.0,,
2月27日,地区级,新疆,昌吉州,,,,,,,4.0,,
2月27日,地区级,新疆,巴州,,,,,,,3.0,,
2月27日,地区级,新疆,阿克苏,,,,,,,1.0,,
2月27日,地区级,新疆,吐鲁番,,,,,,,3.0,,
2月27日,地区级,新疆,兵团第四师,,3.0,1.0,,,,10.0,,
2月27日,地区级,新疆,兵团第六师,,1.0,,,,,2.0,,
2月27日,地区级,新疆,兵团第七师,,,,,,,1.0,,
2月27日,地区级,新疆,兵团第八师,,,,,,,4.0,,
2月27日,地区级,新疆,兵团第九师,,,,,,,4.0,,
2月27日,地区级,新疆,兵团第十二师,,2.0,,,,,3.0,,
2月27日,省级,新疆,,0.0,9.0,1.0,0.0,,,76.0,43.0,3.0
2月27日,地区级,山东,济南,,,,,,,47.0,25.0,
2月27日,地区级,山东,青岛,,3.0,,,,,60.0,45.0,1.0
2月27日,地区级,山东,淄博,,,,,,,30.0,18.0,1.0
2月27日,地区级,山东,枣庄,,,,,,,24.0,22.0,
2月27日,地区级,山东,东营,,,,,,,,,
2月27日,地区级,山东,烟台,,2.0,,,,,47.0,28.0,
2月27日,地区级,山东,潍坊,,,,,,,44.0,24.0,
2月27日,地区级,山东,济宁,,,,,,,58.0,43.0,
2月27日,地区级,山东,泰安,,1.0,,,,,35.0,24.0,2.0
2月27日,地区级,山东,威海,,1.0,,,,,38.0,28.0,
2月27日,地区级,山东,日照,,,,,,,16.0,12.0,
2月27日,地区级,山东,临沂,,,,,,,49.0,45.0,
2月27日,地区级,山东,德州,,,,,,,37.0,15.0,2.0
2月27日,地区级,山东,聊城,,2.0,,,,,38.0,32.0,
2月27日,地区级,山东,滨州,,,,,,,15.0,12.0,
2月27日,地区级,山东,菏泽,,,,,,,18.0,17.0,
2月27日,地区级,山东,任城监狱,,,,,,,200.0,,
2月27日,省级,山东,,,9.0,,,,,756.0,390.0,6.0
2月27日,地区级,内蒙古,通辽,,,,,,,7.0,2.0,
2月27日,地区级,内蒙古,鄂尔多斯,,,,,,,11.0,9.0,
2月27日,地区级,内蒙古,包头,,,,,,,11.0,5.0,
2月27日,地区级,内蒙古,赤峰,,3.0,,,,,9.0,8.0,
2月27日,地区级,内蒙古,巴彦淖尔,,,,,,,8.0,6.0,
2月27日,地区级,内蒙古,锡林郭勒,,,,,,,9.0,2.0,
2月27日,地区级,内蒙古,呼和浩特,,,,,,,7.0,2.0,
2月27日,地区级,内蒙古,呼伦贝尔,,,,,,,7.0,4.0,
2月27日,地区级,内蒙古,乌兰察布,,,,,,,3.0,2.0,
2月27日,地区级,内蒙古,兴安盟,,1.0,,,,,1.0,1.0,
2月27日,地区级,内蒙古,乌海,,1.0,,,,,2.0,2.0,
2月27日,省级,内蒙古,,,5.0,,,,,75.0,43.0,
2月27日,地区级,江苏,南京,,,,,,,93.0,58.0,
2月27日,地区级,江苏,无锡,,2.0,,,,,55.0,47.0,
2月27日,地区级,江苏,徐州,,2.0,,,,,79.0,71.0,
2月27日,地区级,江苏,常州,,,,,,,51.0,48.0,
2月27日,地区级,江苏,苏州,,,,,,,87.0,59.0,
2月27日,地区级,江苏,南通,,,,,,,40.0,37.0,
2月27日,地区级,江苏,连云港,,2.0,,,,,48.0,35.0,
2月27日,地区级,江苏,淮安,,,,,,,66.0,50.0,
2月27日,地区级,江苏,盐城,,,,,,,27.0,25.0,
2月27日,地区级,江苏,扬州,,,,,,,23.0,17.0,
2月27日,地区级,江苏,镇江,,,,,,,12.0,10.0,
2月27日,地区级,江苏,泰州,,5.0,,,,,37.0,37.0,
2月27日,地区级,江苏,宿迁,,1.0,,,,,13.0,12.0,
2月27日,地区级,江苏,地区待确认,,,,,,,,,
2月27日,省级,江苏,,,12.0,,,,,631.0,506.0,
2月27日,地区级,重庆,万州区,,2.0,,,,,118.0,81.0,4.0
2月27日,地区级,重庆,黔江区,,,,,,,2.0,2.0,
2月27日,地区级,重庆,涪陵区,,,,,,,5.0,2.0,
2月27日,地区级,重庆,渝中区,,1.0,,,,,20.0,17.0,
2月27日,地区级,重庆,大渡口区,,,,,,,7.0,6.0,
2月27日,地区级,重庆,江北区,,1.0,,,,,28.0,17.0,
2月27日,地区级,重庆,沙坪坝区,,,,,,,9.0,3.0,
2月27日,地区级,重庆,九龙坡区,,1.0,,,,,21.0,13.0,1.0
2月27日,地区级,重庆,南岸区,,,,,,,15.0,8.0,
2月27日,地区级,重庆,北碚区,,,,,,,,,
2月27日,地区级,重庆,渝北区,,2.0,,,,,17.0,13.0,
2月27日,地区级,重庆,巴南区,,,,,,,6.0,3.0,
2月27日,地区级,重庆,长寿区,,,,,,,22.0,14.0,
2月27日,地区级,重庆,江津区,,,,,,,4.0,4.0,
2月27日,地区级,重庆,合川区,,,,,,,23.0,15.0,
2月27日,地区级,重庆,永川区,,,,,,,5.0,5.0,
2月27日,地区级,重庆,南川区,,,,,,,,,
2月27日,地区级,重庆,綦江区,,,,,,,23.0,13.0,
2月27日,地区级,重庆,大足区,,,,,,,14.0,10.0,
2月27日,地区级,重庆,璧山区,,,,,,,9.0,8.0,
2月27日,地区级,重庆,铜梁区,,,,,,,10.0,4.0,
2月27日,地区级,重庆,潼南区,,,,,,,18.0,7.0,
2月27日,地区级,重庆,荣昌区,,,,,,,9.0,6.0,
2月27日,地区级,重庆,开州区,,1.0,,,,,21.0,19.0,1.0
2月27日,地区级,重庆,梁平区,,,,,,,4.0,4.0,
2月27日,地区级,重庆,武隆区,,,,,,,1.0,1.0,
2月27日,地区级,重庆,城口县,,,,,,,2.0,2.0,
2月27日,地区级,重庆,丰都县,,1.0,,,,,10.0,5.0,
2月27日,地区级,重庆,垫江县,,2.0,,,,,20.0,12.0,
2月27日,地区级,重庆,忠县,,,,,,,21.0,18.0,
2月27日,地区级,重庆,云阳县,,,,,,,25.0,21.0,
2月27日,地区级,重庆,奉节县,,4.0,,,,,22.0,17.0,
2月27日,地区级,重庆,巫山县,,,,,,,10.0,8.0,
2月27日,地区级,重庆,巫溪县,,,,,,,14.0,12.0,
2月27日,地区级,重庆,石柱县,,1.0,,,,,15.0,12.0,
2月27日,地区级,重庆,秀山县,,,,,,,1.0,1.0,
2月27日,地区级,重庆,酉阳县,,,,,,,1.0,,
2月27日,地区级,重庆,彭水县,,,,,,,2.0,1.0,
2月27日,地区级,重庆,两江新区,,1.0,,,,,17.0,13.0,
2月27日,地区级,重庆,高新区,,,,,,,4.0,4.0,
2月27日,地区级,重庆,万盛经开区,,,,,,,1.0,,
2月27日,省级,重庆,,,17.0,,,,,576.0,401.0,6.0
2月27日,地区级,宁夏,银川,,2.0,,,,,33.0,32.0,
2月27日,地区级,宁夏,吴忠,,1.0,,,,,28.0,26.0,
2月27日,地区级,宁夏,固原,,,,,,,5.0,5.0,
2月27日,地区级,宁夏,中卫,,,,,,,4.0,3.0,
2月27日,地区级,宁夏,宁东,,,,,,,1.0,1.0,
2月27日,地区级,宁夏,石嘴山,,,,,,,1.0,1.0,
2月27日,地区级,宁夏,地区待确认,,,,,,,,,
2月27日,省级,宁夏,,,3.0,,,,,72.0,68.0,
2月27日,地区级,安徽,合肥,,3.0,,,,,174.0,,
2月27日,地区级,安徽,淮北,,,,,,,27.0,,
2月27日,地区级,安徽,亳州,,10.0,,,,,108.0,,
2月27日,地区级,安徽,宿州,,3.0,,,,,41.0,,
2月27日,地区级,安徽,蚌埠,,9.0,,,,,160.0,,
2月27日,地区级,安徽,阜阳,,7.0,,,,,155.0,,
2月27日,地区级,安徽,滁州,,1.0,,,,,13.0,,
2月27日,地区级,安徽,六安,,5.0,,,,,69.0,,
2月27日,地区级,安徽,铜陵,,4.0,,,,,29.0,,
2月27日,地区级,安徽,马鞍山,,,,,,,38.0,,
2月27日,地区级,安徽,池州,,,,,,,17.0,,
2月27日,地区级,安徽,安庆,,5.0,,,,,83.0,,
2月27日,地区级,安徽,淮南,,1.0,,,,,27.0,,
2月27日,地区级,安徽,芜湖,1.0,2.0,,,,,34.0,,
2月27日,地区级,安徽,宣城,,,,,,,6.0,,
2月27日,地区级,安徽,黄山,,,,,,,9.0,,
2月27日,省级,安徽,,1.0,50.0,,,,,990.0,814.0,6.0
2月27日,地区级,福建,地区待确认,,,,,,,,,
2月27日,地区级,福建,厦门,,3.0,,,,,35.0,34.0,
2月27日,地区级,福建,漳州,,,,,,,20.0,15.0,
2月27日,地区级,福建,泉州,,1.0,,,,,47.0,30.0,
2月27日,地区级,福建,南平,,1.0,,,,,20.0,13.0,
2月27日,地区级,福建,福州,,2.0,,,,,72.0,67.0,1.0
2月27日,地区级,福建,莆田,,,,,,,56.0,36.0,
2月27日,地区级,福建,宁德,,,,,,,26.0,23.0,
2月27日,地区级,福建,三明,,,,,,,14.0,8.0,
2月27日,地区级,福建,龙岩,,,,,,,6.0,6.0,
2月27日,省级,福建,,,7.0,,,,,296.0,232.0,1.0
2月27日,地区级,云南,昆明,,,,,,,53.0,48.0,
2月27日,地区级,云南,西双版纳州,,2.0,,,,,15.0,14.0,1.0
2月27日,地区级,云南,玉溪,,,,,,,14.0,12.0,1.0
2月27日,地区级,云南,昭通,,,,,,,25.0,15.0,
2月27日,地区级,云南,曲靖,,2.0,,,,,13.0,12.0,
2月27日,地区级,云南,大理,,,,,,,13.0,12.0,
2月27日,地区级,云南,保山,,,,,,,9.0,8.0,
2月27日,地区级,云南,丽江,,,,,,,7.0,7.0,
2月27日,地区级,云南,红河,,2.0,,,,,9.0,7.0,
2月27日,地区级,云南,德宏州,,,,,,,5.0,4.0,
2月27日,地区级,云南,楚雄州,,,,,,,4.0,4.0,
2月27日,地区级,云南,普洱,,,,,,,4.0,4.0,
2月27日,地区级,云南,文山州,,,,,,,2.0,2.0,
2月27日,地区级,云南,临沧,,,,,,,1.0,1.0,
2月27日,地区级,云南,地区待确认,,,,,,,,,
2月27日,省级,云南,,,6.0,,,,,174.0,150.0,2.0
2月27日,地区级,甘肃,兰州,,,,,,,36.0,32.0,
2月27日,地区级,甘肃,嘉峪关,,,,,,,,,
2月27日,地区级,甘肃,金昌,,,,,,,1.0,1.0,
2月27日,地区级,甘肃,白银,,1.0,,,,,4.0,4.0,
2月27日,地区级,甘肃,天水,,,,,,,12.0,12.0,
2月27日,地区级,甘肃,武威,,,,,,,,,
2月27日,地区级,甘肃,张掖,,,,,,,2.0,2.0,
2月27日,地区级,甘肃,平凉,,,,,,,9.0,6.0,
2月27日,地区级,甘肃,酒泉,,,,,,,,,
2月27日,地区级,甘肃,庆阳,,,,,,,3.0,2.0,
2月27日,地区级,甘肃,定西,,,,,,,9.0,8.0,
2月27日,地区级,甘肃,陇南,,,,,,,4.0,4.0,
2月27日,地区级,甘肃,临夏,,,,,,,3.0,3.0,
2月27日,地区级,甘肃,甘南州,,,,,,,8.0,8.0,
2月27日,地区级,甘肃,地区待确认,,,,,,,,,2.0
2月27日,省级,甘肃,,,1.0,,,,,91.0,82.0,2.0
2月27日,地区级,山西,太原,,2.0,,,,,20.0,18.0,
2月27日,地区级,山西,大同,,,,,,,12.0,8.0,
2月27日,地区级,山西,阳泉,,,,,,,4.0,4.0,
2月27日,地区级,山西,长治,,,,,,,8.0,7.0,
2月27日,地区级,山西,晋城,,,,,,,10.0,7.0,
2月27日,地区级,山西,朔州,,,,,,,8.0,6.0,
2月27日,地区级,山西,晋中,,1.0,,,,,37.0,26.0,
2月27日,地区级,山西,运城,,,,,,,19.0,18.0,
2月27日,地区级,山西,忻州,,,,,,,7.0,5.0,
2月27日,地区级,山西,临汾,,,,,,,2.0,2.0,
2月27日,地区级,山西,吕梁,,,,,,,6.0,6.0,
2月27日,地区级,山西,地区待确认,,,,,,,,,
2月27日,省级,山西,,,3.0,,,,,133.0,107.0,
2月27日,地区级,黑龙江,哈尔滨,,7.0,,,,,198.0,85.0,4.0
2月27日,地区级,黑龙江,齐齐哈尔,,5.0,,,,,43.0,33.0,1.0
2月27日,地区级,黑龙江,鸡西,,2.0,,,,,46.0,29.0,
2月27日,地区级,黑龙江,鹤岗,,,,,,,5.0,4.0,
2月27日,地区级,黑龙江,双鸭山,,,,,,,52.0,29.0,3.0
2月27日,地区级,黑龙江,大庆,,2.0,,,,,26.0,16.0,1.0
2月27日,地区级,黑龙江,伊春,,1.0,,,,,1.0,1.0,
2月27日,地区级,黑龙江,佳木斯,,,,,,,15.0,15.0,
2月27日,地区级,黑龙江,七台河,,1.0,,,,,17.0,13.0,
2月27日,地区级,黑龙江,牡丹江,,,,,,,14.0,9.0,
2月27日,地区级,黑龙江,黑河,,,,,,,14.0,9.0,
2月27日,地区级,黑龙江,绥化,,,,,,,47.0,35.0,4.0
2月27日,地区级,黑龙江,大兴安岭,,,,,,,2.0,2.0,
2月27日,省级,黑龙江,,,18.0,,,,,480.0,280.0,13.0
2月27日,地区级,吉林,长春,,2.0,,,,,45.0,35.0,
2月27日,地区级,吉林,吉林,,,,,,,5.0,5.0,
2月27日,地区级,吉林,四平,,1.0,,,,,21.0,16.0,1.0
2月27日,地区级,吉林,辽源,,,,,,,7.0,2.0,
2月27日,地区级,吉林,通化,,,,,,,7.0,3.0,
2月27日,地区级,吉林,白山,,,,,,,,,
2月27日,地区级,吉林,松原,,,,,,,2.0,2.0,
2月27日,地区级,吉林,白城,,,,,,,1.0,,
2月27日,地区级,吉林,延边,,,,,,,5.0,5.0,
2月27日,省级,吉林,,,3.0,,,,,93.0,68.0,1.0
2月27日,地区级,辽宁,沈阳,,,,,,,28.0,23.0,
2月27日,地区级,辽宁,大连,,,,,,,19.0,12.0,
2月27日,地区级,辽宁,鞍山,,,,,,,4.0,1.0,
2月27日,地区级,辽宁,抚顺,,,,,,,,,
2月27日,地区级,辽宁,本溪,,,,,,,3.0,3.0,
2月27日,地区级,辽宁,丹东,,,,,,,7.0,6.0,
2月27日,地区级,辽宁,锦州,,,,,,,12.0,11.0,
2月27日,地区级,辽宁,营口,,,,,,,1.0,1.0,
2月27日,地区级,辽宁,阜新,,,,,,,8.0,8.0,
2月27日,地区级,辽宁,辽阳,,,,,,,3.0,3.0,
2月27日,地区级,辽宁,盘锦,,1.0,,,,,11.0,11.0,
2月27日,地区级,辽宁,铁岭,,,,,,,7.0,5.0,
2月27日,地区级,辽宁,朝阳市,,,,,,,6.0,3.0,
2月27日,地区级,辽宁,葫芦岛,,,,,,,12.0,6.0,1.0
2月27日,省级,辽宁,,,1.0,,,,,121.0,93.0,1.0
2月27日,地区级,广西,南宁,,2.0,,,,,55.0,,
2月27日,地区级,广西,柳州,,,,,,,24.0,,
2月27日,地区级,广西,桂林,,,,,,,32.0,,
2月27日,地区级,广西,梧州,,,,,,,5.0,,
2月27日,地区级,广西,北海,,3.0,,,,,44.0,,1.0
2月27日,地区级,广西,防城港,,,,,,,19.0,,
2月27日,地区级,广西,钦州,,,,,,,8.0,,
2月27日,地区级,广西,贵港,,1.0,,,,,8.0,,
2月27日,地区级,广西,玉林,,,,,,,11.0,,
2月27日,地区级,广西,百色,,,,,,,3.0,,
2月27日,地区级,广西,贺州,,,,,,,4.0,,
2月27日,地区级,广西,河池,,,,,,,28.0,,1.0
2月27日,地区级,广西,来宾,,1.0,,,,,11.0,,
2月27日,地区级,广西,地区待确认,,,,,,,,,
2月27日,省级,广西,,,7.0,,,,,252.0,166.0,2.0
2月27日,地区级,贵州,贵阳,,,,,,,36.0,27.0,1.0
2月27日,地区级,贵州,六盘水,,,,,,,10.0,8.0,1.0
2月27日,地区级,贵州,铜仁,,,,,,,10.0,10.0,
2月27日,地区级,贵州,黔东南州,,,,,,,10.0,10.0,
2月27日,地区级,贵州,遵义,,,,,,,32.0,19.0,
2月27日,地区级,贵州,安顺,,,,,,,4.0,4.0,
2月27日,地区级,贵州,黔南州,,,,,,,17.0,15.0,
2月27日,地区级,贵州,毕节,,,,,,,23.0,15.0,
2月27日,地区级,贵州,黔西南州,,,,,,,4.0,4.0,
2月27日,省级,贵州,,,,,,,,146.0,112.0,2.0
2月27日,地区级,河北,沧州,,4.0,,,,,48.0,39.0,3.0
2月27日,地区级,河北,唐山,,4.0,,,,,58.0,40.0,1.0
2月27日,地区级,河北,张家口,1.0,1.0,,,,,41.0,33.0,
2月27日,地区级,河北,保定,,,,,,,32.0,42.0,
2月27日,地区级,河北,邯郸,,1.0,,,,,32.0,30.0,
2月27日,地区级,河北,廊坊,,,,,,,30.0,30.0,
2月27日,地区级,河北,石家庄,,2.0,,,,,29.0,24.0,
2月27日,地区级,河北,邢台,,,,,,,23.0,22.0,1.0
2月27日,地区级,河北,秦皇岛,,1.0,,,,,10.0,9.0,1.0
2月27日,地区级,河北,衡水,,,,,,,8.0,8.0,
2月27日,地区级,河北,承德,,,,,,,7.0,7.0,
2月27日,地区级,河北,地区待确认,,,,,,,,,
2月27日,省级,河北,,1.0,13.0,,,,,318.0,274.0,6.0
2月27日,地区级,陕西,西安,,3.0,,,,,120.0,95.0,1.0
2月27日,地区级,陕西,宝鸡,,,,,,,13.0,12.0,
2月27日,地区级,陕西,咸阳,,,,,,,18.0,15.0,
2月27日,地区级,陕西,铜川,,,,,,,8.0,8.0,
2月27日,地区级,陕西,渭南,,,,,,,16.0,9.0,
2月27日,地区级,陕西,延安,,,,,,,8.0,8.0,
2月27日,地区级,陕西,榆林,,,,,,,3.0,3.0,
2月27日,地区级,陕西,汉中,,,,,,,26.0,10.0,
2月27日,地区级,陕西,安康,,,,,,,26.0,20.0,
2月27日,地区级,陕西,商洛,,,,,,,7.0,6.0,
2月27日,地区级,陕西,地区待确认,,,,,,,,11.0,
2月27日,省级,陕西,,,3.0,,,,,245.0,197.0,1.0
2月27日,地区级,上海,外地来沪,,2.0,,,,,111.0,91.0,
2月27日,地区级,上海,徐汇,,,,,,,18.0,15.0,
2月27日,地区级,上海,浦东,,1.0,,,,,60.0,51.0,
2月27日,地区级,上海,宝山,,,,,,,21.0,13.0,
2月27日,地区级,上海,闵行,,,,,,,19.0,17.0,
2月27日,地区级,上海,静安,,,,,,,16.0,13.0,
2月27日,地区级,上海,松江,,,,,,,14.0,11.0,
2月27日,地区级,上海,长宁,,,,,,,13.0,13.0,
2月27日,地区级,上海,普陀,,,,,,,11.0,9.0,
2月27日,地区级,上海,杨浦,,1.0,,,,,9.0,8.0,
2月27日,地区级,上海,嘉定,,,,,,,9.0,6.0,
2月27日,地区级,上海,奉贤,,,,,,,9.0,8.0,
2月27日,地区级,上海,虹口,,,,,,,7.0,6.0,
2月27日,地区级,上海,黄浦,,,,,,,6.0,4.0,
2月27日,地区级,上海,青浦,,,,,,,6.0,5.0,
2月27日,地区级,上海,金山,,,,,,,4.0,3.0,
2月27日,地区级,上海,崇明,,,,,,,4.0,3.0,
2月27日,地区级,上海,地区待确认,,,,,,,,,
2月27日,省级,上海,,,4.0,,,,,337.0,276.0,3.0
2月27日,地区级,天津,宝坻区,,1.0,,,,,60.0,40.0,2.0
2月27日,地区级,天津,河东区,,,,,,,15.0,11.0,1.0
2月27日,地区级,天津,河北区,,,,,,,12.0,10.0,
2月27日,地区级,天津,和平区,,,,,,,6.0,5.0,
2月27日,地区级,天津,河西区,,,,,,,4.0,4.0,
2月27日,地区级,天津,宁河区,,1.0,,,,,4.0,2.0,
2月27日,地区级,天津,东丽区,,,,,,,4.0,4.0,
2月27日,地区级,天津,西青区,,,,,,,4.0,4.0,
2月27日,地区级,天津,南开区,,2.0,,,,,6.0,4.0,
2月27日,地区级,天津,滨海新区,,,,,,,3.0,3.0,
2月27日,地区级,天津,红桥区,,,,,,,2.0,2.0,
2月27日,地区级,天津,津南区,1.0,,,,,,2.0,1.0,
2月27日,地区级,天津,北辰区,,1.0,,,,,6.0,4.0,
2月27日,地区级,天津,武清区,,,,,,,2.0,2.0,
2月27日,地区级,天津,外地来津,,1.0,,,,,6.0,6.0,
2月27日,省级,天津,,1.0,6.0,,,,,136.0,102.0,3.0
2月27日,地区级,西藏,拉萨,,,,,,,1.0,1.0,
2月27日,省级,西藏,,,,,,,,1.0,1.0,
2月27日,地区级,浙江,杭州,,6.0,,,,,169.0,151.0,
2月27日,地区级,浙江,宁波,,4.0,,,,,157.0,138.0,
2月27日,地区级,浙江,温州,,30.0,,,,,504.0,384.0,1.0
2月27日,地区级,浙江,湖州,,2.0,,,,,10.0,9.0,
2月27日,地区级,浙江,嘉兴,,,,,,,45.0,32.0,
2月27日,地区级,浙江,绍兴,,5.0,,,,,42.0,36.0,
2月27日,地区级,浙江,金华,,7.0,,,,,55.0,50.0,
2月27日,地区级,浙江,衢州,,,,,,,14.0,11.0,
2月27日,地区级,浙江,舟山,,1.0,,,,,10.0,7.0,
2月27日,地区级,浙江,台州,,2.0,,,,,146.0,103.0,
2月27日,地区级,浙江,丽水,,3.0,,,,,17.0,17.0,
2月27日,地区级,浙江,省十里丰监狱,,2.0,,,,,36.0,5.0,
2月27日,省级,浙江,,,62.0,,,,,1205.0,943.0,1.0
2月27日,地区级,北京,东城,,,,,,,13.0,,
2月27日,地区级,北京,西城,,,,,,,53.0,,
2月27日,地区级,北京,朝阳,,,,,,,70.0,,
2月27日,地区级,北京,丰台,,,,,,,42.0,,
2月27日,地区级,北京,石景山,,,,,,,14.0,,
2月27日,地区级,北京,海淀,,,,,,,62.0,,
2月27日,地区级,北京,门头沟,,,,,,,3.0,,
2月27日,地区级,北京,房山,,,,,,,16.0,,
2月27日,地区级,北京,通州,,,,,,,19.0,,
2月27日,地区级,北京,顺义,,,,,,,10.0,,
2月27日,地区级,北京,昌平,,,,,,,29.0,,
2月27日,地区级,北京,大兴,,,,,,,39.0,,
2月27日,地区级,北京,怀柔,,,,,,,7.0,,
2月27日,地区级,北京,平谷,,,,,,,,,
2月27日,地区级,北京,密云,,,,,,,7.0,,
2月27日,地区级,北京,延庆,,,,,,,1.0,,
2月27日,地区级,北京,外地来京,,,,,,,25.0,,
2月27日,地区级,北京,地区待确认,,9.0,2.0,,,,,257.0,7.0
2月27日,省级,北京,,,9.0,2.0,,,,410.0,257.0,7.0
2月27日,地区级,澳门,澳门,,1.0,,,,,10.0,8.0,
2月27日,省级,澳门,,,1.0,,,,,10.0,8.0,
2月27日,国家级,,,327.0,3622.0,44.0,,,,78824.0,36117.0,2788.0
2月27日,地区级,台湾,台湾,,1.0,,,,,32.0,6.0,1.0
2月27日,省级,台湾,,,1.0,,,,,32.0,6.0,1.0
2月27日,地区级,香港,香港,2.0,2.0,,,,,93.0,26.0,2.0
2月27日,省级,香港,,2.0,2.0,,,,,93.0,26.0,2.0
2月27日,地区级,广东,深圳,,10.0,,,,,417.0,281.0,3.0
2月27日,地区级,广东,广州,,10.0,,,,,346.0,240.0,1.0
2月27日,地区级,广东,珠海,,2.0,,,,,98.0,63.0,1.0
2月27日,地区级,广东,佛山,,,,,,,84.0,36.0,
2月27日,地区级,广东,东莞,1.0,3.0,,,,,98.0,43.0,1.0
2月27日,地区级,广东,中山,,,,,,,66.0,55.0,
2月27日,地区级,广东,惠州,,2.0,,,,,62.0,54.0,
2月27日,地区级,广东,汕头,,,,,,,25.0,22.0,
2月27日,地区级,广东,江门,,,,,,,23.0,11.0,
2月27日,地区级,广东,湛江,,3.0,,,,,22.0,17.0,
2月27日,地区级,广东,肇庆,,,,,,,19.0,13.0,1.0
2月27日,地区级,广东,梅州,,,,,,,16.0,12.0,
2月27日,地区级,广东,阳江,,,,,,,14.0,10.0,
2月27日,地区级,广东,茂名,,,,,,,14.0,7.0,
2月27日,地区级,广东,清远,,,,,,,12.0,12.0,
2月27日,地区级,广东,韶关,,,,,,,10.0,7.0,
2月27日,地区级,广东,揭阳,,,,,,,8.0,5.0,
2月27日,地区级,广东,汕尾,,,,,,,5.0,2.0,
2月27日,地区级,广东,潮州,,,,,,,5.0,4.0,
2月27日,地区级,广东,河源,,,,,,,4.0,3.0,
2月27日,地区级,广东,地区待确认,,16.0,,,,,,,
2月27日,地区级,广东,地区待确认,,,,,,,,,
2月27日,地区级,广东,地区待确认,,,,,,,,22.0,
2月27日,省级,广东,,1.0,46.0,,,,,1348.0,919.0,7.0
2月27日,地区级,四川,成都,,2.0,,,,,143.0,85.0,
2月27日,地区级,四川,自贡,,1.0,,,,,9.0,9.0,
2月27日,地区级,四川,攀枝花,,,,,,,16.0,16.0,
2月27日,地区级,四川,泸州,,3.0,,,,,24.0,20.0,
2月27日,地区级,四川,德阳,,1.0,,,,,18.0,10.0,
2月27日,地区级,四川,绵阳,,,,,,,22.0,14.0,
2月27日,地区级,四川,广元,,,,,,,6.0,6.0,
2月27日,地区级,四川,遂宁,,2.0,,,,,17.0,15.0,
2月27日,地区级,四川,内江,,3.0,,,,,22.0,18.0,
2月27日,地区级,四川,乐山,,,,,,,3.0,3.0,
2月27日,地区级,四川,南充,,,,,,,39.0,23.0,
2月27日,地区级,四川,宜宾,,,,,,,12.0,10.0,
2月27日,地区级,四川,广安,,1.0,,,,,30.0,21.0,
2月27日,地区级,四川,达州,,1.0,,,,,42.0,21.0,
2月27日,地区级,四川,巴中,,,,,,,24.0,11.0,
2月27日,地区级,四川,雅安,,,,,,,7.0,6.0,
2月27日,地区级,四川,眉山,,,,,,,8.0,6.0,
2月27日,地区级,四川,资阳,,,,,,,4.0,2.0,
2月27日,地区级,四川,阿坝,,,,,,,1.0,1.0,
2月27日,地区级,四川,甘孜,4.0,2.0,,,,,78.0,20.0,
2月27日,地区级,四川,凉山,,,,,,,13.0,9.0,
2月27日,地区级,四川,地区待确认,,,,,,,,,
2月27日,地区级,四川,地区待确认,,,,,,,,,
2月27日,地区级,四川,地区待确认,,,,,,,,,3.0
2月27日,省级,四川,,4.0,16.0,,,,,538.0,326.0,3.0
2月27日,地区级,湖北,武汉,313.0,2498.0,28.0,,,,48137.0,15826.0,2132.0
2月27日,地区级,湖北,孝感,1.0,173.0,1.0,,,,3517.0,1795.0,114.0
2月27日,地区级,湖北,黄冈,,93.0,4.0,,,,2904.0,2041.0,114.0
2月27日,地区级,湖北,随州,,47.0,1.0,,,,1307.0,740.0,38.0
2月27日,地区级,湖北,荆州,,46.0,1.0,,,,1579.0,913.0,46.0
2月27日,地区级,湖北,襄阳,,52.0,1.0,,,,1175.0,753.0,32.0
2月27日,地区级,湖北,黄石,,40.0,,,,,1013.0,653.0,33.0
2月27日,地区级,湖北,宜昌,2.0,33.0,1.0,,,,931.0,429.0,31.0
2月27日,地区级,湖北,荆门,1.0,26.0,,,,,924.0,534.0,37.0
2月27日,地区级,湖北,鄂州,,74.0,1.0,,,,1389.0,685.0,43.0
2月27日,地区级,湖北,咸宁,,37.0,,,,,836.0,644.0,11.0
2月27日,地区级,湖北,十堰,,17.0,3.0,,,,671.0,389.0,6.0
2月27日,地区级,湖北,仙桃,,32.0,,,,,575.0,388.0,19.0
2月27日,地区级,湖北,天门,,25.0,,,,,496.0,332.0,13.0
2月27日,地区级,湖北,恩施州,,8.0,,,,,251.0,172.0,4.0
2月27日,地区级,湖北,潜江,1.0,2.0,,,,,198.0,99.0,9.0
2月27日,地区级,湖北,神农架,,,,,,,11.0,10.0,
2月27日,地区级,湖北,监狱系统,,,,,,,,,
2月27日,地区级,湖北,地区待确认,,,,,,,,,
2月27日,省级,湖北,,318.0,3203.0,41.0,0.0,,,65914.0,26403.0,2682.0
2月27日,地区级,湖南,长沙,,8.0,,,,,242.0,172.0,2.0
2月27日,地区级,湖南,株洲,,,,,,,80.0,56.0,
2月27日,地区级,湖南,湘潭,,4.0,,,,,36.0,33.0,
2月27日,地区级,湖南,衡阳,,,,,,,48.0,38.0,
2月27日,地区级,湖南,邵阳,,2.0,,,,,102.0,92.0,1.0
2月27日,地区级,湖南,岳阳,,6.0,,,,,156.0,113.0,1.0
2月27日,地区级,湖南,常德,,2.0,,,,,82.0,69.0,
2月27日,地区级,湖南,张家界,,,,,,,5.0,5.0,
2月27日,地区级,湖南,益阳,,2.0,,,,,59.0,58.0,
2月27日,地区级,湖南,郴州,,1.0,,,,,39.0,34.0,
2月27日,地区级,湖南,永州,,,,,,,44.0,42.0,
2月27日,地区级,湖南,怀化,,,,,,,40.0,40.0,
2月27日,地区级,湖南,娄底,,2.0,,,,,76.0,60.0,
2月27日,地区级,湖南,湘西自治州,,,,,,,8.0,8.0,
2月27日,省级,湖南,,,27.0,,,,,1017.0,820.0,4.0
2月27日,地区级,江西,南昌,1.0,5.0,,,,,230.0,198.0,
2月27日,地区级,江西,景德镇,,,,,,,6.0,3.0,
2月27日,地区级,江西,萍乡,,3.0,,,,,33.0,23.0,
2月27日,地区级,江西,九江,,11.0,,,,,118.0,91.0,
2月27日,地区级,江西,新余,,3.0,,,,,130.0,118.0,
2月27日,地区级,江西,鹰潭,,1.0,,,,,18.0,12.0,
2月27日,地区级,江西,赣州,,2.0,,,,,76.0,63.0,1.0
2月27日,地区级,江西,吉安,,2.0,,,,,22.0,15.0,
2月27日,地区级,江西,宜春,,1.0,,,,,106.0,96.0,
2月27日,地区级,江西,抚州,,,,,,,72.0,61.0,
2月27日,地区级,江西,上饶,,8.0,,,,,123.0,109.0,
2月27日,地区级,江西,赣江新区,,,,,,,1.0,1.0,
2月27日,省级,江西,,1.0,36.0,,,,,935.0,790.0,1.0
2月27日,地区级,青海,西宁,,,,,,,15.0,15.0,
2月27日,地区级,青海,海东,,,,,,,,,
2月27日,地区级,青海,海北州,,,,,,,3.0,3.0,
2月27日,地区级,青海,黄南州,,,,,,,,,
2月27日,地区级,青海,海南州,,,,,,,,,
2月27日,地区级,青海,果洛州,,,,,,,,,
2月27日,地区级,青海,玉树州,,,,,,,,,
2月27日,地区级,青海,海西州,,,,,,,,,
2月27日,地区级,青海,地区待确认,,,,,,,,,
2月27日,省级,青海,,,,,,,,18.0,18.0,
2月27日,地区级,河南,信阳,,,,,,,274.0,,
2月27日,地区级,河南,南阳,,,,,,,156.0,,
2月27日,地区级,河南,郑州,,,,,,,157.0,,
2月27日,地区级,河南,驻马店,,,,,,,139.0,124.0,
2月27日,地区级,河南,商丘,,,,,,,91.0,,
2月27日,地区级,河南,周口,,,,,,,76.0,,
2月27日,地区级,河南,平顶山,,,,,,,58.0,,
2月27日,地区级,河南,新乡,,,,,,,57.0,48.0,
2月27日,地区级,河南,安阳,,,,,,,53.0,,
2月27日,地区级,河南,许昌,,,,,,,39.0,,
2月27日,地区级,河南,漯河,,,,,,,35.0,,
2月27日,地区级,河南,洛阳,,,,,,,31.0,,
2月27日,地区级,河南,焦作,,,,,,,32.0,,
2月27日,地区级,河南,开封,,,,,,,26.0,16.0,
2月27日,地区级,河南,鹤壁,,,,,,,19.0,,
2月27日,地区级,河南,濮阳,,,,,,,17.0,,
2月27日,地区级,河南,三门峡,,,,,,,7.0,,
2月27日,地区级,河南,济源示范区,,,,,,,5.0,,
2月27日,地区级,河南,地区待确认,,41.0,,,,,,915.0,20.0
2月27日,省级,河南,,,41.0,,,,,1272.0,1103.0,20.0
2月27日,地区级,海南,海口,,1.0,,,,,39.0,31.0,
2月27日,地区级,海南,三亚,,,,,,,54.0,44.0,1.0
2月27日,地区级,海南,三沙,,,,,,,,,
2月27日,地区级,海南,儋州,,,,,,,15.0,12.0,1.0
2月27日,地区级,海南,五指山,,,,,,,,,
2月27日,地区级,海南,琼海,,,,,,,6.0,4.0,1.0
2月27日,地区级,海南,文昌,,,,,,,3.0,3.0,
2月27日,地区级,海南,万宁,,1.0,,,,,13.0,12.0,
2月27日,地区级,海南,东方,,,,,,,3.0,2.0,
2月27日,地区级,海南,定安县,,,,,,,3.0,2.0,1.0
2月27日,地区级,海南,屯昌县,,,,,,,,,
2月27日,地区级,海南,澄迈县,,1.0,,,,,9.0,6.0,1.0
2月27日,地区级,海南,临高县,,,,,,,6.0,6.0,
2月27日,地区级,海南,白沙县,,,,,,,,,
2月27日,地区级,海南,昌江县,,1.0,,,,,7.0,4.0,
2月27日,地区级,海南,乐东,,,,,,,2.0,2.0,
2月27日,地区级,海南,陵水县,,,,,,,4.0,3.0,
2月27日,地区级,海南,保亭,,,,,,,3.0,1.0,
2月27日,地区级,海南,琼中县,,,,,,,1.0,1.0,
2月27日,地区级,海南,地区待确认,,,,,-1.0,,,,
2月27日,省级,海南,,,4.0,,,-1.0,,168.0,132.0,5.0
2月28日,地区级,新疆,乌鲁木齐,,2.0,,,,,23.0,,
2月28日,地区级,新疆,伊犁州,,2.0,,,,,18.0,,
2月28日,地区级,新疆,昌吉州,,,,,,,4.0,,
2月28日,地区级,新疆,巴州,,,,,,,3.0,,
2月28日,地区级,新疆,阿克苏,,,,,,,1.0,,
2月28日,地区级,新疆,吐鲁番,,,,,,,3.0,,
2月28日,地区级,新疆,兵团第四师,,2.0,,,,,10.0,,
2月28日,地区级,新疆,兵团第六师,,1.0,,,,,2.0,,
2月28日,地区级,新疆,兵团第七师,,,,,,,1.0,,
2月28日,地区级,新疆,兵团第八师,,1.0,,,,,4.0,,
2月28日,地区级,新疆,兵团第九师,,1.0,,,,,4.0,,
2月28日,地区级,新疆,兵团第十二师,,,,,,,3.0,,
2月28日,省级,新疆,,0.0,9.0,0.0,0.0,,,76.0,52.0,3.0
2月28日,地区级,江苏,南京,,,,,,,93.0,58.0,
2月28日,地区级,江苏,无锡,,1.0,,,,,55.0,48.0,
2月28日,地区级,江苏,徐州,,,,,,,79.0,71.0,
2月28日,地区级,江苏,常州,,,,,,,51.0,48.0,
2月28日,地区级,江苏,苏州,,3.0,,,,,87.0,62.0,
2月28日,地区级,江苏,南通,,,,,,,40.0,37.0,
2月28日,地区级,江苏,连云港,,,,,,,48.0,35.0,
2月28日,地区级,江苏,淮安,,5.0,,,,,66.0,55.0,
2月28日,地区级,江苏,盐城,,2.0,,,,,27.0,27.0,
2月28日,地区级,江苏,扬州,,2.0,,,,,23.0,19.0,
2月28日,地区级,江苏,镇江,,,,,,,12.0,10.0,
2月28日,地区级,江苏,泰州,,,,,,,37.0,37.0,
2月28日,地区级,江苏,宿迁,,,,,,,13.0,12.0,
2月28日,地区级,江苏,地区待确认,,,,,,,,,
2月28日,省级,江苏,,,13.0,,,,,631.0,519.0,
2月28日,地区级,山东,济南,,1.0,,,,,47.0,26.0,
2月28日,地区级,山东,青岛,,3.0,,,,,60.0,48.0,1.0
2月28日,地区级,山东,淄博,,3.0,,,,,30.0,21.0,1.0
2月28日,地区级,山东,枣庄,,,,,,,24.0,22.0,
2月28日,地区级,山东,东营,,,,,,,,,
2月28日,地区级,山东,烟台,,2.0,,,,,47.0,30.0,
2月28日,地区级,山东,潍坊,,5.0,,,,,44.0,29.0,
2月28日,地区级,山东,济宁,,2.0,,,,,58.0,45.0,
2月28日,地区级,山东,泰安,,2.0,,,,,35.0,26.0,2.0
2月28日,地区级,山东,威海,,,,,,,38.0,28.0,
2月28日,地区级,山东,日照,,,,,,,16.0,12.0,
2月28日,地区级,山东,临沂,,,,,,,49.0,45.0,
2月28日,地区级,山东,德州,,2.0,,,,,37.0,17.0,2.0
2月28日,地区级,山东,聊城,,1.0,,,,,38.0,33.0,
2月28日,地区级,山东,滨州,,,,,,,15.0,12.0,
2月28日,地区级,山东,菏泽,,,,,,,18.0,17.0,
2月28日,地区级,山东,任城监狱,,,,,,,200.0,,
2月28日,省级,山东,,,21.0,,,,,756.0,411.0,6.0
2月28日,地区级,宁夏,银川,1.0,,,,,,34.0,32.0,
2月28日,地区级,宁夏,吴忠,,,,,,,28.0,26.0,
2月28日,地区级,宁夏,固原,,,,,,,5.0,5.0,
2月28日,地区级,宁夏,中卫,,,,,,,4.0,3.0,
2月28日,地区级,宁夏,宁东,,,,,,,1.0,1.0,
2月28日,地区级,宁夏,石嘴山,,,,,,,1.0,1.0,
2月28日,地区级,宁夏,地区待确认,,,,,,,,,
2月28日,省级,宁夏,,1.0,,,,,,73.0,68.0,
2月28日,地区级,天津,宝坻区,,2.0,,,,,60.0,42.0,2.0
2月28日,地区级,天津,河东区,,,,,,,15.0,11.0,1.0
2月28日,地区级,天津,河北区,,,,,,,12.0,10.0,
2月28日,地区级,天津,和平区,,,,,,,6.0,5.0,
2月28日,地区级,天津,河西区,,,,,,,4.0,4.0,
2月28日,地区级,天津,宁河区,,,,,,,4.0,2.0,
2月28日,地区级,天津,东丽区,,,,,,,4.0,4.0,
2月28日,地区级,天津,西青区,,,,,,,4.0,4.0,
2月28日,地区级,天津,南开区,,,,,,,6.0,4.0,
2月28日,地区级,天津,滨海新区,,,,,,,3.0,3.0,
2月28日,地区级,天津,红桥区,,,,,,,2.0,2.0,
2月28日,地区级,天津,津南区,,,,,,,2.0,1.0,
2月28日,地区级,天津,北辰区,,1.0,,,,,6.0,5.0,
2月28日,地区级,天津,武清区,,,,,,,2.0,2.0,
2月28日,地区级,天津,外地来津,,,,,,,6.0,6.0,
2月28日,省级,天津,,,3.0,,,,,136.0,105.0,3.0
2月28日,地区级,上海,外地来沪,,,,,,,111.0,91.0,
2月28日,地区级,上海,徐汇,,,,,,,18.0,15.0,
2月28日,地区级,上海,浦东,,1.0,,,,,60.0,52.0,
2月28日,地区级,上海,宝山,,,,,,,21.0,13.0,
2月28日,地区级,上海,闵行,,1.0,,,,,19.0,18.0,
2月28日,地区级,上海,静安,,,,,,,16.0,13.0,
2月28日,地区级,上海,松江,,,,,,,14.0,11.0,
2月28日,地区级,上海,长宁,,,,,,,13.0,13.0,
2月28日,地区级,上海,普陀,,,,,,,11.0,9.0,
2月28日,地区级,上海,杨浦,,,,,,,9.0,8.0,
2月28日,地区级,上海,嘉定,,1.0,,,,,9.0,7.0,
2月28日,地区级,上海,奉贤,,,,,,,9.0,8.0,
2月28日,地区级,上海,虹口,,,,,,,7.0,6.0,
2月28日,地区级,上海,黄浦,,,,,,,6.0,4.0,
2月28日,地区级,上海,青浦,,,,,,,6.0,5.0,
2月28日,地区级,上海,金山,,,,,,,4.0,3.0,
2月28日,地区级,上海,崇明,,,,,,,4.0,3.0,
2月28日,地区级,上海,地区待确认,,,,,,,,,
2月28日,省级,上海,,,3.0,,,,,337.0,279.0,3.0
2月28日,地区级,内蒙古,通辽,,,,,,,7.0,2.0,
2月28日,地区级,内蒙古,鄂尔多斯,,,,,,,11.0,9.0,
2月28日,地区级,内蒙古,包头,,1.0,,,,,11.0,6.0,
2月28日,地区级,内蒙古,赤峰,,,,,,,9.0,8.0,
2月28日,地区级,内蒙古,巴彦淖尔,,,,,,,8.0,6.0,
2月28日,地区级,内蒙古,锡林郭勒,,,,,,,9.0,2.0,
2月28日,地区级,内蒙古,呼和浩特,,2.0,,,,,7.0,4.0,
2月28日,地区级,内蒙古,呼伦贝尔,,,,,,,7.0,4.0,
2月28日,地区级,内蒙古,乌兰察布,,,,,,,3.0,2.0,
2月28日,地区级,内蒙古,兴安盟,,,,,,,1.0,1.0,
2月28日,地区级,内蒙古,乌海,,,,,,,2.0,2.0,
2月28日,省级,内蒙古,,,3.0,,,,,75.0,46.0,
2月28日,地区级,西藏,拉萨,,,,,,,1.0,1.0,
2月28日,省级,西藏,,,,,,,,1.0,1.0,
2月28日,地区级,安徽,合肥,,2.0,,,,,174.0,,
2月28日,地区级,安徽,淮北,,,,,,,27.0,,
2月28日,地区级,安徽,亳州,,1.0,,,,,108.0,,
2月28日,地区级,安徽,宿州,,1.0,,,,,41.0,,
2月28日,地区级,安徽,蚌埠,,5.0,,,,,160.0,,
2月28日,地区级,安徽,阜阳,,9.0,,,,,155.0,,
2月28日,地区级,安徽,滁州,,,,,,,13.0,,
2月28日,地区级,安徽,六安,,2.0,,,,,69.0,,
2月28日,地区级,安徽,铜陵,,2.0,,,,,29.0,,
2月28日,地区级,安徽,马鞍山,,5.0,,,,,38.0,,
2月28日,地区级,安徽,池州,,,,,,,17.0,,
2月28日,地区级,安徽,安庆,,1.0,,,,,83.0,,
2月28日,地区级,安徽,淮南,,,,,,,27.0,,
2月28日,地区级,安徽,芜湖,,,,,,,34.0,,
2月28日,地区级,安徽,宣城,,,,,,,6.0,,
2月28日,地区级,安徽,黄山,,,,,,,9.0,,
2月28日,省级,安徽,,,28.0,,,,,990.0,842.0,6.0
2月28日,地区级,浙江,杭州,,8.0,,,,,169.0,159.0,
2月28日,地区级,浙江,宁波,,7.0,,,,,157.0,145.0,
2月28日,地区级,浙江,温州,,21.0,,,,,504.0,405.0,1.0
2月28日,地区级,浙江,湖州,,,,,,,10.0,9.0,
2月28日,地区级,浙江,嘉兴,,3.0,,,,,45.0,35.0,
2月28日,地区级,浙江,绍兴,,,,,,,42.0,36.0,
2月28日,地区级,浙江,金华,,1.0,,,,,55.0,51.0,
2月28日,地区级,浙江,衢州,,1.0,,,,,14.0,12.0,
2月28日,地区级,浙江,舟山,,,,,,,10.0,7.0,
2月28日,地区级,浙江,台州,,3.0,,,,,146.0,106.0,
2月28日,地区级,浙江,丽水,,,,,,,17.0,17.0,
2月28日,地区级,浙江,省十里丰监狱,,,,,,,36.0,5.0,
2月28日,省级,浙江,,,44.0,,,,,1205.0,987.0,1.0
2月28日,地区级,青海,西宁,,,,,,,15.0,15.0,
2月28日,地区级,青海,海东,,,,,,,,,
2月28日,地区级,青海,海北州,,,,,,,3.0,3.0,
2月28日,地区级,青海,黄南州,,,,,,,,,
2月28日,地区级,青海,海南州,,,,,,,,,
2月28日,地区级,青海,果洛州,,,,,,,,,
2月28日,地区级,青海,玉树州,,,,,,,,,
2月28日,地区级,青海,海西州,,,,,,,,,
2月28日,地区级,青海,地区待确认,,,,,,,,,
2月28日,省级,青海,,,,,,,,18.0,18.0,
2月28日,地区级,广西,南宁,,2.0,,,,,55.0,,
2月28日,地区级,广西,柳州,,,,,,,24.0,,
2月28日,地区级,广西,桂林,,,,,,,32.0,,
2月28日,地区级,广西,梧州,,,,,,,5.0,,
2月28日,地区级,广西,北海,,1.0,,,,,44.0,,1.0
2月28日,地区级,广西,防城港,,2.0,,,,,19.0,,
2月28日,地区级,广西,钦州,,,,,,,8.0,,
2月28日,地区级,广西,贵港,,,,,,,8.0,,
2月28日,地区级,广西,玉林,,,,,,,11.0,,
2月28日,地区级,广西,百色,,,,,,,3.0,,
2月28日,地区级,广西,贺州,,,,,,,4.0,,
2月28日,地区级,广西,河池,,,,,,,28.0,,1.0
2月28日,地区级,广西,来宾,,1.0,,,,,11.0,,
2月28日,地区级,广西,地区待确认,,,,,,,,,
2月28日,省级,广西,,,6.0,,,,,252.0,172.0,2.0
2月28日,地区级,贵州,贵阳,,,,,,,36.0,27.0,1.0
2月28日,地区级,贵州,六盘水,,,,,,,10.0,8.0,1.0
2月28日,地区级,贵州,铜仁,,,,,,,10.0,10.0,
2月28日,地区级,贵州,黔东南州,,,,,,,10.0,10.0,
2月28日,地区级,贵州,遵义,,,,,,,32.0,19.0,
2月28日,地区级,贵州,安顺,,,,,,,4.0,4.0,
2月28日,地区级,贵州,黔南州,,,,,,,17.0,15.0,
2月28日,地区级,贵州,毕节,,,,,,,23.0,15.0,
2月28日,地区级,贵州,黔西南州,,,,,,,4.0,4.0,
2月28日,省级,贵州,,,,,,,,146.0,112.0,2.0
2月28日,地区级,甘肃,兰州,,,,,,,36.0,32.0,
2月28日,地区级,甘肃,嘉峪关,,,,,,,,,
2月28日,地区级,甘肃,金昌,,,,,,,1.0,1.0,
2月28日,地区级,甘肃,白银,,,,,,,4.0,4.0,
2月28日,地区级,甘肃,天水,,,,,,,12.0,12.0,
2月28日,地区级,甘肃,武威,,,,,,,,,
2月28日,地区级,甘肃,张掖,,,,,,,2.0,2.0,
2月28日,地区级,甘肃,平凉,,,,,,,9.0,6.0,
2月28日,地区级,甘肃,酒泉,,,,,,,,,
2月28日,地区级,甘肃,庆阳,,,,,,,3.0,2.0,
2月28日,地区级,甘肃,定西,,,,,,,9.0,8.0,
2月28日,地区级,甘肃,陇南,,,,,,,4.0,4.0,
2月28日,地区级,甘肃,临夏,,,,,,,3.0,3.0,
2月28日,地区级,甘肃,甘南州,,,,,,,8.0,8.0,
2月28日,地区级,甘肃,地区待确认,,,,,,,,,2.0
2月28日,省级,甘肃,,,,,,,,91.0,82.0,2.0
2月28日,地区级,湖南,长沙,,2.0,,,,,242.0,174.0,2.0
2月28日,地区级,湖南,株洲,,6.0,,,,,80.0,62.0,
2月28日,地区级,湖南,湘潭,,,,,,,36.0,33.0,
2月28日,地区级,湖南,衡阳,,6.0,,,,,48.0,44.0,
2月28日,地区级,湖南,邵阳,,3.0,,,,,102.0,95.0,1.0
2月28日,地区级,湖南,岳阳,,1.0,,,,,156.0,114.0,1.0
2月28日,地区级,湖南,常德,,3.0,,,,,82.0,72.0,
2月28日,地区级,湖南,张家界,,,,,,,5.0,5.0,
2月28日,地区级,湖南,益阳,1.0,,,,,,60.0,58.0,
2月28日,地区级,湖南,郴州,,,,,,,39.0,34.0,
2月28日,地区级,湖南,永州,,,,,,,44.0,42.0,
2月28日,地区级,湖南,怀化,,,,,,,40.0,40.0,
2月28日,地区级,湖南,娄底,,,,,,,76.0,60.0,
2月28日,地区级,湖南,湘西自治州,,,,,,,8.0,8.0,
2月28日,省级,湖南,,1.0,21.0,,,,,1018.0,841.0,4.0
2月28日,地区级,江西,南昌,,4.0,,,,,230.0,202.0,
2月28日,地区级,江西,景德镇,,,,,,,6.0,3.0,
2月28日,地区级,江西,萍乡,,1.0,,,,,33.0,24.0,
2月28日,地区级,江西,九江,,3.0,,,,,118.0,94.0,
2月28日,地区级,江西,新余,,2.0,,,,,130.0,120.0,
2月28日,地区级,江西,鹰潭,,,,,,,18.0,12.0,
2月28日,地区级,江西,赣州,,7.0,,,,,76.0,70.0,1.0
2月28日,地区级,江西,吉安,,,,,,,22.0,15.0,
2月28日,地区级,江西,宜春,,,,,,,106.0,96.0,
2月28日,地区级,江西,抚州,,2.0,,,,,72.0,63.0,
2月28日,地区级,江西,上饶,,2.0,,,,,123.0,111.0,
2月28日,地区级,江西,赣江新区,,,,,,,1.0,1.0,
2月28日,省级,江西,,,21.0,,,,,935.0,811.0,1.0
2月28日,地区级,澳门,澳门,,,,,,,10.0,8.0,
2月28日,省级,澳门,,,,,,,,10.0,8.0,
2月28日,国家级,,,427.0,2885.0,47.0,,,,79251.0,39002.0,2835.0
2月28日,地区级,陕西,西安,,3.0,,,,,120.0,98.0,1.0
2月28日,地区级,陕西,宝鸡,,,,,,,13.0,12.0,
2月28日,地区级,陕西,咸阳,,,,,,,18.0,15.0,
2月28日,地区级,陕西,铜川,,,,,,,8.0,8.0,
2月28日,地区级,陕西,渭南,,,,,,,16.0,9.0,
2月28日,地区级,陕西,延安,,,,,,,8.0,8.0,
2月28日,地区级,陕西,榆林,,,,,,,3.0,3.0,
2月28日,地区级,陕西,汉中,,,,,,,26.0,10.0,
2月28日,地区级,陕西,安康,,,,,,,26.0,20.0,
2月28日,地区级,陕西,商洛,,,,,,,7.0,6.0,
2月28日,地区级,陕西,地区待确认,,,,,,,,11.0,
2月28日,省级,陕西,,,3.0,,,,,245.0,200.0,1.0
2月28日,地区级,山西,太原,,1.0,,,,,20.0,19.0,
2月28日,地区级,山西,大同,,,,,,,12.0,8.0,
2月28日,地区级,山西,阳泉,,,,,,,4.0,4.0,
2月28日,地区级,山西,长治,,,,,,,8.0,7.0,
2月28日,地区级,山西,晋城,,1.0,,,,,10.0,8.0,
2月28日,地区级,山西,朔州,,1.0,,,,,8.0,7.0,
2月28日,地区级,山西,晋中,,1.0,,,,,37.0,27.0,
2月28日,地区级,山西,运城,,,,,,,19.0,18.0,
2月28日,地区级,山西,忻州,,1.0,,,,,7.0,6.0,
2月28日,地区级,山西,临汾,,,,,,,2.0,2.0,
2月28日,地区级,山西,吕梁,,,,,,,6.0,6.0,
2月28日,地区级,山西,地区待确认,,,,,,,,,
2月28日,省级,山西,,,5.0,,,,,133.0,112.0,
2月28日,地区级,台湾,台湾,2.0,3.0,,,,,34.0,9.0,1.0
2月28日,省级,台湾,,2.0,3.0,,,,,34.0,9.0,1.0
2月28日,地区级,香港,香港,1.0,4.0,,,,,94.0,30.0,2.0
2月28日,省级,香港,,1.0,4.0,,,,,94.0,30.0,2.0
2月28日,地区级,河北,沧州,,2.0,,,,,48.0,41.0,3.0
2月28日,地区级,河北,唐山,,1.0,,,,,58.0,41.0,1.0
2月28日,地区级,河北,张家口,,,,,,,41.0,33.0,
2月28日,地区级,河北,保定,,,,,,,32.0,42.0,
2月28日,地区级,河北,邯郸,,,,,,,32.0,30.0,
2月28日,地区级,河北,廊坊,,,,,,,30.0,30.0,
2月28日,地区级,河北,石家庄,,,,,,,29.0,24.0,
2月28日,地区级,河北,邢台,,,,,,,23.0,22.0,1.0
2月28日,地区级,河北,秦皇岛,,,,,,,10.0,9.0,1.0
2月28日,地区级,河北,衡水,,,,,,,8.0,8.0,
2月28日,地区级,河北,承德,,,,,,,7.0,7.0,
2月28日,地区级,河北,地区待确认,,,,,,,,,
2月28日,省级,河北,,,3.0,,,,,318.0,277.0,6.0
2月28日,地区级,云南,昆明,,,,,,,53.0,48.0,
2月28日,地区级,云南,西双版纳州,,,,,,,15.0,14.0,1.0
2月28日,地区级,云南,玉溪,,,,,,,14.0,12.0,1.0
2月28日,地区级,云南,昭通,,5.0,,,,,25.0,20.0,
2月28日,地区级,云南,曲靖,,,,,,,13.0,12.0,
2月28日,地区级,云南,大理,,,,,,,13.0,12.0,
2月28日,地区级,云南,保山,,,,,,,9.0,8.0,
2月28日,地区级,云南,丽江,,,,,,,7.0,7.0,
2月28日,地区级,云南,红河,,1.0,,,,,9.0,8.0,
2月28日,地区级,云南,德宏州,,,,,,,5.0,4.0,
2月28日,地区级,云南,楚雄州,,,,,,,4.0,4.0,
2月28日,地区级,云南,普洱,,,,,,,4.0,4.0,
2月28日,地区级,云南,文山州,,,,,,,2.0,2.0,
2月28日,地区级,云南,临沧,,,,,,,1.0,1.0,
2月28日,地区级,云南,地区待确认,,,,,,,,,
2月28日,省级,云南,,,6.0,,,,,174.0,156.0,2.0
2月28日,地区级,福建,地区待确认,,,,,,,,,
2月28日,地区级,福建,厦门,,,,,,,35.0,34.0,
2月28日,地区级,福建,漳州,,1.0,,,,,20.0,16.0,
2月28日,地区级,福建,泉州,,1.0,,,,,47.0,31.0,
2月28日,地区级,福建,南平,,1.0,,,,,20.0,14.0,
2月28日,地区级,福建,福州,,2.0,,,,,72.0,69.0,1.0
2月28日,地区级,福建,莆田,,,,,,,56.0,36.0,
2月28日,地区级,福建,宁德,,,,,,,26.0,23.0,
2月28日,地区级,福建,三明,,4.0,,,,,14.0,12.0,
2月28日,地区级,福建,龙岩,,,,,,,6.0,6.0,
2月28日,省级,福建,,,9.0,,,,,296.0,241.0,1.0
2月28日,地区级,北京,东城,,,,,,,13.0,,
2月28日,地区级,北京,西城,,,,,,,53.0,,
2月28日,地区级,北京,朝阳,1.0,,,,,,71.0,,
2月28日,地区级,北京,丰台,,,,,,,42.0,,
2月28日,地区级,北京,石景山,,,,,,,14.0,,
2月28日,地区级,北京,海淀,,,,,,,62.0,,
2月28日,地区级,北京,门头沟,,,,,,,3.0,,
2月28日,地区级,北京,房山,,,,,,,16.0,,
2月28日,地区级,北京,通州,,,,,,,19.0,,
2月28日,地区级,北京,顺义,,,,,,,10.0,,
2月28日,地区级,北京,昌平,,,,,,,29.0,,
2月28日,地区级,北京,大兴,,,,,,,39.0,,
2月28日,地区级,北京,怀柔,,,,,,,7.0,,
2月28日,地区级,北京,平谷,,,,,,,,,
2月28日,地区级,北京,密云,,,,,,,7.0,,
2月28日,地区级,北京,延庆,,,,,,,1.0,,
2月28日,地区级,北京,外地来京,,,,,,,25.0,,
2月28日,地区级,北京,地区待确认,,14.0,1.0,,,,,271.0,8.0
2月28日,省级,北京,,1.0,14.0,1.0,,,,411.0,271.0,8.0
2月28日,地区级,重庆,万州区,,3.0,,,,,118.0,84.0,4.0
2月28日,地区级,重庆,黔江区,,,,,,,2.0,2.0,
2月28日,地区级,重庆,涪陵区,,1.0,,,,,5.0,3.0,
2月28日,地区级,重庆,渝中区,,,,,,,20.0,17.0,
2月28日,地区级,重庆,大渡口区,,,,,,,7.0,6.0,
2月28日,地区级,重庆,江北区,,2.0,,,,,28.0,19.0,
2月28日,地区级,重庆,沙坪坝区,,,,,,,9.0,3.0,
2月28日,地区级,重庆,九龙坡区,,2.0,,,,,21.0,15.0,1.0
2月28日,地区级,重庆,南岸区,,,,,,,15.0,8.0,
2月28日,地区级,重庆,北碚区,,,,,,,,,
2月28日,地区级,重庆,渝北区,,2.0,,,,,17.0,15.0,
2月28日,地区级,重庆,巴南区,,,,,,,6.0,3.0,
2月28日,地区级,重庆,长寿区,,,,,,,22.0,14.0,
2月28日,地区级,重庆,江津区,,,,,,,4.0,4.0,
2月28日,地区级,重庆,合川区,,,,,,,23.0,15.0,
2月28日,地区级,重庆,永川区,,,,,,,5.0,5.0,
2月28日,地区级,重庆,南川区,,,,,,,,,
2月28日,地区级,重庆,綦江区,,1.0,,,,,23.0,14.0,
2月28日,地区级,重庆,大足区,,,,,,,14.0,10.0,
2月28日,地区级,重庆,璧山区,,1.0,,,,,9.0,9.0,
2月28日,地区级,重庆,铜梁区,,3.0,,,,,10.0,7.0,
2月28日,地区级,重庆,潼南区,,1.0,,,,,18.0,8.0,
2月28日,地区级,重庆,荣昌区,,1.0,,,,,9.0,7.0,
2月28日,地区级,重庆,开州区,,,,,,,21.0,19.0,1.0
2月28日,地区级,重庆,梁平区,,,,,,,4.0,4.0,
2月28日,地区级,重庆,武隆区,,,,,,,1.0,1.0,
2月28日,地区级,重庆,城口县,,,,,,,2.0,2.0,
2月28日,地区级,重庆,丰都县,,1.0,,,,,10.0,6.0,
2月28日,地区级,重庆,垫江县,,,,,,,20.0,12.0,
2月28日,地区级,重庆,忠县,,,,,,,21.0,18.0,
2月28日,地区级,重庆,云阳县,,1.0,,,,,25.0,22.0,
2月28日,地区级,重庆,奉节县,,,,,,,22.0,17.0,
2月28日,地区级,重庆,巫山县,,,,,,,10.0,8.0,
2月28日,地区级,重庆,巫溪县,,,,,,,14.0,12.0,
2月28日,地区级,重庆,石柱县,,,,,,,15.0,12.0,
2月28日,地区级,重庆,秀山县,,,,,,,1.0,1.0,
2月28日,地区级,重庆,酉阳县,,1.0,,,,,1.0,1.0,
2月28日,地区级,重庆,彭水县,,,,,,,2.0,1.0,
2月28日,地区级,重庆,两江新区,,1.0,,,,,17.0,14.0,
2月28日,地区级,重庆,高新区,,,,,,,4.0,4.0,
2月28日,地区级,重庆,万盛经开区,,,,,,,1.0,,
2月28日,省级,重庆,,,21.0,,,,,576.0,422.0,6.0
2月28日,地区级,黑龙江,哈尔滨,,9.0,,,,,198.0,94.0,4.0
2月28日,地区级,黑龙江,齐齐哈尔,,,,,,,43.0,33.0,1.0
2月28日,地区级,黑龙江,鸡西,,1.0,,,,,46.0,30.0,
2月28日,地区级,黑龙江,鹤岗,,,,,,,5.0,4.0,
2月28日,地区级,黑龙江,双鸭山,,3.0,,,,,52.0,32.0,3.0
2月28日,地区级,黑龙江,大庆,,1.0,,,,,26.0,17.0,1.0
2月28日,地区级,黑龙江,伊春,,,,,,,1.0,1.0,
2月28日,地区级,黑龙江,佳木斯,,,,,,,15.0,15.0,
2月28日,地区级,黑龙江,七台河,,,,,,,17.0,13.0,
2月28日,地区级,黑龙江,牡丹江,,,,,,,14.0,9.0,
2月28日,地区级,黑龙江,黑河,,1.0,,,,,14.0,10.0,
2月28日,地区级,黑龙江,绥化,,,,,,,47.0,35.0,4.0
2月28日,地区级,黑龙江,大兴安岭,,,,,,,2.0,2.0,
2月28日,省级,黑龙江,,,15.0,,,,,480.0,295.0,13.0
2月28日,地区级,吉林,长春,,2.0,,,,,45.0,37.0,
2月28日,地区级,吉林,吉林,,,,,,,5.0,5.0,
2月28日,地区级,吉林,四平,,,,,,,21.0,16.0,1.0
2月28日,地区级,吉林,辽源,,2.0,,,,,7.0,4.0,
2月28日,地区级,吉林,通化,,1.0,,,,,7.0,4.0,
2月28日,地区级,吉林,白山,,,,,,,,,
2月28日,地区级,吉林,松原,,,,,,,2.0,2.0,
2月28日,地区级,吉林,白城,,,,,,,1.0,,
2月28日,地区级,吉林,延边,,,,,,,5.0,5.0,
2月28日,省级,吉林,,,5.0,,,,,93.0,73.0,1.0
2月28日,地区级,辽宁,沈阳,,1.0,,,,,28.0,24.0,
2月28日,地区级,辽宁,大连,,,,,,,19.0,12.0,
2月28日,地区级,辽宁,鞍山,,,,,,,4.0,1.0,
2月28日,地区级,辽宁,抚顺,,,,,,,,,
2月28日,地区级,辽宁,本溪,,,,,,,3.0,3.0,
2月28日,地区级,辽宁,丹东,,,,,,,7.0,6.0,
2月28日,地区级,辽宁,锦州,,,,,,,12.0,11.0,
2月28日,地区级,辽宁,营口,,,,,,,1.0,1.0,
2月28日,地区级,辽宁,阜新,,,,,,,8.0,8.0,
2月28日,地区级,辽宁,辽阳,,,,,,,3.0,3.0,
2月28日,地区级,辽宁,盘锦,,,,,,,11.0,11.0,
2月28日,地区级,辽宁,铁岭,,,,,,,7.0,5.0,
2月28日,地区级,辽宁,朝阳市,,1.0,,,,,6.0,4.0,
2月28日,地区级,辽宁,葫芦岛,,,,,,,12.0,6.0,1.0
2月28日,省级,辽宁,,,2.0,,,,,121.0,95.0,1.0
2月28日,地区级,湖北,武汉,420.0,1726.0,37.0,,,,48557.0,17552.0,2169.0
2月28日,地区级,湖北,孝感,1.0,252.0,1.0,,,,3518.0,2047.0,115.0
2月28日,地区级,湖北,黄冈,,78.0,1.0,,,,2904.0,2119.0,115.0
2月28日,地区级,湖北,随州,,57.0,2.0,,,,1307.0,797.0,40.0
2月28日,地区级,湖北,荆州,,52.0,,,,,1579.0,965.0,46.0
2月28日,地区级,湖北,襄阳,,49.0,1.0,,,,1175.0,802.0,33.0
2月28日,地区级,湖北,黄石,,22.0,1.0,,,,1013.0,675.0,34.0
2月28日,地区级,湖北,宜昌,,33.0,,,,,931.0,462.0,31.0
2月28日,地区级,湖北,荆门,,29.0,,,,,924.0,563.0,37.0
2月28日,地区级,湖北,鄂州,1.0,62.0,1.0,,,,1390.0,747.0,44.0
2月28日,地区级,湖北,咸宁,,33.0,,,,,836.0,677.0,11.0
2月28日,地区级,湖北,十堰,,32.0,1.0,,,,671.0,421.0,7.0
2月28日,地区级,湖北,仙桃,,20.0,,,,,575.0,408.0,19.0
2月28日,地区级,湖北,天门,,30.0,,,,,496.0,362.0,13.0
2月28日,地区级,湖北,恩施州,1.0,9.0,,,,,252.0,181.0,4.0
2月28日,地区级,湖北,潜江,,8.0,,,,,198.0,107.0,9.0
2月28日,地区级,湖北,神农架,,,,,,,11.0,10.0,
2月28日,地区级,湖北,监狱系统,,,,,,,,,
2月28日,地区级,湖北,地区待确认,,,,,,,,,
2月28日,省级,湖北,,423.0,2492.0,45.0,,,,66337.0,28895.0,2727.0
2月28日,地区级,四川,成都,,3.0,,,,,143.0,88.0,
2月28日,地区级,四川,自贡,,,,,,,9.0,9.0,
2月28日,地区级,四川,攀枝花,,,,,,,16.0,16.0,
2月28日,地区级,四川,泸州,,,,,,,24.0,20.0,
2月28日,地区级,四川,德阳,,,,,,,18.0,10.0,
2月28日,地区级,四川,绵阳,,1.0,,,,,22.0,15.0,
2月28日,地区级,四川,广元,,,,,,,6.0,6.0,
2月28日,地区级,四川,遂宁,,,,,,,17.0,15.0,
2月28日,地区级,四川,内江,,,,,,,22.0,18.0,
2月28日,地区级,四川,乐山,,,,,,,3.0,3.0,
2月28日,地区级,四川,南充,,,,,,,39.0,23.0,
2月28日,地区级,四川,宜宾,,,,,,,12.0,10.0,
2月28日,地区级,四川,广安,,2.0,,,,,30.0,23.0,
2月28日,地区级,四川,达州,,5.0,,,,,42.0,26.0,
2月28日,地区级,四川,巴中,,1.0,,,,,24.0,12.0,
2月28日,地区级,四川,雅安,,,,,,,7.0,6.0,
2月28日,地区级,四川,眉山,,,,,,,8.0,6.0,
2月28日,地区级,四川,资阳,,,,,,,4.0,2.0,
2月28日,地区级,四川,阿坝,,,,,,,1.0,1.0,
2月28日,地区级,四川,甘孜,,11.0,,,,,78.0,31.0,
2月28日,地区级,四川,凉山,,1.0,,,,,13.0,10.0,
2月28日,地区级,四川,地区待确认,,,,,,,,,
2月28日,地区级,四川,地区待确认,,,,,,,,,
2月28日,地区级,四川,地区待确认,,,,,,,,,3.0
2月28日,省级,四川,,,24.0,,,,,538.0,350.0,3.0
2月28日,地区级,海南,海口,,1.0,,,,,39.0,32.0,
2月28日,地区级,海南,三亚,,,,,,,54.0,44.0,1.0
2月28日,地区级,海南,三沙,,,,,,,,,
2月28日,地区级,海南,儋州,,,,,,,15.0,12.0,1.0
2月28日,地区级,海南,五指山,,,,,,,,,
2月28日,地区级,海南,琼海,,1.0,,,,,6.0,5.0,1.0
2月28日,地区级,海南,文昌,,,,,,,3.0,3.0,
2月28日,地区级,海南,万宁,,,,,,,13.0,12.0,
2月28日,地区级,海南,东方,,,,,,,3.0,2.0,
2月28日,地区级,海南,定安县,,,,,,,3.0,2.0,1.0
2月28日,地区级,海南,屯昌县,,,,,,,,,
2月28日,地区级,海南,澄迈县,,,,,,,9.0,6.0,1.0
2月28日,地区级,海南,临高县,,,,,,,6.0,6.0,
2月28日,地区级,海南,白沙县,,,,,,,,,
2月28日,地区级,海南,昌江县,,2.0,,,,,7.0,6.0,
2月28日,地区级,海南,乐东,,,,,,,2.0,2.0,
2月28日,地区级,海南,陵水县,,,,,,,4.0,3.0,
2月28日,地区级,海南,保亭,,,,,,,3.0,1.0,
2月28日,地区级,海南,琼中县,,,,,,,1.0,1.0,
2月28日,地区级,海南,地区待确认,,,,,,,,-1.0,
2月28日,省级,海南,,,4.0,,,,,168.0,136.0,5.0
2月28日,地区级,广东,深圳,,,,,,,417.0,281.0,3.0
2月28日,地区级,广东,广州,,8.0,,,,,346.0,248.0,1.0
2月28日,地区级,广东,珠海,,8.0,,,,,98.0,71.0,1.0
2月28日,地区级,广东,佛山,,,,,,,84.0,36.0,
2月28日,地区级,广东,东莞,1.0,4.0,,,,,99.0,47.0,1.0
2月28日,地区级,广东,中山,,3.0,,,,,66.0,58.0,
2月28日,地区级,广东,惠州,,1.0,,,,,62.0,55.0,
2月28日,地区级,广东,汕头,,,,,,,25.0,22.0,
2月28日,地区级,广东,江门,,,,,,,23.0,11.0,
2月28日,地区级,广东,湛江,,,,,,,22.0,17.0,
2月28日,地区级,广东,肇庆,,,,,,,19.0,13.0,1.0
2月28日,地区级,广东,梅州,,,,,,,16.0,12.0,
2月28日,地区级,广东,阳江,,1.0,,,,,14.0,11.0,
2月28日,地区级,广东,茂名,,,,,,,14.0,7.0,
2月28日,地区级,广东,清远,,,,,,,12.0,12.0,
2月28日,地区级,广东,韶关,,,,,,,10.0,7.0,
2月28日,地区级,广东,揭阳,,,,,,,8.0,5.0,
2月28日,地区级,广东,汕尾,,,,,,,5.0,2.0,
2月28日,地区级,广东,潮州,,1.0,,,,,5.0,5.0,
2月28日,地区级,广东,河源,,,,,,,4.0,3.0,
2月28日,地区级,广东,地区待确认,,27.0,,,,,,,
2月28日,地区级,广东,地区待确认,,,,,,,,49.0,
2月28日,省级,广东,,1.0,53.0,,,,,1349.0,972.0,7.0
2月28日,地区级,河南,信阳,,,,,,,274.0,,
2月28日,地区级,河南,南阳,,,,,,,156.0,,
2月28日,地区级,河南,郑州,,,,,,,157.0,,
2月28日,地区级,河南,驻马店,,,,,,,139.0,137.0,
2月28日,地区级,河南,商丘,,,,,,,91.0,,
2月28日,地区级,河南,周口,,,,,,,76.0,,
2月28日,地区级,河南,平顶山,,,,,,,58.0,,
2月28日,地区级,河南,新乡,,,,,,,57.0,53.0,
2月28日,地区级,河南,安阳,,,,,,,53.0,,
2月28日,地区级,河南,许昌,,,,,,,39.0,,
2月28日,地区级,河南,漯河,,,,,,,35.0,,
2月28日,地区级,河南,洛阳,,,,,,,31.0,,
2月28日,地区级,河南,焦作,,,,,,,32.0,,
2月28日,地区级,河南,开封,,,,,,,26.0,18.0,
2月28日,地区级,河南,鹤壁,,,,,,,19.0,,
2月28日,地区级,河南,濮阳,,,,,,,17.0,,
2月28日,地区级,河南,三门峡,,,,,,,7.0,,
2月28日,地区级,河南,济源示范区,,,,,,,5.0,,
2月28日,地区级,河南,地区待确认,,58.0,1.0,,,,,953.0,21.0
2月28日,省级,河南,,,58.0,1.0,,,,1272.0,1161.0,21.0
2月29日,地区级,广西,南宁,,4.0,,,,,55.0,,
2月29日,地区级,广西,柳州,,1.0,,,,,24.0,,
2月29日,地区级,广西,桂林,,2.0,,,,,32.0,,
2月29日,地区级,广西,梧州,,,,,,,5.0,,
2月29日,地区级,广西,北海,,,,,,,44.0,,1.0
2月29日,地区级,广西,防城港,,,,,,,19.0,,
2月29日,地区级,广西,钦州,,,,,,,8.0,,
2月29日,地区级,广西,贵港,,,,,,,8.0,,
2月29日,地区级,广西,玉林,,,,,,,11.0,,
2月29日,地区级,广西,百色,,,,,,,3.0,,
2月29日,地区级,广西,贺州,,,,,,,4.0,,
2月29日,地区级,广西,河池,,,,,,,28.0,,1.0
2月29日,地区级,广西,来宾,,,,,,,11.0,,
2月29日,地区级,广西,地区待确认,,,,,,,,,
2月29日,省级,广西,,,7.0,,,,,252.0,179.0,2.0
2月29日,地区级,贵州,贵阳,,,,,,,36.0,27.0,1.0
2月29日,地区级,贵州,六盘水,,,,,,,10.0,8.0,1.0
2月29日,地区级,贵州,铜仁,,,,,,,10.0,10.0,
2月29日,地区级,贵州,黔东南州,,,,,,,10.0,10.0,
2月29日,地区级,贵州,遵义,,,,,,,32.0,19.0,
2月29日,地区级,贵州,安顺,,,,,,,4.0,4.0,
2月29日,地区级,贵州,黔南州,,,,,,,17.0,15.0,
2月29日,地区级,贵州,毕节,,,,,,,23.0,15.0,
2月29日,地区级,贵州,黔西南州,,,,,,,4.0,4.0,
2月29日,省级,贵州,,,,,,,,146.0,112.0,2.0
2月29日,地区级,新疆,乌鲁木齐,,1.0,,,,,23.0,,
2月29日,地区级,新疆,伊犁州,,6.0,,,,,18.0,,
2月29日,地区级,新疆,昌吉州,,,,,,,4.0,,
2月29日,地区级,新疆,巴州,,,,,,,3.0,,
2月29日,地区级,新疆,阿克苏,,,,,,,1.0,,
2月29日,地区级,新疆,吐鲁番,,,,,,,3.0,,
2月29日,地区级,新疆,兵团第四师,,3.0,,,,,10.0,,
2月29日,地区级,新疆,兵团第六师,,,,,,,2.0,,
2月29日,地区级,新疆,兵团第七师,,,,,,,1.0,,
2月29日,地区级,新疆,兵团第八师,,,,,,,4.0,,
2月29日,地区级,新疆,兵团第九师,,,,,,,4.0,,
2月29日,地区级,新疆,兵团第十二师,,,,,,,3.0,,
2月29日,省级,新疆,,0.0,10.0,0.0,0.0,,,76.0,62.0,3.0
2月29日,地区级,天津,宝坻区,,3.0,,,,,60.0,45.0,2.0
2月29日,地区级,天津,河东区,,,,,,,15.0,11.0,1.0
2月29日,地区级,天津,河北区,,,,,,,12.0,10.0,
2月29日,地区级,天津,和平区,,,,,,,6.0,5.0,
2月29日,地区级,天津,河西区,,,,,,,4.0,4.0,
2月29日,地区级,天津,宁河区,,1.0,,,,,4.0,3.0,
2月29日,地区级,天津,东丽区,,,,,,,4.0,4.0,
2月29日,地区级,天津,西青区,,,,,,,4.0,4.0,
2月29日,地区级,天津,南开区,,,,,,,6.0,4.0,
2月29日,地区级,天津,滨海新区,,,,,,,3.0,3.0,
2月29日,地区级,天津,红桥区,,,,,,,2.0,2.0,
2月29日,地区级,天津,津南区,,,,,,,2.0,1.0,
2月29日,地区级,天津,北辰区,,,,,,,6.0,5.0,
2月29日,地区级,天津,武清区,,,,,,,2.0,2.0,
2月29日,地区级,天津,外地来津,,,,,,,6.0,6.0,
2月29日,省级,天津,,,4.0,,,,,136.0,109.0,3.0
2月29日,地区级,江苏,南京,,,,,,,93.0,58.0,
2月29日,地区级,江苏,无锡,,1.0,,,,,55.0,49.0,
2月29日,地区级,江苏,徐州,,,,,,,79.0,71.0,
2月29日,地区级,江苏,常州,,,,,,,51.0,48.0,
2月29日,地区级,江苏,苏州,,2.0,,,,,87.0,64.0,
2月29日,地区级,江苏,南通,,,,,,,40.0,37.0,
2月29日,地区级,江苏,连云港,,2.0,,,,,48.0,37.0,
2月29日,地区级,江苏,淮安,,,,,,,66.0,55.0,
2月29日,地区级,江苏,盐城,,,,,,,27.0,27.0,
2月29日,地区级,江苏,扬州,,4.0,,,,,23.0,23.0,
2月29日,地区级,江苏,镇江,,1.0,,,,,12.0,11.0,
2月29日,地区级,江苏,泰州,,,,,,,37.0,37.0,
2月29日,地区级,江苏,宿迁,,,,,,,13.0,12.0,
2月29日,地区级,江苏,地区待确认,,,,,,,,,
2月29日,省级,江苏,,,10.0,,,,,631.0,529.0,
2月29日,地区级,山东,济南,,3.0,,,,,47.0,29.0,
2月29日,地区级,山东,青岛,,3.0,,,,,60.0,51.0,1.0
2月29日,地区级,山东,淄博,,,,,,,30.0,21.0,1.0
2月29日,地区级,山东,枣庄,,,,,,,24.0,22.0,
2月29日,地区级,山东,东营,,,,,,,,,
2月29日,地区级,山东,烟台,,1.0,,,,,47.0,31.0,
2月29日,地区级,山东,潍坊,,,,,,,44.0,29.0,
2月29日,地区级,山东,济宁,,1.0,,,,,58.0,46.0,
2月29日,地区级,山东,泰安,,4.0,,,,,35.0,30.0,2.0
2月29日,地区级,山东,威海,,3.0,,,,,38.0,31.0,
2月29日,地区级,山东,日照,,2.0,,,,,16.0,14.0,
2月29日,地区级,山东,临沂,,1.0,,,,,49.0,46.0,
2月29日,地区级,山东,德州,,1.0,,,,,37.0,18.0,2.0
2月29日,地区级,山东,聊城,,1.0,,,,,38.0,34.0,
2月29日,地区级,山东,滨州,,,,,,,15.0,12.0,
2月29日,地区级,山东,菏泽,,,,,,,18.0,17.0,
2月29日,地区级,山东,任城监狱,,,,,,,200.0,,
2月29日,省级,山东,,,20.0,,,,,756.0,431.0,6.0
2月29日,地区级,宁夏,银川,,,,,,,34.0,32.0,
2月29日,地区级,宁夏,吴忠,,1.0,,,,,28.0,27.0,
2月29日,地区级,宁夏,固原,,,,,,,5.0,5.0,
2月29日,地区级,宁夏,中卫,,,,,,,4.0,3.0,
2月29日,地区级,宁夏,宁东,,,,,,,1.0,1.0,
2月29日,地区级,宁夏,石嘴山,,,,,,,1.0,1.0,
2月29日,地区级,宁夏,地区待确认,,,,,,,,,
2月29日,省级,宁夏,,,1.0,,,,,73.0,69.0,
2月29日,地区级,重庆,万州区,,3.0,,,,,118.0,87.0,4.0
2月29日,地区级,重庆,黔江区,,,,,,,2.0,2.0,
2月29日,地区级,重庆,涪陵区,,,,,,,5.0,3.0,
2月29日,地区级,重庆,渝中区,,,,,,,20.0,17.0,
2月29日,地区级,重庆,大渡口区,,,,,,,7.0,6.0,
2月29日,地区级,重庆,江北区,,2.0,,,,,28.0,21.0,
2月29日,地区级,重庆,沙坪坝区,,,,,,,9.0,3.0,
2月29日,地区级,重庆,九龙坡区,,,,,,,21.0,15.0,1.0
2月29日,地区级,重庆,南岸区,,,,,,,15.0,8.0,
2月29日,地区级,重庆,北碚区,,,,,,,,,
2月29日,地区级,重庆,渝北区,,,,,,,17.0,15.0,
2月29日,地区级,重庆,巴南区,,1.0,,,,,6.0,4.0,
2月29日,地区级,重庆,长寿区,,,,,,,22.0,14.0,
2月29日,地区级,重庆,江津区,,,,,,,4.0,4.0,
2月29日,地区级,重庆,合川区,,3.0,,,,,23.0,18.0,
2月29日,地区级,重庆,永川区,,,,,,,5.0,5.0,
2月29日,地区级,重庆,南川区,,,,,,,,,
2月29日,地区级,重庆,綦江区,,,,,,,23.0,14.0,
2月29日,地区级,重庆,大足区,,,,,,,14.0,10.0,
2月29日,地区级,重庆,璧山区,,,,,,,9.0,9.0,
2月29日,地区级,重庆,铜梁区,,,,,,,10.0,7.0,
2月29日,地区级,重庆,潼南区,,2.0,,,,,18.0,10.0,
2月29日,地区级,重庆,荣昌区,,,,,,,9.0,7.0,
2月29日,地区级,重庆,开州区,,,,,,,21.0,19.0,1.0
2月29日,地区级,重庆,梁平区,,,,,,,4.0,4.0,
2月29日,地区级,重庆,武隆区,,,,,,,1.0,1.0,
2月29日,地区级,重庆,城口县,,,,,,,2.0,2.0,
2月29日,地区级,重庆,丰都县,,,,,,,10.0,6.0,
2月29日,地区级,重庆,垫江县,,2.0,,,,,20.0,14.0,
2月29日,地区级,重庆,忠县,,,,,,,21.0,18.0,
2月29日,地区级,重庆,云阳县,,,,,,,25.0,22.0,
2月29日,地区级,重庆,奉节县,,1.0,,,,,22.0,18.0,
2月29日,地区级,重庆,巫山县,,1.0,,,,,10.0,9.0,
2月29日,地区级,重庆,巫溪县,,,,,,,14.0,12.0,
2月29日,地区级,重庆,石柱县,,,,,,,15.0,12.0,
2月29日,地区级,重庆,秀山县,,,,,,,1.0,1.0,
2月29日,地区级,重庆,酉阳县,,,,,,,1.0,1.0,
2月29日,地区级,重庆,彭水县,,,,,,,2.0,1.0,
2月29日,地区级,重庆,两江新区,,,,,,,17.0,14.0,
2月29日,地区级,重庆,高新区,,,,,,,4.0,4.0,
2月29日,地区级,重庆,万盛经开区,,1.0,,,,,1.0,1.0,
2月29日,省级,重庆,,,16.0,,,,,576.0,438.0,6.0
2月29日,地区级,安徽,合肥,,3.0,,,,,174.0,,
2月29日,地区级,安徽,淮北,,2.0,,,,,27.0,,
2月29日,地区级,安徽,亳州,,1.0,,,,,108.0,,
2月29日,地区级,安徽,宿州,,2.0,,,,,41.0,,
2月29日,地区级,安徽,蚌埠,,3.0,,,,,160.0,,
2月29日,地区级,安徽,阜阳,,6.0,,,,,155.0,,
2月29日,地区级,安徽,滁州,,1.0,,,,,13.0,,
2月29日,地区级,安徽,六安,,2.0,,,,,69.0,,
2月29日,地区级,安徽,铜陵,,1.0,,,,,29.0,,
2月29日,地区级,安徽,马鞍山,,3.0,,,,,38.0,,
2月29日,地区级,安徽,池州,,,,,,,17.0,,
2月29日,地区级,安徽,安庆,,,,,,,83.0,,
2月29日,地区级,安徽,淮南,,,,,,,27.0,,
2月29日,地区级,安徽,芜湖,,1.0,,,,,34.0,,
2月29日,地区级,安徽,宣城,,,,,,,6.0,,
2月29日,地区级,安徽,黄山,,1.0,,,,,9.0,,
2月29日,省级,安徽,,,26.0,,,,,990.0,868.0,6.0
2月29日,地区级,上海,外地来沪,,3.0,,,,,111.0,94.0,
2月29日,地区级,上海,徐汇,,1.0,,,,,18.0,16.0,
2月29日,地区级,上海,浦东,,,,,,,60.0,52.0,
2月29日,地区级,上海,宝山,,1.0,,,,,21.0,14.0,
2月29日,地区级,上海,闵行,,,,,,,19.0,18.0,
2月29日,地区级,上海,静安,,,,,,,16.0,13.0,
2月29日,地区级,上海,松江,,1.0,,,,,14.0,12.0,
2月29日,地区级,上海,长宁,,,,,,,13.0,13.0,
2月29日,地区级,上海,普陀,,1.0,,,,,11.0,10.0,
2月29日,地区级,上海,杨浦,,1.0,,,,,9.0,9.0,
2月29日,地区级,上海,嘉定,,,,,,,9.0,7.0,
2月29日,地区级,上海,奉贤,,,,,,,9.0,8.0,
2月29日,地区级,上海,虹口,,,,,,,7.0,6.0,
2月29日,地区级,上海,黄浦,,,,,,,6.0,4.0,
2月29日,地区级,上海,青浦,,,,,,,6.0,5.0,
2月29日,地区级,上海,金山,,,,,,,4.0,3.0,
2月29日,地区级,上海,崇明,,,,,,,4.0,3.0,
2月29日,地区级,上海,地区待确认,,,,,,,,,
2月29日,省级,上海,,,8.0,,,,,337.0,287.0,3.0
2月29日,地区级,甘肃,兰州,,,,,,,36.0,32.0,
2月29日,地区级,甘肃,嘉峪关,,,,,,,,,
2月29日,地区级,甘肃,金昌,,,,,,,1.0,1.0,
2月29日,地区级,甘肃,白银,,,,,,,4.0,4.0,
2月29日,地区级,甘肃,天水,,,,,,,12.0,12.0,
2月29日,地区级,甘肃,武威,,,,,,,,,
2月29日,地区级,甘肃,张掖,,,,,,,2.0,2.0,
2月29日,地区级,甘肃,平凉,,,,,,,9.0,6.0,
2月29日,地区级,甘肃,酒泉,,,,,,,,,
2月29日,地区级,甘肃,庆阳,,,,,,,3.0,2.0,
2月29日,地区级,甘肃,定西,,,,,,,9.0,8.0,
2月29日,地区级,甘肃,陇南,,,,,,,4.0,4.0,
2月29日,地区级,甘肃,临夏,,,,,,,3.0,3.0,
2月29日,地区级,甘肃,甘南州,,,,,,,8.0,8.0,
2月29日,地区级,甘肃,地区待确认,,,,,,,,,2.0
2月29日,省级,甘肃,,,,,,,,91.0,82.0,2.0
2月29日,地区级,青海,西宁,,,,,,,15.0,15.0,
2月29日,地区级,青海,海东,,,,,,,,,
2月29日,地区级,青海,海北州,,,,,,,3.0,3.0,
2月29日,地区级,青海,黄南州,,,,,,,,,
2月29日,地区级,青海,海南州,,,,,,,,,
2月29日,地区级,青海,果洛州,,,,,,,,,
2月29日,地区级,青海,玉树州,,,,,,,,,
2月29日,地区级,青海,海西州,,,,,,,,,
2月29日,地区级,青海,地区待确认,,,,,,,,,
2月29日,省级,青海,,,,,,,,18.0,18.0,
2月29日,地区级,云南,昆明,,,,,,,53.0,48.0,
2月29日,地区级,云南,西双版纳州,,,,,,,15.0,14.0,1.0
2月29日,地区级,云南,玉溪,,,,,,,14.0,12.0,1.0
2月29日,地区级,云南,昭通,,,,,,,25.0,20.0,
2月29日,地区级,云南,曲靖,,,,,,,13.0,12.0,
2月29日,地区级,云南,大理,,1.0,,,,,13.0,13.0,
2月29日,地区级,云南,保山,,,,,,,9.0,8.0,
2月29日,地区级,云南,丽江,,,,,,,7.0,7.0,
2月29日,地区级,云南,红河,,,,,,,9.0,8.0,
2月29日,地区级,云南,德宏州,,,,,,,5.0,4.0,
2月29日,地区级,云南,楚雄州,,,,,,,4.0,4.0,
2月29日,地区级,云南,普洱,,,,,,,4.0,4.0,
2月29日,地区级,云南,文山州,,,,,,,2.0,2.0,
2月29日,地区级,云南,临沧,,,,,,,1.0,1.0,
2月29日,地区级,云南,地区待确认,,,,,,,,,
2月29日,省级,云南,,,1.0,,,,,174.0,157.0,2.0
2月29日,地区级,广东,深圳,,,,,,,417.0,281.0,3.0
2月29日,地区级,广东,广州,,12.0,,,,,346.0,260.0,1.0
2月29日,地区级,广东,珠海,,4.0,,,,,98.0,75.0,1.0
2月29日,地区级,广东,佛山,,,,,,,84.0,36.0,
2月29日,地区级,广东,东莞,,7.0,,,,,99.0,63.0,1.0
2月29日,地区级,广东,中山,,,,,,,66.0,58.0,
2月29日,地区级,广东,惠州,,3.0,,,,,62.0,58.0,
2月29日,地区级,广东,汕头,,,,,,,25.0,22.0,
2月29日,地区级,广东,江门,,,,,,,23.0,11.0,
2月29日,地区级,广东,湛江,,,,,,,22.0,17.0,
2月29日,地区级,广东,肇庆,,,,,,,19.0,13.0,1.0
2月29日,地区级,广东,梅州,,,,,,,16.0,12.0,
2月29日,地区级,广东,阳江,,,,,,,14.0,11.0,
2月29日,地区级,广东,茂名,,,,,,,14.0,7.0,
2月29日,地区级,广东,清远,,,,,,,12.0,12.0,
2月29日,地区级,广东,韶关,,,,,,,10.0,7.0,
2月29日,地区级,广东,揭阳,,,,,,,8.0,5.0,
2月29日,地区级,广东,汕尾,,,,,,,5.0,2.0,
2月29日,地区级,广东,潮州,,,,,,,5.0,5.0,
2月29日,地区级,广东,河源,,,,,,,4.0,3.0,
2月29日,地区级,广东,地区待确认,,11.0,,,,,,,
2月29日,地区级,广东,地区待确认,,,,,,,,,
2月29日,地区级,广东,地区待确认,,,,,,,,51.0,
2月29日,省级,广东,,,37.0,,,,,1349.0,1009.0,7.0
2月29日,地区级,山西,太原,,,,,,,20.0,19.0,
2月29日,地区级,山西,大同,,,,,,,12.0,8.0,
2月29日,地区级,山西,阳泉,,,,,,,4.0,4.0,
2月29日,地区级,山西,长治,,,,,,,8.0,7.0,
2月29日,地区级,山西,晋城,,,,,,,10.0,8.0,
2月29日,地区级,山西,朔州,,1.0,,,,,8.0,8.0,
2月29日,地区级,山西,晋中,,1.0,,,,,37.0,28.0,
2月29日,地区级,山西,运城,,,,,,,19.0,18.0,
2月29日,地区级,山西,忻州,,,,,,,7.0,6.0,
2月29日,地区级,山西,临汾,,,,,,,2.0,2.0,
2月29日,地区级,山西,吕梁,,,,,,,6.0,6.0,
2月29日,地区级,山西,地区待确认,,,,,,,,,
2月29日,省级,山西,,,2.0,,,,,133.0,114.0,
2月29日,地区级,四川,成都,,,,,,,143.0,88.0,
2月29日,地区级,四川,自贡,,,,,,,9.0,9.0,
2月29日,地区级,四川,攀枝花,,,,,,,16.0,16.0,
2月29日,地区级,四川,泸州,,,,,,,24.0,20.0,
2月29日,地区级,四川,德阳,,,,,,,18.0,10.0,
2月29日,地区级,四川,绵阳,,,,,,,22.0,15.0,
2月29日,地区级,四川,广元,,,,,,,6.0,6.0,
2月29日,地区级,四川,遂宁,,,,,,,17.0,15.0,
2月29日,地区级,四川,内江,,,,,,,22.0,18.0,
2月29日,地区级,四川,乐山,,,,,,,3.0,3.0,
2月29日,地区级,四川,南充,,1.0,,,,,39.0,24.0,
2月29日,地区级,四川,宜宾,,,,,,,12.0,10.0,
2月29日,地区级,四川,广安,,1.0,,,,,30.0,24.0,
2月29日,地区级,四川,达州,,1.0,,,,,42.0,27.0,
2月29日,地区级,四川,巴中,,,,,,,24.0,12.0,
2月29日,地区级,四川,雅安,,,,,,,7.0,6.0,
2月29日,地区级,四川,眉山,,1.0,,,,,8.0,7.0,
2月29日,地区级,四川,资阳,,,,,,,4.0,2.0,
2月29日,地区级,四川,阿坝,,,,,,,1.0,1.0,
2月29日,地区级,四川,甘孜,,9.0,,,,,78.0,40.0,
2月29日,地区级,四川,凉山,,,,,,,13.0,10.0,
2月29日,地区级,四川,地区待确认,,,,,,,,,
2月29日,地区级,四川,地区待确认,,,,,,,,,
2月29日,地区级,四川,地区待确认,,,,,,,,,3.0
2月29日,省级,四川,,,13.0,,,,,538.0,363.0,3.0
2月29日,地区级,河南,信阳,,,,,,,274.0,,
2月29日,地区级,河南,南阳,,,,,,,156.0,,
2月29日,地区级,河南,郑州,,,,,,,157.0,,
2月29日,地区级,河南,驻马店,,,,,,,139.0,137.0,
2月29日,地区级,河南,商丘,,,,,,,91.0,,
2月29日,地区级,河南,周口,,,,,,,76.0,,
2月29日,地区级,河南,平顶山,,,,,,,58.0,,
2月29日,地区级,河南,新乡,,,,,,,57.0,53.0,
2月29日,地区级,河南,安阳,,,,,,,53.0,,
2月29日,地区级,河南,许昌,,,,,,,39.0,,
2月29日,地区级,河南,漯河,,,,,,,35.0,,
2月29日,地区级,河南,洛阳,,,,,,,31.0,,
2月29日,地区级,河南,焦作,,,,,,,32.0,,
2月29日,地区级,河南,开封,,,,,,,26.0,18.0,
2月29日,地区级,河南,鹤壁,,,,,,,19.0,,
2月29日,地区级,河南,濮阳,,,,,,,17.0,,
2月29日,地区级,河南,三门峡,,,,,,,7.0,,
2月29日,地区级,河南,济源示范区,,,,,,,5.0,,
2月29日,地区级,河南,地区待确认,,24.0,1.0,,,,,977.0,22.0
2月29日,省级,河南,,,24.0,1.0,,,,1272.0,1185.0,22.0
2月29日,地区级,湖南,长沙,,4.0,,,,,242.0,178.0,2.0
2月29日,地区级,湖南,株洲,,,,,,,80.0,62.0,
2月29日,地区级,湖南,湘潭,,1.0,,,,,36.0,34.0,
2月29日,地区级,湖南,衡阳,,2.0,,,,,48.0,46.0,
2月29日,地区级,湖南,邵阳,,,,,,,102.0,95.0,1.0
2月29日,地区级,湖南,岳阳,,1.0,,,,,156.0,115.0,1.0
2月29日,地区级,湖南,常德,,,,,,,82.0,72.0,
2月29日,地区级,湖南,张家界,,,,,,,5.0,5.0,
2月29日,地区级,湖南,益阳,,1.0,,,,,60.0,59.0,
2月29日,地区级,湖南,郴州,,1.0,,,,,39.0,35.0,
2月29日,地区级,湖南,永州,,,,,,,44.0,42.0,
2月29日,地区级,湖南,怀化,,,,,,,40.0,40.0,
2月29日,地区级,湖南,娄底,,2.0,,,,,76.0,62.0,
2月29日,地区级,湖南,湘西自治州,,,,,,,8.0,8.0,
2月29日,省级,湖南,,,12.0,,,,,1018.0,853.0,4.0
2月29日,地区级,江西,南昌,,5.0,,,,,230.0,207.0,
2月29日,地区级,江西,景德镇,,,,,,,6.0,3.0,
2月29日,地区级,江西,萍乡,,1.0,,,,,33.0,25.0,
2月29日,地区级,江西,九江,,,,,,,118.0,94.0,
2月29日,地区级,江西,新余,,,,,,,130.0,120.0,
2月29日,地区级,江西,鹰潭,,,,,,,18.0,12.0,
2月29日,地区级,江西,赣州,,1.0,,,,,76.0,71.0,1.0
2月29日,地区级,江西,吉安,,3.0,,,,,22.0,18.0,
2月29日,地区级,江西,宜春,,8.0,,,,,106.0,104.0,
2月29日,地区级,江西,抚州,,2.0,,,,,72.0,65.0,
2月29日,地区级,江西,上饶,,,,,,,123.0,111.0,
2月29日,地区级,江西,赣江新区,,,,,,,1.0,1.0,
2月29日,省级,江西,,,20.0,,,,,935.0,831.0,1.0
2月29日,地区级,海南,海口,,2.0,,,,,39.0,34.0,
2月29日,地区级,海南,三亚,,7.0,,,,,54.0,51.0,1.0
2月29日,地区级,海南,三沙,,,,,,,,,
2月29日,地区级,海南,儋州,,,,,,,15.0,12.0,1.0
2月29日,地区级,海南,五指山,,,,,,,,,
2月29日,地区级,海南,琼海,,,,,,,6.0,5.0,1.0
2月29日,地区级,海南,文昌,,,,,,,3.0,3.0,
2月29日,地区级,海南,万宁,,,,,,,13.0,12.0,
2月29日,地区级,海南,东方,,,,,,,3.0,2.0,
2月29日,地区级,海南,定安县,,,,,,,3.0,2.0,1.0
2月29日,地区级,海南,屯昌县,,,,,,,,,
2月29日,地区级,海南,澄迈县,,,,,,,9.0,6.0,1.0
2月29日,地区级,海南,临高县,,,,,,,6.0,6.0,
2月29日,地区级,海南,白沙县,,,,,,,,,
2月29日,地区级,海南,昌江县,,1.0,,,,,7.0,7.0,
2月29日,地区级,海南,乐东,,,,,,,2.0,2.0,
2月29日,地区级,海南,陵水县,,,,,,,4.0,3.0,
2月29日,地区级,海南,保亭,,2.0,,,,,3.0,3.0,
2月29日,地区级,海南,琼中县,,,,,,,1.0,1.0,
2月29日,地区级,海南,地区待确认,,,,,,,,-1.0,
2月29日,省级,海南,,,12.0,,,,,168.0,148.0,5.0
2月29日,地区级,吉林,长春,,2.0,,,,,45.0,39.0,
2月29日,地区级,吉林,吉林,,,,,,,5.0,5.0,
2月29日,地区级,吉林,四平,,,,,,,21.0,16.0,1.0
2月29日,地区级,吉林,辽源,,,,,,,7.0,4.0,
2月29日,地区级,吉林,通化,,,,,,,7.0,4.0,
2月29日,地区级,吉林,白山,,,,,,,,,
2月29日,地区级,吉林,松原,,,,,,,2.0,2.0,
2月29日,地区级,吉林,白城,,,,,,,1.0,,
2月29日,地区级,吉林,延边,,,,,,,5.0,5.0,
2月29日,省级,吉林,,,2.0,,,,,93.0,75.0,1.0
2月29日,地区级,辽宁,沈阳,,1.0,,,,,28.0,25.0,
2月29日,地区级,辽宁,大连,,3.0,,,,,19.0,15.0,
2月29日,地区级,辽宁,鞍山,,1.0,,,,,4.0,2.0,
2月29日,地区级,辽宁,抚顺,,,,,,,,,
2月29日,地区级,辽宁,本溪,,,,,,,3.0,3.0,
2月29日,地区级,辽宁,丹东,1.0,,,,,,8.0,6.0,
2月29日,地区级,辽宁,锦州,,,,,,,12.0,11.0,
2月29日,地区级,辽宁,营口,,,,,,,1.0,1.0,
2月29日,地区级,辽宁,阜新,,,,,,,8.0,8.0,
2月29日,地区级,辽宁,辽阳,,,,,,,3.0,3.0,
2月29日,地区级,辽宁,盘锦,,,,,,,11.0,11.0,
2月29日,地区级,辽宁,铁岭,,,,,,,7.0,5.0,
2月29日,地区级,辽宁,朝阳市,,,,,,,6.0,4.0,
2月29日,地区级,辽宁,葫芦岛,,1.0,,,,,12.0,7.0,1.0
2月29日,省级,辽宁,,1.0,6.0,,,,,122.0,101.0,1.0
2月29日,地区级,澳门,澳门,,,,,,,10.0,8.0,
2月29日,省级,澳门,,,,,,,,10.0,8.0,
2月29日,地区级,河北,沧州,,1.0,,,,,48.0,42.0,3.0
2月29日,地区级,河北,唐山,,1.0,,,,,58.0,42.0,1.0
2月29日,地区级,河北,张家口,,,,,,,41.0,33.0,
2月29日,地区级,河北,保定,,,,,,,32.0,42.0,
2月29日,地区级,河北,邯郸,,1.0,,,,,32.0,31.0,
2月29日,地区级,河北,廊坊,,,,,,,30.0,30.0,
2月29日,地区级,河北,石家庄,,3.0,,,,,29.0,27.0,
2月29日,地区级,河北,邢台,,,,,,,23.0,22.0,1.0
2月29日,地区级,河北,秦皇岛,,,,,,,10.0,9.0,1.0
2月29日,地区级,河北,衡水,,,,,,,8.0,8.0,
2月29日,地区级,河北,承德,,,,,,,7.0,7.0,
2月29日,地区级,河北,地区待确认,,,,,,,,,
2月29日,省级,河北,,,6.0,,,,,318.0,283.0,6.0
2月29日,地区级,黑龙江,哈尔滨,,29.0,,,,,198.0,123.0,4.0
2月29日,地区级,黑龙江,齐齐哈尔,,,,,,,43.0,33.0,1.0
2月29日,地区级,黑龙江,鸡西,,1.0,,,,,46.0,31.0,
2月29日,地区级,黑龙江,鹤岗,,,,,,,5.0,4.0,
2月29日,地区级,黑龙江,双鸭山,,4.0,,,,,52.0,36.0,3.0
2月29日,地区级,黑龙江,大庆,,,,,,,26.0,17.0,1.0
2月29日,地区级,黑龙江,伊春,,,,,,,1.0,1.0,
2月29日,地区级,黑龙江,佳木斯,,,,,,,15.0,15.0,
2月29日,地区级,黑龙江,七台河,,,,,,,17.0,13.0,
2月29日,地区级,黑龙江,牡丹江,,,,,,,14.0,9.0,
2月29日,地区级,黑龙江,黑河,,1.0,,,,,14.0,11.0,
2月29日,地区级,黑龙江,绥化,,,,,,,47.0,35.0,4.0
2月29日,地区级,黑龙江,大兴安岭,,,,,,,2.0,2.0,
2月29日,省级,黑龙江,,,35.0,,,,,480.0,330.0,13.0
2月29日,国家级,,,573.0,2623.0,35.0,,,,79824.0,41625.0,2870.0
2月29日,地区级,台湾,台湾,5.0,,,,,,39.0,9.0,1.0
2月29日,省级,台湾,,5.0,,,,,,39.0,9.0,1.0
2月29日,地区级,香港,香港,1.0,3.0,,,,,95.0,33.0,2.0
2月29日,省级,香港,,1.0,3.0,,,,,95.0,33.0,2.0
2月29日,地区级,西藏,拉萨,,,,,,,1.0,1.0,
2月29日,省级,西藏,,,,,,,,1.0,1.0,
2月29日,地区级,北京,东城,,,,,,,13.0,,
2月29日,地区级,北京,西城,,,,,,,53.0,,
2月29日,地区级,北京,朝阳,,,,,,,71.0,,
2月29日,地区级,北京,丰台,,,,,,,42.0,,
2月29日,地区级,北京,石景山,,,,,,,14.0,,
2月29日,地区级,北京,海淀,,,,,,,62.0,,
2月29日,地区级,北京,门头沟,,,,,,,3.0,,
2月29日,地区级,北京,房山,,,,,,,16.0,,
2月29日,地区级,北京,通州,,,,,,,19.0,,
2月29日,地区级,北京,顺义,,,,,,,10.0,,
2月29日,地区级,北京,昌平,,,,,,,29.0,,
2月29日,地区级,北京,大兴,,,,,,,39.0,,
2月29日,地区级,北京,怀柔,,,,,,,7.0,,
2月29日,地区级,北京,平谷,,,,,,,,,
2月29日,地区级,北京,密云,,,,,,,7.0,,
2月29日,地区级,北京,延庆,,,,,,,1.0,,
2月29日,地区级,北京,外地来京,2.0,,,,,,27.0,,
2月29日,地区级,北京,地区待确认,,5.0,,,,,,276.0,8.0
2月29日,省级,北京,,2.0,5.0,,,,,413.0,276.0,8.0
2月29日,地区级,福建,地区待确认,,,,,,,,,
2月29日,地区级,福建,厦门,,,,,,,35.0,34.0,
2月29日,地区级,福建,漳州,,,,,,,20.0,16.0,
2月29日,地区级,福建,泉州,,1.0,,,,,47.0,32.0,
2月29日,地区级,福建,南平,,,,,,,20.0,14.0,
2月29日,地区级,福建,福州,,1.0,,,,,72.0,70.0,1.0
2月29日,地区级,福建,莆田,,,,,,,56.0,36.0,
2月29日,地区级,福建,宁德,,,,,,,26.0,23.0,
2月29日,地区级,福建,三明,,,,,,,14.0,12.0,
2月29日,地区级,福建,龙岩,,,,,,,6.0,6.0,
2月29日,省级,福建,,,2.0,,,,,296.0,243.0,1.0
2月29日,地区级,浙江,杭州,,5.0,,,,,169.0,164.0,
2月29日,地区级,浙江,宁波,,3.0,,,,,157.0,148.0,
2月29日,地区级,浙江,温州,,27.0,,,,,504.0,432.0,1.0
2月29日,地区级,浙江,湖州,,,,,,,10.0,9.0,
2月29日,地区级,浙江,嘉兴,,3.0,,,,,45.0,38.0,
2月29日,地区级,浙江,绍兴,,,,,,,42.0,36.0,
2月29日,地区级,浙江,金华,,,,,,,55.0,51.0,
2月29日,地区级,浙江,衢州,,,,,,,14.0,12.0,
2月29日,地区级,浙江,舟山,,1.0,,,,,10.0,8.0,
2月29日,地区级,浙江,台州,,1.0,,,,,146.0,107.0,
2月29日,地区级,浙江,丽水,,,,,,,17.0,17.0,
2月29日,地区级,浙江,省十里丰监狱,,,,,,,36.0,5.0,
2月29日,省级,浙江,,,40.0,,,,,1205.0,1027.0,1.0
2月29日,地区级,内蒙古,通辽,,1.0,,,,,7.0,3.0,
2月29日,地区级,内蒙古,鄂尔多斯,,1.0,,,,,11.0,10.0,
2月29日,地区级,内蒙古,包头,,,,,,,11.0,6.0,
2月29日,地区级,内蒙古,赤峰,,,,,,,9.0,8.0,
2月29日,地区级,内蒙古,巴彦淖尔,,1.0,,,,,8.0,7.0,
2月29日,地区级,内蒙古,锡林郭勒,,1.0,,,,,9.0,3.0,
2月29日,地区级,内蒙古,呼和浩特,,,,,,,7.0,4.0,
2月29日,地区级,内蒙古,呼伦贝尔,,1.0,,,,,7.0,5.0,
2月29日,地区级,内蒙古,乌兰察布,,,,,,,3.0,2.0,
2月29日,地区级,内蒙古,兴安盟,,,,,,,1.0,1.0,
2月29日,地区级,内蒙古,乌海,,,,,,,2.0,2.0,
2月29日,省级,内蒙古,,,5.0,,,,,75.0,51.0,
2月29日,地区级,陕西,西安,,,,,,,120.0,100.0,1.0
2月29日,地区级,陕西,宝鸡,,,,,,,13.0,12.0,
2月29日,地区级,陕西,咸阳,,,,,,,18.0,17.0,
2月29日,地区级,陕西,铜川,,,,,,,8.0,6.0,
2月29日,地区级,陕西,渭南,,,,,,,16.0,10.0,
2月29日,地区级,陕西,延安,,,,,,,8.0,8.0,
2月29日,地区级,陕西,榆林,,,,,,,3.0,3.0,
2月29日,地区级,陕西,汉中,,,,,,,26.0,22.0,
2月29日,地区级,陕西,安康,,,,,,,26.0,23.0,
2月29日,地区级,陕西,商洛,,,,,,,7.0,6.0,
2月29日,地区级,陕西,地区待确认,,7.0,,,,,,,
2月29日,省级,陕西,,,7.0,,,,,245.0,207.0,1.0
